date,compartment,y_025,y_25,y_median,y_mean,y_75,y_975,scenario,country,iso3c,report_date,version,death_calibrated
2020-11-16,hospital_demand,0,0,0,0,0,0,Additional 50% Reduction,Mongolia,MNG,2021-05-03,v8,TRUE
2020-11-16,ICU_demand,0,0,0,0,0,0,Additional 50% Reduction,Mongolia,MNG,2021-05-03,v8,TRUE
2020-11-16,infections,0,0,0,0,0,0,Additional 50% Reduction,Mongolia,MNG,2021-05-03,v8,TRUE
2020-11-16,prevalence,5,5,5,5,5,5,Additional 50% Reduction,Mongolia,MNG,2021-05-03,v8,TRUE
2020-11-16,cumulative_infections,0,0,0,0,0,0,Additional 50% Reduction,Mongolia,MNG,2021-05-03,v8,TRUE
2020-11-16,Rt,0.95,0.97,0.98,0.98,1,1.02,Additional 50% Reduction,Mongolia,MNG,2021-05-03,v8,TRUE
2020-11-16,Reff,0.95,0.97,0.98,0.98,1,1.02,Additional 50% Reduction,Mongolia,MNG,2021-05-03,v8,TRUE
2020-11-16,hospital_demand,0,0,0,0,0,0,Maintain Status Quo,Mongolia,MNG,2021-05-03,v8,TRUE
2020-11-16,ICU_demand,0,0,0,0,0,0,Maintain Status Quo,Mongolia,MNG,2021-05-03,v8,TRUE
2020-11-16,infections,0,0,0,0,0,0,Maintain Status Quo,Mongolia,MNG,2021-05-03,v8,TRUE
2020-11-16,prevalence,5,5,5,5,5,5,Maintain Status Quo,Mongolia,MNG,2021-05-03,v8,TRUE
2020-11-16,cumulative_infections,0,0,0,0,0,0,Maintain Status Quo,Mongolia,MNG,2021-05-03,v8,TRUE
2020-11-16,Rt,0.95,0.97,0.98,0.98,1,1.02,Maintain Status Quo,Mongolia,MNG,2021-05-03,v8,TRUE
2020-11-16,Reff,0.95,0.97,0.98,0.98,1,1.02,Maintain Status Quo,Mongolia,MNG,2021-05-03,v8,TRUE
2020-11-16,hospital_demand,0,0,0,0,0,0,Relax Interventions 50%,Mongolia,MNG,2021-05-03,v8,TRUE
2020-11-16,ICU_demand,0,0,0,0,0,0,Relax Interventions 50%,Mongolia,MNG,2021-05-03,v8,TRUE
2020-11-16,infections,0,0,0,0,0,0,Relax Interventions 50%,Mongolia,MNG,2021-05-03,v8,TRUE
2020-11-16,prevalence,5,5,5,5,5,5,Relax Interventions 50%,Mongolia,MNG,2021-05-03,v8,TRUE
2020-11-16,cumulative_infections,0,0,0,0,0,0,Relax Interventions 50%,Mongolia,MNG,2021-05-03,v8,TRUE
2020-11-16,Rt,0.95,0.97,0.98,0.98,1,1.02,Relax Interventions 50%,Mongolia,MNG,2021-05-03,v8,TRUE
2020-11-16,Reff,0.95,0.97,0.98,0.98,1,1.02,Relax Interventions 50%,Mongolia,MNG,2021-05-03,v8,TRUE
2020-11-16,hospital_demand,0,0,0,0,0,0,Surged Additional 50% Reduction,Mongolia,MNG,2021-05-03,v8,TRUE
2020-11-16,ICU_demand,0,0,0,0,0,0,Surged Additional 50% Reduction,Mongolia,MNG,2021-05-03,v8,TRUE
2020-11-16,infections,0,0,0,0,0,0,Surged Additional 50% Reduction,Mongolia,MNG,2021-05-03,v8,TRUE
2020-11-16,prevalence,5,5,5,5,5,5,Surged Additional 50% Reduction,Mongolia,MNG,2021-05-03,v8,TRUE
2020-11-16,cumulative_infections,0,0,0,0,0,0,Surged Additional 50% Reduction,Mongolia,MNG,2021-05-03,v8,TRUE
2020-11-16,Rt,0.95,0.97,0.98,0.98,1,1.02,Surged Additional 50% Reduction,Mongolia,MNG,2021-05-03,v8,TRUE
2020-11-16,Reff,0.95,0.97,0.98,0.98,1,1.02,Surged Additional 50% Reduction,Mongolia,MNG,2021-05-03,v8,TRUE
2020-11-16,hospital_demand,0,0,0,0,0,0,Surged Maintain Status Quo,Mongolia,MNG,2021-05-03,v8,TRUE
2020-11-16,ICU_demand,0,0,0,0,0,0,Surged Maintain Status Quo,Mongolia,MNG,2021-05-03,v8,TRUE
2020-11-16,infections,0,0,0,0,0,0,Surged Maintain Status Quo,Mongolia,MNG,2021-05-03,v8,TRUE
2020-11-16,prevalence,5,5,5,5,5,5,Surged Maintain Status Quo,Mongolia,MNG,2021-05-03,v8,TRUE
2020-11-16,cumulative_infections,0,0,0,0,0,0,Surged Maintain Status Quo,Mongolia,MNG,2021-05-03,v8,TRUE
2020-11-16,Rt,0.95,0.97,0.98,0.98,1,1.02,Surged Maintain Status Quo,Mongolia,MNG,2021-05-03,v8,TRUE
2020-11-16,Reff,0.95,0.97,0.98,0.98,1,1.02,Surged Maintain Status Quo,Mongolia,MNG,2021-05-03,v8,TRUE
2020-11-16,hospital_demand,0,0,0,0,0,0,Surged Relax Interventions 50%,Mongolia,MNG,2021-05-03,v8,TRUE
2020-11-16,ICU_demand,0,0,0,0,0,0,Surged Relax Interventions 50%,Mongolia,MNG,2021-05-03,v8,TRUE
2020-11-16,infections,0,0,0,0,0,0,Surged Relax Interventions 50%,Mongolia,MNG,2021-05-03,v8,TRUE
2020-11-16,prevalence,5,5,5,5,5,5,Surged Relax Interventions 50%,Mongolia,MNG,2021-05-03,v8,TRUE
2020-11-16,cumulative_infections,0,0,0,0,0,0,Surged Relax Interventions 50%,Mongolia,MNG,2021-05-03,v8,TRUE
2020-11-16,Rt,0.95,0.97,0.98,0.98,1,1.02,Surged Relax Interventions 50%,Mongolia,MNG,2021-05-03,v8,TRUE
2020-11-16,Reff,0.95,0.97,0.98,0.98,1,1.02,Surged Relax Interventions 50%,Mongolia,MNG,2021-05-03,v8,TRUE
2020-11-17,deaths,0,0,0,0,0,0,Additional 50% Reduction,Mongolia,MNG,2021-05-03,v8,TRUE
2020-11-17,hospital_demand,0,0,0,0,0,0,Additional 50% Reduction,Mongolia,MNG,2021-05-03,v8,TRUE
2020-11-17,ICU_demand,0,0,0,0,0,0,Additional 50% Reduction,Mongolia,MNG,2021-05-03,v8,TRUE
2020-11-17,infections,0.61,0.61,0.61,0.61,0.61,0.61,Additional 50% Reduction,Mongolia,MNG,2021-05-03,v8,TRUE
2020-11-17,prevalence,5,5,5,5,5,5,Additional 50% Reduction,Mongolia,MNG,2021-05-03,v8,TRUE
2020-11-17,cumulative_infections,0.61,0.61,0.61,0.61,0.61,0.61,Additional 50% Reduction,Mongolia,MNG,2021-05-03,v8,TRUE
2020-11-17,cumulative_deaths,0,0,0,0,0,0,Additional 50% Reduction,Mongolia,MNG,2021-05-03,v8,TRUE
2020-11-17,Rt,1.14,1.15,1.17,1.17,1.19,1.2,Additional 50% Reduction,Mongolia,MNG,2021-05-03,v8,TRUE
2020-11-17,Reff,1.14,1.15,1.17,1.17,1.19,1.2,Additional 50% Reduction,Mongolia,MNG,2021-05-03,v8,TRUE
2020-11-17,deaths,0,0,0,0,0,0,Maintain Status Quo,Mongolia,MNG,2021-05-03,v8,TRUE
2020-11-17,hospital_demand,0,0,0,0,0,0,Maintain Status Quo,Mongolia,MNG,2021-05-03,v8,TRUE
2020-11-17,ICU_demand,0,0,0,0,0,0,Maintain Status Quo,Mongolia,MNG,2021-05-03,v8,TRUE
2020-11-17,infections,0.61,0.61,0.61,0.61,0.61,0.61,Maintain Status Quo,Mongolia,MNG,2021-05-03,v8,TRUE
2020-11-17,prevalence,5,5,5,5,5,5,Maintain Status Quo,Mongolia,MNG,2021-05-03,v8,TRUE
2020-11-17,cumulative_infections,0.61,0.61,0.61,0.61,0.61,0.61,Maintain Status Quo,Mongolia,MNG,2021-05-03,v8,TRUE
2020-11-17,cumulative_deaths,0,0,0,0,0,0,Maintain Status Quo,Mongolia,MNG,2021-05-03,v8,TRUE
2020-11-17,Rt,1.14,1.15,1.17,1.17,1.19,1.2,Maintain Status Quo,Mongolia,MNG,2021-05-03,v8,TRUE
2020-11-17,Reff,1.14,1.15,1.17,1.17,1.19,1.2,Maintain Status Quo,Mongolia,MNG,2021-05-03,v8,TRUE
2020-11-17,deaths,0,0,0,0,0,0,Relax Interventions 50%,Mongolia,MNG,2021-05-03,v8,TRUE
2020-11-17,hospital_demand,0,0,0,0,0,0,Relax Interventions 50%,Mongolia,MNG,2021-05-03,v8,TRUE
2020-11-17,ICU_demand,0,0,0,0,0,0,Relax Interventions 50%,Mongolia,MNG,2021-05-03,v8,TRUE
2020-11-17,infections,0.61,0.61,0.61,0.61,0.61,0.61,Relax Interventions 50%,Mongolia,MNG,2021-05-03,v8,TRUE
2020-11-17,prevalence,5,5,5,5,5,5,Relax Interventions 50%,Mongolia,MNG,2021-05-03,v8,TRUE
2020-11-17,cumulative_infections,0.61,0.61,0.61,0.61,0.61,0.61,Relax Interventions 50%,Mongolia,MNG,2021-05-03,v8,TRUE
2020-11-17,cumulative_deaths,0,0,0,0,0,0,Relax Interventions 50%,Mongolia,MNG,2021-05-03,v8,TRUE
2020-11-17,Rt,1.14,1.15,1.17,1.17,1.19,1.2,Relax Interventions 50%,Mongolia,MNG,2021-05-03,v8,TRUE
2020-11-17,Reff,1.14,1.15,1.17,1.17,1.19,1.2,Relax Interventions 50%,Mongolia,MNG,2021-05-03,v8,TRUE
2020-11-17,deaths,0,0,0,0,0,0,Surged Additional 50% Reduction,Mongolia,MNG,2021-05-03,v8,TRUE
2020-11-17,hospital_demand,0,0,0,0,0,0,Surged Additional 50% Reduction,Mongolia,MNG,2021-05-03,v8,TRUE
2020-11-17,ICU_demand,0,0,0,0,0,0,Surged Additional 50% Reduction,Mongolia,MNG,2021-05-03,v8,TRUE
2020-11-17,infections,0.61,0.61,0.61,0.61,0.61,0.61,Surged Additional 50% Reduction,Mongolia,MNG,2021-05-03,v8,TRUE
2020-11-17,prevalence,5,5,5,5,5,5,Surged Additional 50% Reduction,Mongolia,MNG,2021-05-03,v8,TRUE
2020-11-17,cumulative_infections,0.61,0.61,0.61,0.61,0.61,0.61,Surged Additional 50% Reduction,Mongolia,MNG,2021-05-03,v8,TRUE
2020-11-17,cumulative_deaths,0,0,0,0,0,0,Surged Additional 50% Reduction,Mongolia,MNG,2021-05-03,v8,TRUE
2020-11-17,Rt,1.14,1.15,1.17,1.17,1.19,1.2,Surged Additional 50% Reduction,Mongolia,MNG,2021-05-03,v8,TRUE
2020-11-17,Reff,1.14,1.15,1.17,1.17,1.19,1.2,Surged Additional 50% Reduction,Mongolia,MNG,2021-05-03,v8,TRUE
2020-11-17,deaths,0,0,0,0,0,0,Surged Maintain Status Quo,Mongolia,MNG,2021-05-03,v8,TRUE
2020-11-17,hospital_demand,0,0,0,0,0,0,Surged Maintain Status Quo,Mongolia,MNG,2021-05-03,v8,TRUE
2020-11-17,ICU_demand,0,0,0,0,0,0,Surged Maintain Status Quo,Mongolia,MNG,2021-05-03,v8,TRUE
2020-11-17,infections,0.61,0.61,0.61,0.61,0.61,0.61,Surged Maintain Status Quo,Mongolia,MNG,2021-05-03,v8,TRUE
2020-11-17,prevalence,5,5,5,5,5,5,Surged Maintain Status Quo,Mongolia,MNG,2021-05-03,v8,TRUE
2020-11-17,cumulative_infections,0.61,0.61,0.61,0.61,0.61,0.61,Surged Maintain Status Quo,Mongolia,MNG,2021-05-03,v8,TRUE
2020-11-17,cumulative_deaths,0,0,0,0,0,0,Surged Maintain Status Quo,Mongolia,MNG,2021-05-03,v8,TRUE
2020-11-17,Rt,1.14,1.15,1.17,1.17,1.19,1.2,Surged Maintain Status Quo,Mongolia,MNG,2021-05-03,v8,TRUE
2020-11-17,Reff,1.14,1.15,1.17,1.17,1.19,1.2,Surged Maintain Status Quo,Mongolia,MNG,2021-05-03,v8,TRUE
2020-11-17,deaths,0,0,0,0,0,0,Surged Relax Interventions 50%,Mongolia,MNG,2021-05-03,v8,TRUE
2020-11-17,hospital_demand,0,0,0,0,0,0,Surged Relax Interventions 50%,Mongolia,MNG,2021-05-03,v8,TRUE
2020-11-17,ICU_demand,0,0,0,0,0,0,Surged Relax Interventions 50%,Mongolia,MNG,2021-05-03,v8,TRUE
2020-11-17,infections,0.61,0.61,0.61,0.61,0.61,0.61,Surged Relax Interventions 50%,Mongolia,MNG,2021-05-03,v8,TRUE
2020-11-17,prevalence,5,5,5,5,5,5,Surged Relax Interventions 50%,Mongolia,MNG,2021-05-03,v8,TRUE
2020-11-17,cumulative_infections,0.61,0.61,0.61,0.61,0.61,0.61,Surged Relax Interventions 50%,Mongolia,MNG,2021-05-03,v8,TRUE
2020-11-17,cumulative_deaths,0,0,0,0,0,0,Surged Relax Interventions 50%,Mongolia,MNG,2021-05-03,v8,TRUE
2020-11-17,Rt,1.14,1.15,1.17,1.17,1.19,1.2,Surged Relax Interventions 50%,Mongolia,MNG,2021-05-03,v8,TRUE
2020-11-17,Reff,1.14,1.15,1.17,1.17,1.19,1.2,Surged Relax Interventions 50%,Mongolia,MNG,2021-05-03,v8,TRUE
2020-11-18,deaths,0,0,0,0,0,0,Additional 50% Reduction,Mongolia,MNG,2021-05-03,v8,TRUE
2020-11-18,hospital_demand,0,0,0,0,0,0,Additional 50% Reduction,Mongolia,MNG,2021-05-03,v8,TRUE
2020-11-18,ICU_demand,0,0,0,0,0,0,Additional 50% Reduction,Mongolia,MNG,2021-05-03,v8,TRUE
2020-11-18,infections,0.82,0.82,0.82,0.82,0.82,0.82,Additional 50% Reduction,Mongolia,MNG,2021-05-03,v8,TRUE
2020-11-18,prevalence,5.05,5.06,5.06,5.06,5.07,5.07,Additional 50% Reduction,Mongolia,MNG,2021-05-03,v8,TRUE
2020-11-18,cumulative_infections,1.43,1.43,1.43,1.43,1.43,1.43,Additional 50% Reduction,Mongolia,MNG,2021-05-03,v8,TRUE
2020-11-18,cumulative_deaths,0,0,0,0,0,0,Additional 50% Reduction,Mongolia,MNG,2021-05-03,v8,TRUE
2020-11-18,Rt,1.03,1.05,1.07,1.07,1.09,1.1,Additional 50% Reduction,Mongolia,MNG,2021-05-03,v8,TRUE
2020-11-18,Reff,1.03,1.05,1.07,1.07,1.09,1.1,Additional 50% Reduction,Mongolia,MNG,2021-05-03,v8,TRUE
2020-11-18,deaths,0,0,0,0,0,0,Maintain Status Quo,Mongolia,MNG,2021-05-03,v8,TRUE
2020-11-18,hospital_demand,0,0,0,0,0,0,Maintain Status Quo,Mongolia,MNG,2021-05-03,v8,TRUE
2020-11-18,ICU_demand,0,0,0,0,0,0,Maintain Status Quo,Mongolia,MNG,2021-05-03,v8,TRUE
2020-11-18,infections,0.82,0.82,0.82,0.82,0.82,0.82,Maintain Status Quo,Mongolia,MNG,2021-05-03,v8,TRUE
2020-11-18,prevalence,5.05,5.06,5.06,5.06,5.07,5.07,Maintain Status Quo,Mongolia,MNG,2021-05-03,v8,TRUE
2020-11-18,cumulative_infections,1.43,1.43,1.43,1.43,1.43,1.43,Maintain Status Quo,Mongolia,MNG,2021-05-03,v8,TRUE
2020-11-18,cumulative_deaths,0,0,0,0,0,0,Maintain Status Quo,Mongolia,MNG,2021-05-03,v8,TRUE
2020-11-18,Rt,1.03,1.05,1.07,1.07,1.09,1.1,Maintain Status Quo,Mongolia,MNG,2021-05-03,v8,TRUE
2020-11-18,Reff,1.03,1.05,1.07,1.07,1.09,1.1,Maintain Status Quo,Mongolia,MNG,2021-05-03,v8,TRUE
2020-11-18,deaths,0,0,0,0,0,0,Relax Interventions 50%,Mongolia,MNG,2021-05-03,v8,TRUE
2020-11-18,hospital_demand,0,0,0,0,0,0,Relax Interventions 50%,Mongolia,MNG,2021-05-03,v8,TRUE
2020-11-18,ICU_demand,0,0,0,0,0,0,Relax Interventions 50%,Mongolia,MNG,2021-05-03,v8,TRUE
2020-11-18,infections,0.82,0.82,0.82,0.82,0.82,0.82,Relax Interventions 50%,Mongolia,MNG,2021-05-03,v8,TRUE
2020-11-18,prevalence,5.05,5.06,5.06,5.06,5.07,5.07,Relax Interventions 50%,Mongolia,MNG,2021-05-03,v8,TRUE
2020-11-18,cumulative_infections,1.43,1.43,1.43,1.43,1.43,1.43,Relax Interventions 50%,Mongolia,MNG,2021-05-03,v8,TRUE
2020-11-18,cumulative_deaths,0,0,0,0,0,0,Relax Interventions 50%,Mongolia,MNG,2021-05-03,v8,TRUE
2020-11-18,Rt,1.03,1.05,1.07,1.07,1.09,1.1,Relax Interventions 50%,Mongolia,MNG,2021-05-03,v8,TRUE
2020-11-18,Reff,1.03,1.05,1.07,1.07,1.09,1.1,Relax Interventions 50%,Mongolia,MNG,2021-05-03,v8,TRUE
2020-11-18,deaths,0,0,0,0,0,0,Surged Additional 50% Reduction,Mongolia,MNG,2021-05-03,v8,TRUE
2020-11-18,hospital_demand,0,0,0,0,0,0,Surged Additional 50% Reduction,Mongolia,MNG,2021-05-03,v8,TRUE
2020-11-18,ICU_demand,0,0,0,0,0,0,Surged Additional 50% Reduction,Mongolia,MNG,2021-05-03,v8,TRUE
2020-11-18,infections,0.82,0.82,0.82,0.82,0.82,0.82,Surged Additional 50% Reduction,Mongolia,MNG,2021-05-03,v8,TRUE
2020-11-18,prevalence,5.05,5.06,5.06,5.06,5.07,5.07,Surged Additional 50% Reduction,Mongolia,MNG,2021-05-03,v8,TRUE
2020-11-18,cumulative_infections,1.43,1.43,1.43,1.43,1.43,1.43,Surged Additional 50% Reduction,Mongolia,MNG,2021-05-03,v8,TRUE
2020-11-18,cumulative_deaths,0,0,0,0,0,0,Surged Additional 50% Reduction,Mongolia,MNG,2021-05-03,v8,TRUE
2020-11-18,Rt,1.03,1.05,1.07,1.07,1.09,1.1,Surged Additional 50% Reduction,Mongolia,MNG,2021-05-03,v8,TRUE
2020-11-18,Reff,1.03,1.05,1.07,1.07,1.09,1.1,Surged Additional 50% Reduction,Mongolia,MNG,2021-05-03,v8,TRUE
2020-11-18,deaths,0,0,0,0,0,0,Surged Maintain Status Quo,Mongolia,MNG,2021-05-03,v8,TRUE
2020-11-18,hospital_demand,0,0,0,0,0,0,Surged Maintain Status Quo,Mongolia,MNG,2021-05-03,v8,TRUE
2020-11-18,ICU_demand,0,0,0,0,0,0,Surged Maintain Status Quo,Mongolia,MNG,2021-05-03,v8,TRUE
2020-11-18,infections,0.82,0.82,0.82,0.82,0.82,0.82,Surged Maintain Status Quo,Mongolia,MNG,2021-05-03,v8,TRUE
2020-11-18,prevalence,5.05,5.06,5.06,5.06,5.07,5.07,Surged Maintain Status Quo,Mongolia,MNG,2021-05-03,v8,TRUE
2020-11-18,cumulative_infections,1.43,1.43,1.43,1.43,1.43,1.43,Surged Maintain Status Quo,Mongolia,MNG,2021-05-03,v8,TRUE
2020-11-18,cumulative_deaths,0,0,0,0,0,0,Surged Maintain Status Quo,Mongolia,MNG,2021-05-03,v8,TRUE
2020-11-18,Rt,1.03,1.05,1.07,1.07,1.09,1.1,Surged Maintain Status Quo,Mongolia,MNG,2021-05-03,v8,TRUE
2020-11-18,Reff,1.03,1.05,1.07,1.07,1.09,1.1,Surged Maintain Status Quo,Mongolia,MNG,2021-05-03,v8,TRUE
2020-11-18,deaths,0,0,0,0,0,0,Surged Relax Interventions 50%,Mongolia,MNG,2021-05-03,v8,TRUE
2020-11-18,hospital_demand,0,0,0,0,0,0,Surged Relax Interventions 50%,Mongolia,MNG,2021-05-03,v8,TRUE
2020-11-18,ICU_demand,0,0,0,0,0,0,Surged Relax Interventions 50%,Mongolia,MNG,2021-05-03,v8,TRUE
2020-11-18,infections,0.82,0.82,0.82,0.82,0.82,0.82,Surged Relax Interventions 50%,Mongolia,MNG,2021-05-03,v8,TRUE
2020-11-18,prevalence,5.05,5.06,5.06,5.06,5.07,5.07,Surged Relax Interventions 50%,Mongolia,MNG,2021-05-03,v8,TRUE
2020-11-18,cumulative_infections,1.43,1.43,1.43,1.43,1.43,1.43,Surged Relax Interventions 50%,Mongolia,MNG,2021-05-03,v8,TRUE
2020-11-18,cumulative_deaths,0,0,0,0,0,0,Surged Relax Interventions 50%,Mongolia,MNG,2021-05-03,v8,TRUE
2020-11-18,Rt,1.03,1.05,1.07,1.07,1.09,1.1,Surged Relax Interventions 50%,Mongolia,MNG,2021-05-03,v8,TRUE
2020-11-18,Reff,1.03,1.05,1.07,1.07,1.09,1.1,Surged Relax Interventions 50%,Mongolia,MNG,2021-05-03,v8,TRUE
2020-11-19,deaths,0,0,0,0,0,0,Additional 50% Reduction,Mongolia,MNG,2021-05-03,v8,TRUE
2020-11-19,hospital_demand,0,0,0,0,0,0,Additional 50% Reduction,Mongolia,MNG,2021-05-03,v8,TRUE
2020-11-19,ICU_demand,0,0,0,0,0,0,Additional 50% Reduction,Mongolia,MNG,2021-05-03,v8,TRUE
2020-11-19,infections,0.86,0.86,0.86,0.86,0.86,0.86,Additional 50% Reduction,Mongolia,MNG,2021-05-03,v8,TRUE
2020-11-19,prevalence,5.09,5.11,5.12,5.12,5.14,5.15,Additional 50% Reduction,Mongolia,MNG,2021-05-03,v8,TRUE
2020-11-19,cumulative_infections,2.29,2.29,2.29,2.29,2.29,2.3,Additional 50% Reduction,Mongolia,MNG,2021-05-03,v8,TRUE
2020-11-19,cumulative_deaths,0,0,0,0,0,0,Additional 50% Reduction,Mongolia,MNG,2021-05-03,v8,TRUE
2020-11-19,Rt,0.97,0.99,1.01,1.01,1.03,1.04,Additional 50% Reduction,Mongolia,MNG,2021-05-03,v8,TRUE
2020-11-19,Reff,0.97,0.99,1.01,1.01,1.03,1.04,Additional 50% Reduction,Mongolia,MNG,2021-05-03,v8,TRUE
2020-11-19,deaths,0,0,0,0,0,0,Maintain Status Quo,Mongolia,MNG,2021-05-03,v8,TRUE
2020-11-19,hospital_demand,0,0,0,0,0,0,Maintain Status Quo,Mongolia,MNG,2021-05-03,v8,TRUE
2020-11-19,ICU_demand,0,0,0,0,0,0,Maintain Status Quo,Mongolia,MNG,2021-05-03,v8,TRUE
2020-11-19,infections,0.86,0.86,0.86,0.86,0.86,0.86,Maintain Status Quo,Mongolia,MNG,2021-05-03,v8,TRUE
2020-11-19,prevalence,5.09,5.11,5.12,5.12,5.14,5.15,Maintain Status Quo,Mongolia,MNG,2021-05-03,v8,TRUE
2020-11-19,cumulative_infections,2.29,2.29,2.29,2.29,2.29,2.3,Maintain Status Quo,Mongolia,MNG,2021-05-03,v8,TRUE
2020-11-19,cumulative_deaths,0,0,0,0,0,0,Maintain Status Quo,Mongolia,MNG,2021-05-03,v8,TRUE
2020-11-19,Rt,0.97,0.99,1.01,1.01,1.03,1.04,Maintain Status Quo,Mongolia,MNG,2021-05-03,v8,TRUE
2020-11-19,Reff,0.97,0.99,1.01,1.01,1.03,1.04,Maintain Status Quo,Mongolia,MNG,2021-05-03,v8,TRUE
2020-11-19,deaths,0,0,0,0,0,0,Relax Interventions 50%,Mongolia,MNG,2021-05-03,v8,TRUE
2020-11-19,hospital_demand,0,0,0,0,0,0,Relax Interventions 50%,Mongolia,MNG,2021-05-03,v8,TRUE
2020-11-19,ICU_demand,0,0,0,0,0,0,Relax Interventions 50%,Mongolia,MNG,2021-05-03,v8,TRUE
2020-11-19,infections,0.86,0.86,0.86,0.86,0.86,0.86,Relax Interventions 50%,Mongolia,MNG,2021-05-03,v8,TRUE
2020-11-19,prevalence,5.09,5.11,5.12,5.12,5.14,5.15,Relax Interventions 50%,Mongolia,MNG,2021-05-03,v8,TRUE
2020-11-19,cumulative_infections,2.29,2.29,2.29,2.29,2.29,2.3,Relax Interventions 50%,Mongolia,MNG,2021-05-03,v8,TRUE
2020-11-19,cumulative_deaths,0,0,0,0,0,0,Relax Interventions 50%,Mongolia,MNG,2021-05-03,v8,TRUE
2020-11-19,Rt,0.97,0.99,1.01,1.01,1.03,1.04,Relax Interventions 50%,Mongolia,MNG,2021-05-03,v8,TRUE
2020-11-19,Reff,0.97,0.99,1.01,1.01,1.03,1.04,Relax Interventions 50%,Mongolia,MNG,2021-05-03,v8,TRUE
2020-11-19,deaths,0,0,0,0,0,0,Surged Additional 50% Reduction,Mongolia,MNG,2021-05-03,v8,TRUE
2020-11-19,hospital_demand,0,0,0,0,0,0,Surged Additional 50% Reduction,Mongolia,MNG,2021-05-03,v8,TRUE
2020-11-19,ICU_demand,0,0,0,0,0,0,Surged Additional 50% Reduction,Mongolia,MNG,2021-05-03,v8,TRUE
2020-11-19,infections,0.86,0.86,0.86,0.86,0.86,0.86,Surged Additional 50% Reduction,Mongolia,MNG,2021-05-03,v8,TRUE
2020-11-19,prevalence,5.09,5.11,5.12,5.12,5.14,5.15,Surged Additional 50% Reduction,Mongolia,MNG,2021-05-03,v8,TRUE
2020-11-19,cumulative_infections,2.29,2.29,2.29,2.29,2.29,2.3,Surged Additional 50% Reduction,Mongolia,MNG,2021-05-03,v8,TRUE
2020-11-19,cumulative_deaths,0,0,0,0,0,0,Surged Additional 50% Reduction,Mongolia,MNG,2021-05-03,v8,TRUE
2020-11-19,Rt,0.97,0.99,1.01,1.01,1.03,1.04,Surged Additional 50% Reduction,Mongolia,MNG,2021-05-03,v8,TRUE
2020-11-19,Reff,0.97,0.99,1.01,1.01,1.03,1.04,Surged Additional 50% Reduction,Mongolia,MNG,2021-05-03,v8,TRUE
2020-11-19,deaths,0,0,0,0,0,0,Surged Maintain Status Quo,Mongolia,MNG,2021-05-03,v8,TRUE
2020-11-19,hospital_demand,0,0,0,0,0,0,Surged Maintain Status Quo,Mongolia,MNG,2021-05-03,v8,TRUE
2020-11-19,ICU_demand,0,0,0,0,0,0,Surged Maintain Status Quo,Mongolia,MNG,2021-05-03,v8,TRUE
2020-11-19,infections,0.86,0.86,0.86,0.86,0.86,0.86,Surged Maintain Status Quo,Mongolia,MNG,2021-05-03,v8,TRUE
2020-11-19,prevalence,5.09,5.11,5.12,5.12,5.14,5.15,Surged Maintain Status Quo,Mongolia,MNG,2021-05-03,v8,TRUE
2020-11-19,cumulative_infections,2.29,2.29,2.29,2.29,2.29,2.3,Surged Maintain Status Quo,Mongolia,MNG,2021-05-03,v8,TRUE
2020-11-19,cumulative_deaths,0,0,0,0,0,0,Surged Maintain Status Quo,Mongolia,MNG,2021-05-03,v8,TRUE
2020-11-19,Rt,0.97,0.99,1.01,1.01,1.03,1.04,Surged Maintain Status Quo,Mongolia,MNG,2021-05-03,v8,TRUE
2020-11-19,Reff,0.97,0.99,1.01,1.01,1.03,1.04,Surged Maintain Status Quo,Mongolia,MNG,2021-05-03,v8,TRUE
2020-11-19,deaths,0,0,0,0,0,0,Surged Relax Interventions 50%,Mongolia,MNG,2021-05-03,v8,TRUE
2020-11-19,hospital_demand,0,0,0,0,0,0,Surged Relax Interventions 50%,Mongolia,MNG,2021-05-03,v8,TRUE
2020-11-19,ICU_demand,0,0,0,0,0,0,Surged Relax Interventions 50%,Mongolia,MNG,2021-05-03,v8,TRUE
2020-11-19,infections,0.86,0.86,0.86,0.86,0.86,0.86,Surged Relax Interventions 50%,Mongolia,MNG,2021-05-03,v8,TRUE
2020-11-19,prevalence,5.09,5.11,5.12,5.12,5.14,5.15,Surged Relax Interventions 50%,Mongolia,MNG,2021-05-03,v8,TRUE
2020-11-19,cumulative_infections,2.29,2.29,2.29,2.29,2.29,2.3,Surged Relax Interventions 50%,Mongolia,MNG,2021-05-03,v8,TRUE
2020-11-19,cumulative_deaths,0,0,0,0,0,0,Surged Relax Interventions 50%,Mongolia,MNG,2021-05-03,v8,TRUE
2020-11-19,Rt,0.97,0.99,1.01,1.01,1.03,1.04,Surged Relax Interventions 50%,Mongolia,MNG,2021-05-03,v8,TRUE
2020-11-19,Reff,0.97,0.99,1.01,1.01,1.03,1.04,Surged Relax Interventions 50%,Mongolia,MNG,2021-05-03,v8,TRUE
2020-11-20,deaths,0,0,0,0,0,0,Additional 50% Reduction,Mongolia,MNG,2021-05-03,v8,TRUE
2020-11-20,hospital_demand,0.01,0.01,0.01,0.01,0.01,0.01,Additional 50% Reduction,Mongolia,MNG,2021-05-03,v8,TRUE
2020-11-20,ICU_demand,0,0,0,0,0,0,Additional 50% Reduction,Mongolia,MNG,2021-05-03,v8,TRUE
2020-11-20,infections,0.84,0.84,0.84,0.84,0.85,0.85,Additional 50% Reduction,Mongolia,MNG,2021-05-03,v8,TRUE
2020-11-20,prevalence,5.11,5.14,5.17,5.17,5.2,5.22,Additional 50% Reduction,Mongolia,MNG,2021-05-03,v8,TRUE
2020-11-20,cumulative_infections,3.12,3.13,3.13,3.13,3.14,3.14,Additional 50% Reduction,Mongolia,MNG,2021-05-03,v8,TRUE
2020-11-20,cumulative_deaths,0,0,0,0,0,0,Additional 50% Reduction,Mongolia,MNG,2021-05-03,v8,TRUE
2020-11-20,Rt,1,1.01,1.03,1.03,1.05,1.07,Additional 50% Reduction,Mongolia,MNG,2021-05-03,v8,TRUE
2020-11-20,Reff,1,1.01,1.03,1.03,1.05,1.07,Additional 50% Reduction,Mongolia,MNG,2021-05-03,v8,TRUE
2020-11-20,deaths,0,0,0,0,0,0,Maintain Status Quo,Mongolia,MNG,2021-05-03,v8,TRUE
2020-11-20,hospital_demand,0.01,0.01,0.01,0.01,0.01,0.01,Maintain Status Quo,Mongolia,MNG,2021-05-03,v8,TRUE
2020-11-20,ICU_demand,0,0,0,0,0,0,Maintain Status Quo,Mongolia,MNG,2021-05-03,v8,TRUE
2020-11-20,infections,0.84,0.84,0.84,0.84,0.85,0.85,Maintain Status Quo,Mongolia,MNG,2021-05-03,v8,TRUE
2020-11-20,prevalence,5.11,5.14,5.17,5.17,5.2,5.22,Maintain Status Quo,Mongolia,MNG,2021-05-03,v8,TRUE
2020-11-20,cumulative_infections,3.12,3.13,3.13,3.13,3.14,3.14,Maintain Status Quo,Mongolia,MNG,2021-05-03,v8,TRUE
2020-11-20,cumulative_deaths,0,0,0,0,0,0,Maintain Status Quo,Mongolia,MNG,2021-05-03,v8,TRUE
2020-11-20,Rt,1,1.01,1.03,1.03,1.05,1.07,Maintain Status Quo,Mongolia,MNG,2021-05-03,v8,TRUE
2020-11-20,Reff,1,1.01,1.03,1.03,1.05,1.07,Maintain Status Quo,Mongolia,MNG,2021-05-03,v8,TRUE
2020-11-20,deaths,0,0,0,0,0,0,Relax Interventions 50%,Mongolia,MNG,2021-05-03,v8,TRUE
2020-11-20,hospital_demand,0.01,0.01,0.01,0.01,0.01,0.01,Relax Interventions 50%,Mongolia,MNG,2021-05-03,v8,TRUE
2020-11-20,ICU_demand,0,0,0,0,0,0,Relax Interventions 50%,Mongolia,MNG,2021-05-03,v8,TRUE
2020-11-20,infections,0.84,0.84,0.84,0.84,0.85,0.85,Relax Interventions 50%,Mongolia,MNG,2021-05-03,v8,TRUE
2020-11-20,prevalence,5.11,5.14,5.17,5.17,5.2,5.22,Relax Interventions 50%,Mongolia,MNG,2021-05-03,v8,TRUE
2020-11-20,cumulative_infections,3.12,3.13,3.13,3.13,3.14,3.14,Relax Interventions 50%,Mongolia,MNG,2021-05-03,v8,TRUE
2020-11-20,cumulative_deaths,0,0,0,0,0,0,Relax Interventions 50%,Mongolia,MNG,2021-05-03,v8,TRUE
2020-11-20,Rt,1,1.01,1.03,1.03,1.05,1.07,Relax Interventions 50%,Mongolia,MNG,2021-05-03,v8,TRUE
2020-11-20,Reff,1,1.01,1.03,1.03,1.05,1.07,Relax Interventions 50%,Mongolia,MNG,2021-05-03,v8,TRUE
2020-11-20,deaths,0,0,0,0,0,0,Surged Additional 50% Reduction,Mongolia,MNG,2021-05-03,v8,TRUE
2020-11-20,hospital_demand,0.01,0.01,0.01,0.01,0.01,0.01,Surged Additional 50% Reduction,Mongolia,MNG,2021-05-03,v8,TRUE
2020-11-20,ICU_demand,0,0,0,0,0,0,Surged Additional 50% Reduction,Mongolia,MNG,2021-05-03,v8,TRUE
2020-11-20,infections,0.84,0.84,0.84,0.84,0.85,0.85,Surged Additional 50% Reduction,Mongolia,MNG,2021-05-03,v8,TRUE
2020-11-20,prevalence,5.11,5.14,5.17,5.17,5.2,5.22,Surged Additional 50% Reduction,Mongolia,MNG,2021-05-03,v8,TRUE
2020-11-20,cumulative_infections,3.12,3.13,3.13,3.13,3.14,3.14,Surged Additional 50% Reduction,Mongolia,MNG,2021-05-03,v8,TRUE
2020-11-20,cumulative_deaths,0,0,0,0,0,0,Surged Additional 50% Reduction,Mongolia,MNG,2021-05-03,v8,TRUE
2020-11-20,Rt,1,1.01,1.03,1.03,1.05,1.07,Surged Additional 50% Reduction,Mongolia,MNG,2021-05-03,v8,TRUE
2020-11-20,Reff,1,1.01,1.03,1.03,1.05,1.07,Surged Additional 50% Reduction,Mongolia,MNG,2021-05-03,v8,TRUE
2020-11-20,deaths,0,0,0,0,0,0,Surged Maintain Status Quo,Mongolia,MNG,2021-05-03,v8,TRUE
2020-11-20,hospital_demand,0.01,0.01,0.01,0.01,0.01,0.01,Surged Maintain Status Quo,Mongolia,MNG,2021-05-03,v8,TRUE
2020-11-20,ICU_demand,0,0,0,0,0,0,Surged Maintain Status Quo,Mongolia,MNG,2021-05-03,v8,TRUE
2020-11-20,infections,0.84,0.84,0.84,0.84,0.85,0.85,Surged Maintain Status Quo,Mongolia,MNG,2021-05-03,v8,TRUE
2020-11-20,prevalence,5.11,5.14,5.17,5.17,5.2,5.22,Surged Maintain Status Quo,Mongolia,MNG,2021-05-03,v8,TRUE
2020-11-20,cumulative_infections,3.12,3.13,3.13,3.13,3.14,3.14,Surged Maintain Status Quo,Mongolia,MNG,2021-05-03,v8,TRUE
2020-11-20,cumulative_deaths,0,0,0,0,0,0,Surged Maintain Status Quo,Mongolia,MNG,2021-05-03,v8,TRUE
2020-11-20,Rt,1,1.01,1.03,1.03,1.05,1.07,Surged Maintain Status Quo,Mongolia,MNG,2021-05-03,v8,TRUE
2020-11-20,Reff,1,1.01,1.03,1.03,1.05,1.07,Surged Maintain Status Quo,Mongolia,MNG,2021-05-03,v8,TRUE
2020-11-20,deaths,0,0,0,0,0,0,Surged Relax Interventions 50%,Mongolia,MNG,2021-05-03,v8,TRUE
2020-11-20,hospital_demand,0.01,0.01,0.01,0.01,0.01,0.01,Surged Relax Interventions 50%,Mongolia,MNG,2021-05-03,v8,TRUE
2020-11-20,ICU_demand,0,0,0,0,0,0,Surged Relax Interventions 50%,Mongolia,MNG,2021-05-03,v8,TRUE
2020-11-20,infections,0.84,0.84,0.84,0.84,0.85,0.85,Surged Relax Interventions 50%,Mongolia,MNG,2021-05-03,v8,TRUE
2020-11-20,prevalence,5.11,5.14,5.17,5.17,5.2,5.22,Surged Relax Interventions 50%,Mongolia,MNG,2021-05-03,v8,TRUE
2020-11-20,cumulative_infections,3.12,3.13,3.13,3.13,3.14,3.14,Surged Relax Interventions 50%,Mongolia,MNG,2021-05-03,v8,TRUE
2020-11-20,cumulative_deaths,0,0,0,0,0,0,Surged Relax Interventions 50%,Mongolia,MNG,2021-05-03,v8,TRUE
2020-11-20,Rt,1,1.01,1.03,1.03,1.05,1.07,Surged Relax Interventions 50%,Mongolia,MNG,2021-05-03,v8,TRUE
2020-11-20,Reff,1,1.01,1.03,1.03,1.05,1.07,Surged Relax Interventions 50%,Mongolia,MNG,2021-05-03,v8,TRUE
2020-11-21,deaths,0,0,0,0,0,0,Additional 50% Reduction,Mongolia,MNG,2021-05-03,v8,TRUE
2020-11-21,hospital_demand,0.01,0.01,0.01,0.01,0.01,0.01,Additional 50% Reduction,Mongolia,MNG,2021-05-03,v8,TRUE
2020-11-21,ICU_demand,0,0,0,0,0,0,Additional 50% Reduction,Mongolia,MNG,2021-05-03,v8,TRUE
2020-11-21,infections,0.81,0.81,0.82,0.82,0.83,0.83,Additional 50% Reduction,Mongolia,MNG,2021-05-03,v8,TRUE
2020-11-21,prevalence,5.15,5.19,5.23,5.23,5.27,5.31,Additional 50% Reduction,Mongolia,MNG,2021-05-03,v8,TRUE
2020-11-21,cumulative_infections,3.93,3.94,3.95,3.95,3.96,3.97,Additional 50% Reduction,Mongolia,MNG,2021-05-03,v8,TRUE
2020-11-21,cumulative_deaths,0,0,0,0,0,0,Additional 50% Reduction,Mongolia,MNG,2021-05-03,v8,TRUE
2020-11-21,Rt,1.05,1.07,1.09,1.09,1.11,1.12,Additional 50% Reduction,Mongolia,MNG,2021-05-03,v8,TRUE
2020-11-21,Reff,1.05,1.07,1.09,1.09,1.11,1.12,Additional 50% Reduction,Mongolia,MNG,2021-05-03,v8,TRUE
2020-11-21,deaths,0,0,0,0,0,0,Maintain Status Quo,Mongolia,MNG,2021-05-03,v8,TRUE
2020-11-21,hospital_demand,0.01,0.01,0.01,0.01,0.01,0.01,Maintain Status Quo,Mongolia,MNG,2021-05-03,v8,TRUE
2020-11-21,ICU_demand,0,0,0,0,0,0,Maintain Status Quo,Mongolia,MNG,2021-05-03,v8,TRUE
2020-11-21,infections,0.81,0.81,0.82,0.82,0.83,0.83,Maintain Status Quo,Mongolia,MNG,2021-05-03,v8,TRUE
2020-11-21,prevalence,5.15,5.19,5.23,5.23,5.27,5.31,Maintain Status Quo,Mongolia,MNG,2021-05-03,v8,TRUE
2020-11-21,cumulative_infections,3.93,3.94,3.95,3.95,3.96,3.97,Maintain Status Quo,Mongolia,MNG,2021-05-03,v8,TRUE
2020-11-21,cumulative_deaths,0,0,0,0,0,0,Maintain Status Quo,Mongolia,MNG,2021-05-03,v8,TRUE
2020-11-21,Rt,1.05,1.07,1.09,1.09,1.11,1.12,Maintain Status Quo,Mongolia,MNG,2021-05-03,v8,TRUE
2020-11-21,Reff,1.05,1.07,1.09,1.09,1.11,1.12,Maintain Status Quo,Mongolia,MNG,2021-05-03,v8,TRUE
2020-11-21,deaths,0,0,0,0,0,0,Relax Interventions 50%,Mongolia,MNG,2021-05-03,v8,TRUE
2020-11-21,hospital_demand,0.01,0.01,0.01,0.01,0.01,0.01,Relax Interventions 50%,Mongolia,MNG,2021-05-03,v8,TRUE
2020-11-21,ICU_demand,0,0,0,0,0,0,Relax Interventions 50%,Mongolia,MNG,2021-05-03,v8,TRUE
2020-11-21,infections,0.81,0.81,0.82,0.82,0.83,0.83,Relax Interventions 50%,Mongolia,MNG,2021-05-03,v8,TRUE
2020-11-21,prevalence,5.15,5.19,5.23,5.23,5.27,5.31,Relax Interventions 50%,Mongolia,MNG,2021-05-03,v8,TRUE
2020-11-21,cumulative_infections,3.93,3.94,3.95,3.95,3.96,3.97,Relax Interventions 50%,Mongolia,MNG,2021-05-03,v8,TRUE
2020-11-21,cumulative_deaths,0,0,0,0,0,0,Relax Interventions 50%,Mongolia,MNG,2021-05-03,v8,TRUE
2020-11-21,Rt,1.05,1.07,1.09,1.09,1.11,1.12,Relax Interventions 50%,Mongolia,MNG,2021-05-03,v8,TRUE
2020-11-21,Reff,1.05,1.07,1.09,1.09,1.11,1.12,Relax Interventions 50%,Mongolia,MNG,2021-05-03,v8,TRUE
2020-11-21,deaths,0,0,0,0,0,0,Surged Additional 50% Reduction,Mongolia,MNG,2021-05-03,v8,TRUE
2020-11-21,hospital_demand,0.01,0.01,0.01,0.01,0.01,0.01,Surged Additional 50% Reduction,Mongolia,MNG,2021-05-03,v8,TRUE
2020-11-21,ICU_demand,0,0,0,0,0,0,Surged Additional 50% Reduction,Mongolia,MNG,2021-05-03,v8,TRUE
2020-11-21,infections,0.81,0.81,0.82,0.82,0.83,0.83,Surged Additional 50% Reduction,Mongolia,MNG,2021-05-03,v8,TRUE
2020-11-21,prevalence,5.15,5.19,5.23,5.23,5.27,5.31,Surged Additional 50% Reduction,Mongolia,MNG,2021-05-03,v8,TRUE
2020-11-21,cumulative_infections,3.93,3.94,3.95,3.95,3.96,3.97,Surged Additional 50% Reduction,Mongolia,MNG,2021-05-03,v8,TRUE
2020-11-21,cumulative_deaths,0,0,0,0,0,0,Surged Additional 50% Reduction,Mongolia,MNG,2021-05-03,v8,TRUE
2020-11-21,Rt,1.05,1.07,1.09,1.09,1.11,1.12,Surged Additional 50% Reduction,Mongolia,MNG,2021-05-03,v8,TRUE
2020-11-21,Reff,1.05,1.07,1.09,1.09,1.11,1.12,Surged Additional 50% Reduction,Mongolia,MNG,2021-05-03,v8,TRUE
2020-11-21,deaths,0,0,0,0,0,0,Surged Maintain Status Quo,Mongolia,MNG,2021-05-03,v8,TRUE
2020-11-21,hospital_demand,0.01,0.01,0.01,0.01,0.01,0.01,Surged Maintain Status Quo,Mongolia,MNG,2021-05-03,v8,TRUE
2020-11-21,ICU_demand,0,0,0,0,0,0,Surged Maintain Status Quo,Mongolia,MNG,2021-05-03,v8,TRUE
2020-11-21,infections,0.81,0.81,0.82,0.82,0.83,0.83,Surged Maintain Status Quo,Mongolia,MNG,2021-05-03,v8,TRUE
2020-11-21,prevalence,5.15,5.19,5.23,5.23,5.27,5.31,Surged Maintain Status Quo,Mongolia,MNG,2021-05-03,v8,TRUE
2020-11-21,cumulative_infections,3.93,3.94,3.95,3.95,3.96,3.97,Surged Maintain Status Quo,Mongolia,MNG,2021-05-03,v8,TRUE
2020-11-21,cumulative_deaths,0,0,0,0,0,0,Surged Maintain Status Quo,Mongolia,MNG,2021-05-03,v8,TRUE
2020-11-21,Rt,1.05,1.07,1.09,1.09,1.11,1.12,Surged Maintain Status Quo,Mongolia,MNG,2021-05-03,v8,TRUE
2020-11-21,Reff,1.05,1.07,1.09,1.09,1.11,1.12,Surged Maintain Status Quo,Mongolia,MNG,2021-05-03,v8,TRUE
2020-11-21,deaths,0,0,0,0,0,0,Surged Relax Interventions 50%,Mongolia,MNG,2021-05-03,v8,TRUE
2020-11-21,hospital_demand,0.01,0.01,0.01,0.01,0.01,0.01,Surged Relax Interventions 50%,Mongolia,MNG,2021-05-03,v8,TRUE
2020-11-21,ICU_demand,0,0,0,0,0,0,Surged Relax Interventions 50%,Mongolia,MNG,2021-05-03,v8,TRUE
2020-11-21,infections,0.81,0.81,0.82,0.82,0.83,0.83,Surged Relax Interventions 50%,Mongolia,MNG,2021-05-03,v8,TRUE
2020-11-21,prevalence,5.15,5.19,5.23,5.23,5.27,5.31,Surged Relax Interventions 50%,Mongolia,MNG,2021-05-03,v8,TRUE
2020-11-21,cumulative_infections,3.93,3.94,3.95,3.95,3.96,3.97,Surged Relax Interventions 50%,Mongolia,MNG,2021-05-03,v8,TRUE
2020-11-21,cumulative_deaths,0,0,0,0,0,0,Surged Relax Interventions 50%,Mongolia,MNG,2021-05-03,v8,TRUE
2020-11-21,Rt,1.05,1.07,1.09,1.09,1.11,1.12,Surged Relax Interventions 50%,Mongolia,MNG,2021-05-03,v8,TRUE
2020-11-21,Reff,1.05,1.07,1.09,1.09,1.11,1.12,Surged Relax Interventions 50%,Mongolia,MNG,2021-05-03,v8,TRUE
2020-11-22,deaths,0,0,0,0,0,0,Additional 50% Reduction,Mongolia,MNG,2021-05-03,v8,TRUE
2020-11-22,hospital_demand,0.02,0.02,0.02,0.02,0.02,0.02,Additional 50% Reduction,Mongolia,MNG,2021-05-03,v8,TRUE
2020-11-22,ICU_demand,0.01,0.01,0.01,0.01,0.01,0.01,Additional 50% Reduction,Mongolia,MNG,2021-05-03,v8,TRUE
2020-11-22,infections,0.79,0.8,0.81,0.81,0.82,0.82,Additional 50% Reduction,Mongolia,MNG,2021-05-03,v8,TRUE
2020-11-22,prevalence,5.23,5.28,5.34,5.34,5.4,5.45,Additional 50% Reduction,Mongolia,MNG,2021-05-03,v8,TRUE
2020-11-22,cumulative_infections,4.73,4.74,4.76,4.76,4.78,4.8,Additional 50% Reduction,Mongolia,MNG,2021-05-03,v8,TRUE
2020-11-22,cumulative_deaths,0,0,0,0,0,0,Additional 50% Reduction,Mongolia,MNG,2021-05-03,v8,TRUE
2020-11-22,Rt,1.14,1.15,1.17,1.17,1.19,1.2,Additional 50% Reduction,Mongolia,MNG,2021-05-03,v8,TRUE
2020-11-22,Reff,1.14,1.15,1.17,1.17,1.19,1.2,Additional 50% Reduction,Mongolia,MNG,2021-05-03,v8,TRUE
2020-11-22,deaths,0,0,0,0,0,0,Maintain Status Quo,Mongolia,MNG,2021-05-03,v8,TRUE
2020-11-22,hospital_demand,0.02,0.02,0.02,0.02,0.02,0.02,Maintain Status Quo,Mongolia,MNG,2021-05-03,v8,TRUE
2020-11-22,ICU_demand,0.01,0.01,0.01,0.01,0.01,0.01,Maintain Status Quo,Mongolia,MNG,2021-05-03,v8,TRUE
2020-11-22,infections,0.79,0.8,0.81,0.81,0.82,0.82,Maintain Status Quo,Mongolia,MNG,2021-05-03,v8,TRUE
2020-11-22,prevalence,5.23,5.28,5.34,5.34,5.4,5.45,Maintain Status Quo,Mongolia,MNG,2021-05-03,v8,TRUE
2020-11-22,cumulative_infections,4.73,4.74,4.76,4.76,4.78,4.8,Maintain Status Quo,Mongolia,MNG,2021-05-03,v8,TRUE
2020-11-22,cumulative_deaths,0,0,0,0,0,0,Maintain Status Quo,Mongolia,MNG,2021-05-03,v8,TRUE
2020-11-22,Rt,1.14,1.15,1.17,1.17,1.19,1.2,Maintain Status Quo,Mongolia,MNG,2021-05-03,v8,TRUE
2020-11-22,Reff,1.14,1.15,1.17,1.17,1.19,1.2,Maintain Status Quo,Mongolia,MNG,2021-05-03,v8,TRUE
2020-11-22,deaths,0,0,0,0,0,0,Relax Interventions 50%,Mongolia,MNG,2021-05-03,v8,TRUE
2020-11-22,hospital_demand,0.02,0.02,0.02,0.02,0.02,0.02,Relax Interventions 50%,Mongolia,MNG,2021-05-03,v8,TRUE
2020-11-22,ICU_demand,0.01,0.01,0.01,0.01,0.01,0.01,Relax Interventions 50%,Mongolia,MNG,2021-05-03,v8,TRUE
2020-11-22,infections,0.79,0.8,0.81,0.81,0.82,0.82,Relax Interventions 50%,Mongolia,MNG,2021-05-03,v8,TRUE
2020-11-22,prevalence,5.23,5.28,5.34,5.34,5.4,5.45,Relax Interventions 50%,Mongolia,MNG,2021-05-03,v8,TRUE
2020-11-22,cumulative_infections,4.73,4.74,4.76,4.76,4.78,4.8,Relax Interventions 50%,Mongolia,MNG,2021-05-03,v8,TRUE
2020-11-22,cumulative_deaths,0,0,0,0,0,0,Relax Interventions 50%,Mongolia,MNG,2021-05-03,v8,TRUE
2020-11-22,Rt,1.14,1.15,1.17,1.17,1.19,1.2,Relax Interventions 50%,Mongolia,MNG,2021-05-03,v8,TRUE
2020-11-22,Reff,1.14,1.15,1.17,1.17,1.19,1.2,Relax Interventions 50%,Mongolia,MNG,2021-05-03,v8,TRUE
2020-11-22,deaths,0,0,0,0,0,0,Surged Additional 50% Reduction,Mongolia,MNG,2021-05-03,v8,TRUE
2020-11-22,hospital_demand,0.02,0.02,0.02,0.02,0.02,0.02,Surged Additional 50% Reduction,Mongolia,MNG,2021-05-03,v8,TRUE
2020-11-22,ICU_demand,0.01,0.01,0.01,0.01,0.01,0.01,Surged Additional 50% Reduction,Mongolia,MNG,2021-05-03,v8,TRUE
2020-11-22,infections,0.79,0.8,0.81,0.81,0.82,0.82,Surged Additional 50% Reduction,Mongolia,MNG,2021-05-03,v8,TRUE
2020-11-22,prevalence,5.23,5.28,5.34,5.34,5.4,5.45,Surged Additional 50% Reduction,Mongolia,MNG,2021-05-03,v8,TRUE
2020-11-22,cumulative_infections,4.73,4.74,4.76,4.76,4.78,4.8,Surged Additional 50% Reduction,Mongolia,MNG,2021-05-03,v8,TRUE
2020-11-22,cumulative_deaths,0,0,0,0,0,0,Surged Additional 50% Reduction,Mongolia,MNG,2021-05-03,v8,TRUE
2020-11-22,Rt,1.14,1.15,1.17,1.17,1.19,1.2,Surged Additional 50% Reduction,Mongolia,MNG,2021-05-03,v8,TRUE
2020-11-22,Reff,1.14,1.15,1.17,1.17,1.19,1.2,Surged Additional 50% Reduction,Mongolia,MNG,2021-05-03,v8,TRUE
2020-11-22,deaths,0,0,0,0,0,0,Surged Maintain Status Quo,Mongolia,MNG,2021-05-03,v8,TRUE
2020-11-22,hospital_demand,0.02,0.02,0.02,0.02,0.02,0.02,Surged Maintain Status Quo,Mongolia,MNG,2021-05-03,v8,TRUE
2020-11-22,ICU_demand,0.01,0.01,0.01,0.01,0.01,0.01,Surged Maintain Status Quo,Mongolia,MNG,2021-05-03,v8,TRUE
2020-11-22,infections,0.79,0.8,0.81,0.81,0.82,0.82,Surged Maintain Status Quo,Mongolia,MNG,2021-05-03,v8,TRUE
2020-11-22,prevalence,5.23,5.28,5.34,5.34,5.4,5.45,Surged Maintain Status Quo,Mongolia,MNG,2021-05-03,v8,TRUE
2020-11-22,cumulative_infections,4.73,4.74,4.76,4.76,4.78,4.8,Surged Maintain Status Quo,Mongolia,MNG,2021-05-03,v8,TRUE
2020-11-22,cumulative_deaths,0,0,0,0,0,0,Surged Maintain Status Quo,Mongolia,MNG,2021-05-03,v8,TRUE
2020-11-22,Rt,1.14,1.15,1.17,1.17,1.19,1.2,Surged Maintain Status Quo,Mongolia,MNG,2021-05-03,v8,TRUE
2020-11-22,Reff,1.14,1.15,1.17,1.17,1.19,1.2,Surged Maintain Status Quo,Mongolia,MNG,2021-05-03,v8,TRUE
2020-11-22,deaths,0,0,0,0,0,0,Surged Relax Interventions 50%,Mongolia,MNG,2021-05-03,v8,TRUE
2020-11-22,hospital_demand,0.02,0.02,0.02,0.02,0.02,0.02,Surged Relax Interventions 50%,Mongolia,MNG,2021-05-03,v8,TRUE
2020-11-22,ICU_demand,0.01,0.01,0.01,0.01,0.01,0.01,Surged Relax Interventions 50%,Mongolia,MNG,2021-05-03,v8,TRUE
2020-11-22,infections,0.79,0.8,0.81,0.81,0.82,0.82,Surged Relax Interventions 50%,Mongolia,MNG,2021-05-03,v8,TRUE
2020-11-22,prevalence,5.23,5.28,5.34,5.34,5.4,5.45,Surged Relax Interventions 50%,Mongolia,MNG,2021-05-03,v8,TRUE
2020-11-22,cumulative_infections,4.73,4.74,4.76,4.76,4.78,4.8,Surged Relax Interventions 50%,Mongolia,MNG,2021-05-03,v8,TRUE
2020-11-22,cumulative_deaths,0,0,0,0,0,0,Surged Relax Interventions 50%,Mongolia,MNG,2021-05-03,v8,TRUE
2020-11-22,Rt,1.14,1.15,1.17,1.17,1.19,1.2,Surged Relax Interventions 50%,Mongolia,MNG,2021-05-03,v8,TRUE
2020-11-22,Reff,1.14,1.15,1.17,1.17,1.19,1.2,Surged Relax Interventions 50%,Mongolia,MNG,2021-05-03,v8,TRUE
2020-11-23,deaths,0,0,0,0,0,0,Additional 50% Reduction,Mongolia,MNG,2021-05-03,v8,TRUE
2020-11-23,hospital_demand,0.02,0.02,0.02,0.02,0.02,0.02,Additional 50% Reduction,Mongolia,MNG,2021-05-03,v8,TRUE
2020-11-23,ICU_demand,0.01,0.01,0.01,0.01,0.01,0.01,Additional 50% Reduction,Mongolia,MNG,2021-05-03,v8,TRUE
2020-11-23,infections,0.79,0.8,0.81,0.81,0.82,0.83,Additional 50% Reduction,Mongolia,MNG,2021-05-03,v8,TRUE
2020-11-23,prevalence,5.37,5.43,5.51,5.51,5.58,5.65,Additional 50% Reduction,Mongolia,MNG,2021-05-03,v8,TRUE
2020-11-23,cumulative_infections,5.52,5.55,5.58,5.58,5.61,5.63,Additional 50% Reduction,Mongolia,MNG,2021-05-03,v8,TRUE
2020-11-23,cumulative_deaths,0,0,0,0,0,0,Additional 50% Reduction,Mongolia,MNG,2021-05-03,v8,TRUE
2020-11-23,Rt,1.11,1.12,1.14,1.14,1.16,1.17,Additional 50% Reduction,Mongolia,MNG,2021-05-03,v8,TRUE
2020-11-23,Reff,1.11,1.12,1.14,1.14,1.16,1.17,Additional 50% Reduction,Mongolia,MNG,2021-05-03,v8,TRUE
2020-11-23,deaths,0,0,0,0,0,0,Maintain Status Quo,Mongolia,MNG,2021-05-03,v8,TRUE
2020-11-23,hospital_demand,0.02,0.02,0.02,0.02,0.02,0.02,Maintain Status Quo,Mongolia,MNG,2021-05-03,v8,TRUE
2020-11-23,ICU_demand,0.01,0.01,0.01,0.01,0.01,0.01,Maintain Status Quo,Mongolia,MNG,2021-05-03,v8,TRUE
2020-11-23,infections,0.79,0.8,0.81,0.81,0.82,0.83,Maintain Status Quo,Mongolia,MNG,2021-05-03,v8,TRUE
2020-11-23,prevalence,5.37,5.43,5.51,5.51,5.58,5.65,Maintain Status Quo,Mongolia,MNG,2021-05-03,v8,TRUE
2020-11-23,cumulative_infections,5.52,5.55,5.58,5.58,5.61,5.63,Maintain Status Quo,Mongolia,MNG,2021-05-03,v8,TRUE
2020-11-23,cumulative_deaths,0,0,0,0,0,0,Maintain Status Quo,Mongolia,MNG,2021-05-03,v8,TRUE
2020-11-23,Rt,1.11,1.12,1.14,1.14,1.16,1.17,Maintain Status Quo,Mongolia,MNG,2021-05-03,v8,TRUE
2020-11-23,Reff,1.11,1.12,1.14,1.14,1.16,1.17,Maintain Status Quo,Mongolia,MNG,2021-05-03,v8,TRUE
2020-11-23,deaths,0,0,0,0,0,0,Relax Interventions 50%,Mongolia,MNG,2021-05-03,v8,TRUE
2020-11-23,hospital_demand,0.02,0.02,0.02,0.02,0.02,0.02,Relax Interventions 50%,Mongolia,MNG,2021-05-03,v8,TRUE
2020-11-23,ICU_demand,0.01,0.01,0.01,0.01,0.01,0.01,Relax Interventions 50%,Mongolia,MNG,2021-05-03,v8,TRUE
2020-11-23,infections,0.79,0.8,0.81,0.81,0.82,0.83,Relax Interventions 50%,Mongolia,MNG,2021-05-03,v8,TRUE
2020-11-23,prevalence,5.37,5.43,5.51,5.51,5.58,5.65,Relax Interventions 50%,Mongolia,MNG,2021-05-03,v8,TRUE
2020-11-23,cumulative_infections,5.52,5.55,5.58,5.58,5.61,5.63,Relax Interventions 50%,Mongolia,MNG,2021-05-03,v8,TRUE
2020-11-23,cumulative_deaths,0,0,0,0,0,0,Relax Interventions 50%,Mongolia,MNG,2021-05-03,v8,TRUE
2020-11-23,Rt,1.11,1.12,1.14,1.14,1.16,1.17,Relax Interventions 50%,Mongolia,MNG,2021-05-03,v8,TRUE
2020-11-23,Reff,1.11,1.12,1.14,1.14,1.16,1.17,Relax Interventions 50%,Mongolia,MNG,2021-05-03,v8,TRUE
2020-11-23,deaths,0,0,0,0,0,0,Surged Additional 50% Reduction,Mongolia,MNG,2021-05-03,v8,TRUE
2020-11-23,hospital_demand,0.02,0.02,0.02,0.02,0.02,0.02,Surged Additional 50% Reduction,Mongolia,MNG,2021-05-03,v8,TRUE
2020-11-23,ICU_demand,0.01,0.01,0.01,0.01,0.01,0.01,Surged Additional 50% Reduction,Mongolia,MNG,2021-05-03,v8,TRUE
2020-11-23,infections,0.79,0.8,0.81,0.81,0.82,0.83,Surged Additional 50% Reduction,Mongolia,MNG,2021-05-03,v8,TRUE
2020-11-23,prevalence,5.37,5.43,5.51,5.51,5.58,5.65,Surged Additional 50% Reduction,Mongolia,MNG,2021-05-03,v8,TRUE
2020-11-23,cumulative_infections,5.52,5.55,5.58,5.58,5.61,5.63,Surged Additional 50% Reduction,Mongolia,MNG,2021-05-03,v8,TRUE
2020-11-23,cumulative_deaths,0,0,0,0,0,0,Surged Additional 50% Reduction,Mongolia,MNG,2021-05-03,v8,TRUE
2020-11-23,Rt,1.11,1.12,1.14,1.14,1.16,1.17,Surged Additional 50% Reduction,Mongolia,MNG,2021-05-03,v8,TRUE
2020-11-23,Reff,1.11,1.12,1.14,1.14,1.16,1.17,Surged Additional 50% Reduction,Mongolia,MNG,2021-05-03,v8,TRUE
2020-11-23,deaths,0,0,0,0,0,0,Surged Maintain Status Quo,Mongolia,MNG,2021-05-03,v8,TRUE
2020-11-23,hospital_demand,0.02,0.02,0.02,0.02,0.02,0.02,Surged Maintain Status Quo,Mongolia,MNG,2021-05-03,v8,TRUE
2020-11-23,ICU_demand,0.01,0.01,0.01,0.01,0.01,0.01,Surged Maintain Status Quo,Mongolia,MNG,2021-05-03,v8,TRUE
2020-11-23,infections,0.79,0.8,0.81,0.81,0.82,0.83,Surged Maintain Status Quo,Mongolia,MNG,2021-05-03,v8,TRUE
2020-11-23,prevalence,5.37,5.43,5.51,5.51,5.58,5.65,Surged Maintain Status Quo,Mongolia,MNG,2021-05-03,v8,TRUE
2020-11-23,cumulative_infections,5.52,5.55,5.58,5.58,5.61,5.63,Surged Maintain Status Quo,Mongolia,MNG,2021-05-03,v8,TRUE
2020-11-23,cumulative_deaths,0,0,0,0,0,0,Surged Maintain Status Quo,Mongolia,MNG,2021-05-03,v8,TRUE
2020-11-23,Rt,1.11,1.12,1.14,1.14,1.16,1.17,Surged Maintain Status Quo,Mongolia,MNG,2021-05-03,v8,TRUE
2020-11-23,Reff,1.11,1.12,1.14,1.14,1.16,1.17,Surged Maintain Status Quo,Mongolia,MNG,2021-05-03,v8,TRUE
2020-11-23,deaths,0,0,0,0,0,0,Surged Relax Interventions 50%,Mongolia,MNG,2021-05-03,v8,TRUE
2020-11-23,hospital_demand,0.02,0.02,0.02,0.02,0.02,0.02,Surged Relax Interventions 50%,Mongolia,MNG,2021-05-03,v8,TRUE
2020-11-23,ICU_demand,0.01,0.01,0.01,0.01,0.01,0.01,Surged Relax Interventions 50%,Mongolia,MNG,2021-05-03,v8,TRUE
2020-11-23,infections,0.79,0.8,0.81,0.81,0.82,0.83,Surged Relax Interventions 50%,Mongolia,MNG,2021-05-03,v8,TRUE
2020-11-23,prevalence,5.37,5.43,5.51,5.51,5.58,5.65,Surged Relax Interventions 50%,Mongolia,MNG,2021-05-03,v8,TRUE
2020-11-23,cumulative_infections,5.52,5.55,5.58,5.58,5.61,5.63,Surged Relax Interventions 50%,Mongolia,MNG,2021-05-03,v8,TRUE
2020-11-23,cumulative_deaths,0,0,0,0,0,0,Surged Relax Interventions 50%,Mongolia,MNG,2021-05-03,v8,TRUE
2020-11-23,Rt,1.11,1.12,1.14,1.14,1.16,1.17,Surged Relax Interventions 50%,Mongolia,MNG,2021-05-03,v8,TRUE
2020-11-23,Reff,1.11,1.12,1.14,1.14,1.16,1.17,Surged Relax Interventions 50%,Mongolia,MNG,2021-05-03,v8,TRUE
2020-11-24,deaths,0,0,0,0,0,0,Additional 50% Reduction,Mongolia,MNG,2021-05-03,v8,TRUE
2020-11-24,hospital_demand,0.03,0.03,0.03,0.03,0.03,0.03,Additional 50% Reduction,Mongolia,MNG,2021-05-03,v8,TRUE
2020-11-24,ICU_demand,0.01,0.01,0.01,0.01,0.01,0.01,Additional 50% Reduction,Mongolia,MNG,2021-05-03,v8,TRUE
2020-11-24,infections,0.81,0.82,0.83,0.83,0.84,0.85,Additional 50% Reduction,Mongolia,MNG,2021-05-03,v8,TRUE
2020-11-24,prevalence,5.49,5.57,5.66,5.66,5.75,5.83,Additional 50% Reduction,Mongolia,MNG,2021-05-03,v8,TRUE
2020-11-24,cumulative_infections,6.33,6.37,6.41,6.41,6.45,6.49,Additional 50% Reduction,Mongolia,MNG,2021-05-03,v8,TRUE
2020-11-24,cumulative_deaths,0,0,0,0,0,0,Additional 50% Reduction,Mongolia,MNG,2021-05-03,v8,TRUE
2020-11-24,Rt,1.07,1.11,1.15,1.15,1.19,1.23,Additional 50% Reduction,Mongolia,MNG,2021-05-03,v8,TRUE
2020-11-24,Reff,1.07,1.11,1.15,1.15,1.19,1.23,Additional 50% Reduction,Mongolia,MNG,2021-05-03,v8,TRUE
2020-11-24,deaths,0,0,0,0,0,0,Maintain Status Quo,Mongolia,MNG,2021-05-03,v8,TRUE
2020-11-24,hospital_demand,0.03,0.03,0.03,0.03,0.03,0.03,Maintain Status Quo,Mongolia,MNG,2021-05-03,v8,TRUE
2020-11-24,ICU_demand,0.01,0.01,0.01,0.01,0.01,0.01,Maintain Status Quo,Mongolia,MNG,2021-05-03,v8,TRUE
2020-11-24,infections,0.81,0.82,0.83,0.83,0.84,0.85,Maintain Status Quo,Mongolia,MNG,2021-05-03,v8,TRUE
2020-11-24,prevalence,5.49,5.57,5.66,5.66,5.75,5.83,Maintain Status Quo,Mongolia,MNG,2021-05-03,v8,TRUE
2020-11-24,cumulative_infections,6.33,6.37,6.41,6.41,6.45,6.49,Maintain Status Quo,Mongolia,MNG,2021-05-03,v8,TRUE
2020-11-24,cumulative_deaths,0,0,0,0,0,0,Maintain Status Quo,Mongolia,MNG,2021-05-03,v8,TRUE
2020-11-24,Rt,1.07,1.11,1.15,1.15,1.19,1.23,Maintain Status Quo,Mongolia,MNG,2021-05-03,v8,TRUE
2020-11-24,Reff,1.07,1.11,1.15,1.15,1.19,1.23,Maintain Status Quo,Mongolia,MNG,2021-05-03,v8,TRUE
2020-11-24,deaths,0,0,0,0,0,0,Relax Interventions 50%,Mongolia,MNG,2021-05-03,v8,TRUE
2020-11-24,hospital_demand,0.03,0.03,0.03,0.03,0.03,0.03,Relax Interventions 50%,Mongolia,MNG,2021-05-03,v8,TRUE
2020-11-24,ICU_demand,0.01,0.01,0.01,0.01,0.01,0.01,Relax Interventions 50%,Mongolia,MNG,2021-05-03,v8,TRUE
2020-11-24,infections,0.81,0.82,0.83,0.83,0.84,0.85,Relax Interventions 50%,Mongolia,MNG,2021-05-03,v8,TRUE
2020-11-24,prevalence,5.49,5.57,5.66,5.66,5.75,5.83,Relax Interventions 50%,Mongolia,MNG,2021-05-03,v8,TRUE
2020-11-24,cumulative_infections,6.33,6.37,6.41,6.41,6.45,6.49,Relax Interventions 50%,Mongolia,MNG,2021-05-03,v8,TRUE
2020-11-24,cumulative_deaths,0,0,0,0,0,0,Relax Interventions 50%,Mongolia,MNG,2021-05-03,v8,TRUE
2020-11-24,Rt,1.07,1.11,1.15,1.15,1.19,1.23,Relax Interventions 50%,Mongolia,MNG,2021-05-03,v8,TRUE
2020-11-24,Reff,1.07,1.11,1.15,1.15,1.19,1.23,Relax Interventions 50%,Mongolia,MNG,2021-05-03,v8,TRUE
2020-11-24,deaths,0,0,0,0,0,0,Surged Additional 50% Reduction,Mongolia,MNG,2021-05-03,v8,TRUE
2020-11-24,hospital_demand,0.03,0.03,0.03,0.03,0.03,0.03,Surged Additional 50% Reduction,Mongolia,MNG,2021-05-03,v8,TRUE
2020-11-24,ICU_demand,0.01,0.01,0.01,0.01,0.01,0.01,Surged Additional 50% Reduction,Mongolia,MNG,2021-05-03,v8,TRUE
2020-11-24,infections,0.81,0.82,0.83,0.83,0.84,0.85,Surged Additional 50% Reduction,Mongolia,MNG,2021-05-03,v8,TRUE
2020-11-24,prevalence,5.49,5.57,5.66,5.66,5.75,5.83,Surged Additional 50% Reduction,Mongolia,MNG,2021-05-03,v8,TRUE
2020-11-24,cumulative_infections,6.33,6.37,6.41,6.41,6.45,6.49,Surged Additional 50% Reduction,Mongolia,MNG,2021-05-03,v8,TRUE
2020-11-24,cumulative_deaths,0,0,0,0,0,0,Surged Additional 50% Reduction,Mongolia,MNG,2021-05-03,v8,TRUE
2020-11-24,Rt,1.07,1.11,1.15,1.15,1.19,1.23,Surged Additional 50% Reduction,Mongolia,MNG,2021-05-03,v8,TRUE
2020-11-24,Reff,1.07,1.11,1.15,1.15,1.19,1.23,Surged Additional 50% Reduction,Mongolia,MNG,2021-05-03,v8,TRUE
2020-11-24,deaths,0,0,0,0,0,0,Surged Maintain Status Quo,Mongolia,MNG,2021-05-03,v8,TRUE
2020-11-24,hospital_demand,0.03,0.03,0.03,0.03,0.03,0.03,Surged Maintain Status Quo,Mongolia,MNG,2021-05-03,v8,TRUE
2020-11-24,ICU_demand,0.01,0.01,0.01,0.01,0.01,0.01,Surged Maintain Status Quo,Mongolia,MNG,2021-05-03,v8,TRUE
2020-11-24,infections,0.81,0.82,0.83,0.83,0.84,0.85,Surged Maintain Status Quo,Mongolia,MNG,2021-05-03,v8,TRUE
2020-11-24,prevalence,5.49,5.57,5.66,5.66,5.75,5.83,Surged Maintain Status Quo,Mongolia,MNG,2021-05-03,v8,TRUE
2020-11-24,cumulative_infections,6.33,6.37,6.41,6.41,6.45,6.49,Surged Maintain Status Quo,Mongolia,MNG,2021-05-03,v8,TRUE
2020-11-24,cumulative_deaths,0,0,0,0,0,0,Surged Maintain Status Quo,Mongolia,MNG,2021-05-03,v8,TRUE
2020-11-24,Rt,1.07,1.11,1.15,1.15,1.19,1.23,Surged Maintain Status Quo,Mongolia,MNG,2021-05-03,v8,TRUE
2020-11-24,Reff,1.07,1.11,1.15,1.15,1.19,1.23,Surged Maintain Status Quo,Mongolia,MNG,2021-05-03,v8,TRUE
2020-11-24,deaths,0,0,0,0,0,0,Surged Relax Interventions 50%,Mongolia,MNG,2021-05-03,v8,TRUE
2020-11-24,hospital_demand,0.03,0.03,0.03,0.03,0.03,0.03,Surged Relax Interventions 50%,Mongolia,MNG,2021-05-03,v8,TRUE
2020-11-24,ICU_demand,0.01,0.01,0.01,0.01,0.01,0.01,Surged Relax Interventions 50%,Mongolia,MNG,2021-05-03,v8,TRUE
2020-11-24,infections,0.81,0.82,0.83,0.83,0.84,0.85,Surged Relax Interventions 50%,Mongolia,MNG,2021-05-03,v8,TRUE
2020-11-24,prevalence,5.49,5.57,5.66,5.66,5.75,5.83,Surged Relax Interventions 50%,Mongolia,MNG,2021-05-03,v8,TRUE
2020-11-24,cumulative_infections,6.33,6.37,6.41,6.41,6.45,6.49,Surged Relax Interventions 50%,Mongolia,MNG,2021-05-03,v8,TRUE
2020-11-24,cumulative_deaths,0,0,0,0,0,0,Surged Relax Interventions 50%,Mongolia,MNG,2021-05-03,v8,TRUE
2020-11-24,Rt,1.07,1.11,1.15,1.15,1.19,1.23,Surged Relax Interventions 50%,Mongolia,MNG,2021-05-03,v8,TRUE
2020-11-24,Reff,1.07,1.11,1.15,1.15,1.19,1.23,Surged Relax Interventions 50%,Mongolia,MNG,2021-05-03,v8,TRUE
2020-11-25,deaths,0,0,0,0,0,0,Additional 50% Reduction,Mongolia,MNG,2021-05-03,v8,TRUE
2020-11-25,hospital_demand,0.04,0.04,0.04,0.04,0.04,0.04,Additional 50% Reduction,Mongolia,MNG,2021-05-03,v8,TRUE
2020-11-25,ICU_demand,0.01,0.01,0.01,0.01,0.01,0.01,Additional 50% Reduction,Mongolia,MNG,2021-05-03,v8,TRUE
2020-11-25,infections,0.82,0.84,0.85,0.85,0.87,0.88,Additional 50% Reduction,Mongolia,MNG,2021-05-03,v8,TRUE
2020-11-25,prevalence,5.59,5.7,5.82,5.82,5.95,6.06,Additional 50% Reduction,Mongolia,MNG,2021-05-03,v8,TRUE
2020-11-25,cumulative_infections,7.15,7.2,7.26,7.26,7.32,7.37,Additional 50% Reduction,Mongolia,MNG,2021-05-03,v8,TRUE
2020-11-25,cumulative_deaths,0,0,0,0,0,0,Additional 50% Reduction,Mongolia,MNG,2021-05-03,v8,TRUE
2020-11-25,Rt,1.08,1.12,1.16,1.16,1.21,1.24,Additional 50% Reduction,Mongolia,MNG,2021-05-03,v8,TRUE
2020-11-25,Reff,1.08,1.12,1.16,1.16,1.2,1.24,Additional 50% Reduction,Mongolia,MNG,2021-05-03,v8,TRUE
2020-11-25,deaths,0,0,0,0,0,0,Maintain Status Quo,Mongolia,MNG,2021-05-03,v8,TRUE
2020-11-25,hospital_demand,0.04,0.04,0.04,0.04,0.04,0.04,Maintain Status Quo,Mongolia,MNG,2021-05-03,v8,TRUE
2020-11-25,ICU_demand,0.01,0.01,0.01,0.01,0.01,0.01,Maintain Status Quo,Mongolia,MNG,2021-05-03,v8,TRUE
2020-11-25,infections,0.82,0.84,0.85,0.85,0.87,0.88,Maintain Status Quo,Mongolia,MNG,2021-05-03,v8,TRUE
2020-11-25,prevalence,5.59,5.7,5.82,5.82,5.95,6.06,Maintain Status Quo,Mongolia,MNG,2021-05-03,v8,TRUE
2020-11-25,cumulative_infections,7.15,7.2,7.26,7.26,7.32,7.37,Maintain Status Quo,Mongolia,MNG,2021-05-03,v8,TRUE
2020-11-25,cumulative_deaths,0,0,0,0,0,0,Maintain Status Quo,Mongolia,MNG,2021-05-03,v8,TRUE
2020-11-25,Rt,1.08,1.12,1.16,1.16,1.21,1.24,Maintain Status Quo,Mongolia,MNG,2021-05-03,v8,TRUE
2020-11-25,Reff,1.08,1.12,1.16,1.16,1.2,1.24,Maintain Status Quo,Mongolia,MNG,2021-05-03,v8,TRUE
2020-11-25,deaths,0,0,0,0,0,0,Relax Interventions 50%,Mongolia,MNG,2021-05-03,v8,TRUE
2020-11-25,hospital_demand,0.04,0.04,0.04,0.04,0.04,0.04,Relax Interventions 50%,Mongolia,MNG,2021-05-03,v8,TRUE
2020-11-25,ICU_demand,0.01,0.01,0.01,0.01,0.01,0.01,Relax Interventions 50%,Mongolia,MNG,2021-05-03,v8,TRUE
2020-11-25,infections,0.82,0.84,0.85,0.85,0.87,0.88,Relax Interventions 50%,Mongolia,MNG,2021-05-03,v8,TRUE
2020-11-25,prevalence,5.59,5.7,5.82,5.82,5.95,6.06,Relax Interventions 50%,Mongolia,MNG,2021-05-03,v8,TRUE
2020-11-25,cumulative_infections,7.15,7.2,7.26,7.26,7.32,7.37,Relax Interventions 50%,Mongolia,MNG,2021-05-03,v8,TRUE
2020-11-25,cumulative_deaths,0,0,0,0,0,0,Relax Interventions 50%,Mongolia,MNG,2021-05-03,v8,TRUE
2020-11-25,Rt,1.08,1.12,1.16,1.16,1.21,1.24,Relax Interventions 50%,Mongolia,MNG,2021-05-03,v8,TRUE
2020-11-25,Reff,1.08,1.12,1.16,1.16,1.2,1.24,Relax Interventions 50%,Mongolia,MNG,2021-05-03,v8,TRUE
2020-11-25,deaths,0,0,0,0,0,0,Surged Additional 50% Reduction,Mongolia,MNG,2021-05-03,v8,TRUE
2020-11-25,hospital_demand,0.04,0.04,0.04,0.04,0.04,0.04,Surged Additional 50% Reduction,Mongolia,MNG,2021-05-03,v8,TRUE
2020-11-25,ICU_demand,0.01,0.01,0.01,0.01,0.01,0.01,Surged Additional 50% Reduction,Mongolia,MNG,2021-05-03,v8,TRUE
2020-11-25,infections,0.82,0.84,0.85,0.85,0.87,0.88,Surged Additional 50% Reduction,Mongolia,MNG,2021-05-03,v8,TRUE
2020-11-25,prevalence,5.59,5.7,5.82,5.82,5.95,6.06,Surged Additional 50% Reduction,Mongolia,MNG,2021-05-03,v8,TRUE
2020-11-25,cumulative_infections,7.15,7.2,7.26,7.26,7.32,7.37,Surged Additional 50% Reduction,Mongolia,MNG,2021-05-03,v8,TRUE
2020-11-25,cumulative_deaths,0,0,0,0,0,0,Surged Additional 50% Reduction,Mongolia,MNG,2021-05-03,v8,TRUE
2020-11-25,Rt,1.08,1.12,1.16,1.16,1.21,1.24,Surged Additional 50% Reduction,Mongolia,MNG,2021-05-03,v8,TRUE
2020-11-25,Reff,1.08,1.12,1.16,1.16,1.2,1.24,Surged Additional 50% Reduction,Mongolia,MNG,2021-05-03,v8,TRUE
2020-11-25,deaths,0,0,0,0,0,0,Surged Maintain Status Quo,Mongolia,MNG,2021-05-03,v8,TRUE
2020-11-25,hospital_demand,0.04,0.04,0.04,0.04,0.04,0.04,Surged Maintain Status Quo,Mongolia,MNG,2021-05-03,v8,TRUE
2020-11-25,ICU_demand,0.01,0.01,0.01,0.01,0.01,0.01,Surged Maintain Status Quo,Mongolia,MNG,2021-05-03,v8,TRUE
2020-11-25,infections,0.82,0.84,0.85,0.85,0.87,0.88,Surged Maintain Status Quo,Mongolia,MNG,2021-05-03,v8,TRUE
2020-11-25,prevalence,5.59,5.7,5.82,5.82,5.95,6.06,Surged Maintain Status Quo,Mongolia,MNG,2021-05-03,v8,TRUE
2020-11-25,cumulative_infections,7.15,7.2,7.26,7.26,7.32,7.37,Surged Maintain Status Quo,Mongolia,MNG,2021-05-03,v8,TRUE
2020-11-25,cumulative_deaths,0,0,0,0,0,0,Surged Maintain Status Quo,Mongolia,MNG,2021-05-03,v8,TRUE
2020-11-25,Rt,1.08,1.12,1.16,1.16,1.21,1.24,Surged Maintain Status Quo,Mongolia,MNG,2021-05-03,v8,TRUE
2020-11-25,Reff,1.08,1.12,1.16,1.16,1.2,1.24,Surged Maintain Status Quo,Mongolia,MNG,2021-05-03,v8,TRUE
2020-11-25,deaths,0,0,0,0,0,0,Surged Relax Interventions 50%,Mongolia,MNG,2021-05-03,v8,TRUE
2020-11-25,hospital_demand,0.04,0.04,0.04,0.04,0.04,0.04,Surged Relax Interventions 50%,Mongolia,MNG,2021-05-03,v8,TRUE
2020-11-25,ICU_demand,0.01,0.01,0.01,0.01,0.01,0.01,Surged Relax Interventions 50%,Mongolia,MNG,2021-05-03,v8,TRUE
2020-11-25,infections,0.82,0.84,0.85,0.85,0.87,0.88,Surged Relax Interventions 50%,Mongolia,MNG,2021-05-03,v8,TRUE
2020-11-25,prevalence,5.59,5.7,5.82,5.82,5.95,6.06,Surged Relax Interventions 50%,Mongolia,MNG,2021-05-03,v8,TRUE
2020-11-25,cumulative_infections,7.15,7.2,7.26,7.26,7.32,7.37,Surged Relax Interventions 50%,Mongolia,MNG,2021-05-03,v8,TRUE
2020-11-25,cumulative_deaths,0,0,0,0,0,0,Surged Relax Interventions 50%,Mongolia,MNG,2021-05-03,v8,TRUE
2020-11-25,Rt,1.08,1.12,1.16,1.16,1.21,1.24,Surged Relax Interventions 50%,Mongolia,MNG,2021-05-03,v8,TRUE
2020-11-25,Reff,1.08,1.12,1.16,1.16,1.2,1.24,Surged Relax Interventions 50%,Mongolia,MNG,2021-05-03,v8,TRUE
2020-11-26,deaths,0,0,0,0,0,0,Additional 50% Reduction,Mongolia,MNG,2021-05-03,v8,TRUE
2020-11-26,hospital_demand,0.04,0.04,0.04,0.04,0.04,0.04,Additional 50% Reduction,Mongolia,MNG,2021-05-03,v8,TRUE
2020-11-26,ICU_demand,0.01,0.01,0.01,0.01,0.01,0.01,Additional 50% Reduction,Mongolia,MNG,2021-05-03,v8,TRUE
2020-11-26,infections,0.83,0.85,0.88,0.88,0.9,0.92,Additional 50% Reduction,Mongolia,MNG,2021-05-03,v8,TRUE
2020-11-26,prevalence,5.69,5.83,5.99,5.99,6.16,6.3,Additional 50% Reduction,Mongolia,MNG,2021-05-03,v8,TRUE
2020-11-26,cumulative_infections,7.98,8.06,8.14,8.14,8.22,8.29,Additional 50% Reduction,Mongolia,MNG,2021-05-03,v8,TRUE
2020-11-26,cumulative_deaths,0,0,0,0,0,0,Additional 50% Reduction,Mongolia,MNG,2021-05-03,v8,TRUE
2020-11-26,Rt,0.94,0.98,1.02,1.02,1.06,1.1,Additional 50% Reduction,Mongolia,MNG,2021-05-03,v8,TRUE
2020-11-26,Reff,0.94,0.98,1.02,1.02,1.06,1.1,Additional 50% Reduction,Mongolia,MNG,2021-05-03,v8,TRUE
2020-11-26,deaths,0,0,0,0,0,0,Maintain Status Quo,Mongolia,MNG,2021-05-03,v8,TRUE
2020-11-26,hospital_demand,0.04,0.04,0.04,0.04,0.04,0.04,Maintain Status Quo,Mongolia,MNG,2021-05-03,v8,TRUE
2020-11-26,ICU_demand,0.01,0.01,0.01,0.01,0.01,0.01,Maintain Status Quo,Mongolia,MNG,2021-05-03,v8,TRUE
2020-11-26,infections,0.83,0.85,0.88,0.88,0.9,0.92,Maintain Status Quo,Mongolia,MNG,2021-05-03,v8,TRUE
2020-11-26,prevalence,5.69,5.83,5.99,5.99,6.16,6.3,Maintain Status Quo,Mongolia,MNG,2021-05-03,v8,TRUE
2020-11-26,cumulative_infections,7.98,8.06,8.14,8.14,8.22,8.29,Maintain Status Quo,Mongolia,MNG,2021-05-03,v8,TRUE
2020-11-26,cumulative_deaths,0,0,0,0,0,0,Maintain Status Quo,Mongolia,MNG,2021-05-03,v8,TRUE
2020-11-26,Rt,0.94,0.98,1.02,1.02,1.06,1.1,Maintain Status Quo,Mongolia,MNG,2021-05-03,v8,TRUE
2020-11-26,Reff,0.94,0.98,1.02,1.02,1.06,1.1,Maintain Status Quo,Mongolia,MNG,2021-05-03,v8,TRUE
2020-11-26,deaths,0,0,0,0,0,0,Relax Interventions 50%,Mongolia,MNG,2021-05-03,v8,TRUE
2020-11-26,hospital_demand,0.04,0.04,0.04,0.04,0.04,0.04,Relax Interventions 50%,Mongolia,MNG,2021-05-03,v8,TRUE
2020-11-26,ICU_demand,0.01,0.01,0.01,0.01,0.01,0.01,Relax Interventions 50%,Mongolia,MNG,2021-05-03,v8,TRUE
2020-11-26,infections,0.83,0.85,0.88,0.88,0.9,0.92,Relax Interventions 50%,Mongolia,MNG,2021-05-03,v8,TRUE
2020-11-26,prevalence,5.69,5.83,5.99,5.99,6.16,6.3,Relax Interventions 50%,Mongolia,MNG,2021-05-03,v8,TRUE
2020-11-26,cumulative_infections,7.98,8.06,8.14,8.14,8.22,8.29,Relax Interventions 50%,Mongolia,MNG,2021-05-03,v8,TRUE
2020-11-26,cumulative_deaths,0,0,0,0,0,0,Relax Interventions 50%,Mongolia,MNG,2021-05-03,v8,TRUE
2020-11-26,Rt,0.94,0.98,1.02,1.02,1.06,1.1,Relax Interventions 50%,Mongolia,MNG,2021-05-03,v8,TRUE
2020-11-26,Reff,0.94,0.98,1.02,1.02,1.06,1.1,Relax Interventions 50%,Mongolia,MNG,2021-05-03,v8,TRUE
2020-11-26,deaths,0,0,0,0,0,0,Surged Additional 50% Reduction,Mongolia,MNG,2021-05-03,v8,TRUE
2020-11-26,hospital_demand,0.04,0.04,0.04,0.04,0.04,0.04,Surged Additional 50% Reduction,Mongolia,MNG,2021-05-03,v8,TRUE
2020-11-26,ICU_demand,0.01,0.01,0.01,0.01,0.01,0.01,Surged Additional 50% Reduction,Mongolia,MNG,2021-05-03,v8,TRUE
2020-11-26,infections,0.83,0.85,0.88,0.88,0.9,0.92,Surged Additional 50% Reduction,Mongolia,MNG,2021-05-03,v8,TRUE
2020-11-26,prevalence,5.69,5.83,5.99,5.99,6.16,6.3,Surged Additional 50% Reduction,Mongolia,MNG,2021-05-03,v8,TRUE
2020-11-26,cumulative_infections,7.98,8.06,8.14,8.14,8.22,8.29,Surged Additional 50% Reduction,Mongolia,MNG,2021-05-03,v8,TRUE
2020-11-26,cumulative_deaths,0,0,0,0,0,0,Surged Additional 50% Reduction,Mongolia,MNG,2021-05-03,v8,TRUE
2020-11-26,Rt,0.94,0.98,1.02,1.02,1.06,1.1,Surged Additional 50% Reduction,Mongolia,MNG,2021-05-03,v8,TRUE
2020-11-26,Reff,0.94,0.98,1.02,1.02,1.06,1.1,Surged Additional 50% Reduction,Mongolia,MNG,2021-05-03,v8,TRUE
2020-11-26,deaths,0,0,0,0,0,0,Surged Maintain Status Quo,Mongolia,MNG,2021-05-03,v8,TRUE
2020-11-26,hospital_demand,0.04,0.04,0.04,0.04,0.04,0.04,Surged Maintain Status Quo,Mongolia,MNG,2021-05-03,v8,TRUE
2020-11-26,ICU_demand,0.01,0.01,0.01,0.01,0.01,0.01,Surged Maintain Status Quo,Mongolia,MNG,2021-05-03,v8,TRUE
2020-11-26,infections,0.83,0.85,0.88,0.88,0.9,0.92,Surged Maintain Status Quo,Mongolia,MNG,2021-05-03,v8,TRUE
2020-11-26,prevalence,5.69,5.83,5.99,5.99,6.16,6.3,Surged Maintain Status Quo,Mongolia,MNG,2021-05-03,v8,TRUE
2020-11-26,cumulative_infections,7.98,8.06,8.14,8.14,8.22,8.29,Surged Maintain Status Quo,Mongolia,MNG,2021-05-03,v8,TRUE
2020-11-26,cumulative_deaths,0,0,0,0,0,0,Surged Maintain Status Quo,Mongolia,MNG,2021-05-03,v8,TRUE
2020-11-26,Rt,0.94,0.98,1.02,1.02,1.06,1.1,Surged Maintain Status Quo,Mongolia,MNG,2021-05-03,v8,TRUE
2020-11-26,Reff,0.94,0.98,1.02,1.02,1.06,1.1,Surged Maintain Status Quo,Mongolia,MNG,2021-05-03,v8,TRUE
2020-11-26,deaths,0,0,0,0,0,0,Surged Relax Interventions 50%,Mongolia,MNG,2021-05-03,v8,TRUE
2020-11-26,hospital_demand,0.04,0.04,0.04,0.04,0.04,0.04,Surged Relax Interventions 50%,Mongolia,MNG,2021-05-03,v8,TRUE
2020-11-26,ICU_demand,0.01,0.01,0.01,0.01,0.01,0.01,Surged Relax Interventions 50%,Mongolia,MNG,2021-05-03,v8,TRUE
2020-11-26,infections,0.83,0.85,0.88,0.88,0.9,0.92,Surged Relax Interventions 50%,Mongolia,MNG,2021-05-03,v8,TRUE
2020-11-26,prevalence,5.69,5.83,5.99,5.99,6.16,6.3,Surged Relax Interventions 50%,Mongolia,MNG,2021-05-03,v8,TRUE
2020-11-26,cumulative_infections,7.98,8.06,8.14,8.14,8.22,8.29,Surged Relax Interventions 50%,Mongolia,MNG,2021-05-03,v8,TRUE
2020-11-26,cumulative_deaths,0,0,0,0,0,0,Surged Relax Interventions 50%,Mongolia,MNG,2021-05-03,v8,TRUE
2020-11-26,Rt,0.94,0.98,1.02,1.02,1.06,1.1,Surged Relax Interventions 50%,Mongolia,MNG,2021-05-03,v8,TRUE
2020-11-26,Reff,0.94,0.98,1.02,1.02,1.06,1.1,Surged Relax Interventions 50%,Mongolia,MNG,2021-05-03,v8,TRUE
2020-11-27,deaths,0,0,0,0,0,0,Additional 50% Reduction,Mongolia,MNG,2021-05-03,v8,TRUE
2020-11-27,hospital_demand,0.05,0.05,0.05,0.05,0.05,0.05,Additional 50% Reduction,Mongolia,MNG,2021-05-03,v8,TRUE
2020-11-27,ICU_demand,0.02,0.02,0.02,0.02,0.02,0.02,Additional 50% Reduction,Mongolia,MNG,2021-05-03,v8,TRUE
2020-11-27,infections,0.84,0.86,0.89,0.89,0.92,0.95,Additional 50% Reduction,Mongolia,MNG,2021-05-03,v8,TRUE
2020-11-27,prevalence,5.68,5.86,6.05,6.05,6.25,6.43,Additional 50% Reduction,Mongolia,MNG,2021-05-03,v8,TRUE
2020-11-27,cumulative_infections,8.82,8.92,9.03,9.03,9.14,9.23,Additional 50% Reduction,Mongolia,MNG,2021-05-03,v8,TRUE
2020-11-27,cumulative_deaths,0,0,0,0,0,0,Additional 50% Reduction,Mongolia,MNG,2021-05-03,v8,TRUE
2020-11-27,Rt,1.06,1.09,1.13,1.13,1.18,1.21,Additional 50% Reduction,Mongolia,MNG,2021-05-03,v8,TRUE
2020-11-27,Reff,1.06,1.09,1.13,1.13,1.18,1.21,Additional 50% Reduction,Mongolia,MNG,2021-05-03,v8,TRUE
2020-11-27,deaths,0,0,0,0,0,0,Maintain Status Quo,Mongolia,MNG,2021-05-03,v8,TRUE
2020-11-27,hospital_demand,0.05,0.05,0.05,0.05,0.05,0.05,Maintain Status Quo,Mongolia,MNG,2021-05-03,v8,TRUE
2020-11-27,ICU_demand,0.02,0.02,0.02,0.02,0.02,0.02,Maintain Status Quo,Mongolia,MNG,2021-05-03,v8,TRUE
2020-11-27,infections,0.84,0.86,0.89,0.89,0.92,0.95,Maintain Status Quo,Mongolia,MNG,2021-05-03,v8,TRUE
2020-11-27,prevalence,5.68,5.86,6.05,6.05,6.25,6.43,Maintain Status Quo,Mongolia,MNG,2021-05-03,v8,TRUE
2020-11-27,cumulative_infections,8.82,8.92,9.03,9.03,9.14,9.23,Maintain Status Quo,Mongolia,MNG,2021-05-03,v8,TRUE
2020-11-27,cumulative_deaths,0,0,0,0,0,0,Maintain Status Quo,Mongolia,MNG,2021-05-03,v8,TRUE
2020-11-27,Rt,1.06,1.09,1.13,1.13,1.18,1.21,Maintain Status Quo,Mongolia,MNG,2021-05-03,v8,TRUE
2020-11-27,Reff,1.06,1.09,1.13,1.13,1.18,1.21,Maintain Status Quo,Mongolia,MNG,2021-05-03,v8,TRUE
2020-11-27,deaths,0,0,0,0,0,0,Relax Interventions 50%,Mongolia,MNG,2021-05-03,v8,TRUE
2020-11-27,hospital_demand,0.05,0.05,0.05,0.05,0.05,0.05,Relax Interventions 50%,Mongolia,MNG,2021-05-03,v8,TRUE
2020-11-27,ICU_demand,0.02,0.02,0.02,0.02,0.02,0.02,Relax Interventions 50%,Mongolia,MNG,2021-05-03,v8,TRUE
2020-11-27,infections,0.84,0.86,0.89,0.89,0.92,0.95,Relax Interventions 50%,Mongolia,MNG,2021-05-03,v8,TRUE
2020-11-27,prevalence,5.68,5.86,6.05,6.05,6.25,6.43,Relax Interventions 50%,Mongolia,MNG,2021-05-03,v8,TRUE
2020-11-27,cumulative_infections,8.82,8.92,9.03,9.03,9.14,9.23,Relax Interventions 50%,Mongolia,MNG,2021-05-03,v8,TRUE
2020-11-27,cumulative_deaths,0,0,0,0,0,0,Relax Interventions 50%,Mongolia,MNG,2021-05-03,v8,TRUE
2020-11-27,Rt,1.06,1.09,1.13,1.13,1.18,1.21,Relax Interventions 50%,Mongolia,MNG,2021-05-03,v8,TRUE
2020-11-27,Reff,1.06,1.09,1.13,1.13,1.18,1.21,Relax Interventions 50%,Mongolia,MNG,2021-05-03,v8,TRUE
2020-11-27,deaths,0,0,0,0,0,0,Surged Additional 50% Reduction,Mongolia,MNG,2021-05-03,v8,TRUE
2020-11-27,hospital_demand,0.05,0.05,0.05,0.05,0.05,0.05,Surged Additional 50% Reduction,Mongolia,MNG,2021-05-03,v8,TRUE
2020-11-27,ICU_demand,0.02,0.02,0.02,0.02,0.02,0.02,Surged Additional 50% Reduction,Mongolia,MNG,2021-05-03,v8,TRUE
2020-11-27,infections,0.84,0.86,0.89,0.89,0.92,0.95,Surged Additional 50% Reduction,Mongolia,MNG,2021-05-03,v8,TRUE
2020-11-27,prevalence,5.68,5.86,6.05,6.05,6.25,6.43,Surged Additional 50% Reduction,Mongolia,MNG,2021-05-03,v8,TRUE
2020-11-27,cumulative_infections,8.82,8.92,9.03,9.03,9.14,9.23,Surged Additional 50% Reduction,Mongolia,MNG,2021-05-03,v8,TRUE
2020-11-27,cumulative_deaths,0,0,0,0,0,0,Surged Additional 50% Reduction,Mongolia,MNG,2021-05-03,v8,TRUE
2020-11-27,Rt,1.06,1.09,1.13,1.13,1.18,1.21,Surged Additional 50% Reduction,Mongolia,MNG,2021-05-03,v8,TRUE
2020-11-27,Reff,1.06,1.09,1.13,1.13,1.18,1.21,Surged Additional 50% Reduction,Mongolia,MNG,2021-05-03,v8,TRUE
2020-11-27,deaths,0,0,0,0,0,0,Surged Maintain Status Quo,Mongolia,MNG,2021-05-03,v8,TRUE
2020-11-27,hospital_demand,0.05,0.05,0.05,0.05,0.05,0.05,Surged Maintain Status Quo,Mongolia,MNG,2021-05-03,v8,TRUE
2020-11-27,ICU_demand,0.02,0.02,0.02,0.02,0.02,0.02,Surged Maintain Status Quo,Mongolia,MNG,2021-05-03,v8,TRUE
2020-11-27,infections,0.84,0.86,0.89,0.89,0.92,0.95,Surged Maintain Status Quo,Mongolia,MNG,2021-05-03,v8,TRUE
2020-11-27,prevalence,5.68,5.86,6.05,6.05,6.25,6.43,Surged Maintain Status Quo,Mongolia,MNG,2021-05-03,v8,TRUE
2020-11-27,cumulative_infections,8.82,8.92,9.03,9.03,9.14,9.23,Surged Maintain Status Quo,Mongolia,MNG,2021-05-03,v8,TRUE
2020-11-27,cumulative_deaths,0,0,0,0,0,0,Surged Maintain Status Quo,Mongolia,MNG,2021-05-03,v8,TRUE
2020-11-27,Rt,1.06,1.09,1.13,1.13,1.18,1.21,Surged Maintain Status Quo,Mongolia,MNG,2021-05-03,v8,TRUE
2020-11-27,Reff,1.06,1.09,1.13,1.13,1.18,1.21,Surged Maintain Status Quo,Mongolia,MNG,2021-05-03,v8,TRUE
2020-11-27,deaths,0,0,0,0,0,0,Surged Relax Interventions 50%,Mongolia,MNG,2021-05-03,v8,TRUE
2020-11-27,hospital_demand,0.05,0.05,0.05,0.05,0.05,0.05,Surged Relax Interventions 50%,Mongolia,MNG,2021-05-03,v8,TRUE
2020-11-27,ICU_demand,0.02,0.02,0.02,0.02,0.02,0.02,Surged Relax Interventions 50%,Mongolia,MNG,2021-05-03,v8,TRUE
2020-11-27,infections,0.84,0.86,0.89,0.89,0.92,0.95,Surged Relax Interventions 50%,Mongolia,MNG,2021-05-03,v8,TRUE
2020-11-27,prevalence,5.68,5.86,6.05,6.05,6.25,6.43,Surged Relax Interventions 50%,Mongolia,MNG,2021-05-03,v8,TRUE
2020-11-27,cumulative_infections,8.82,8.92,9.03,9.03,9.14,9.23,Surged Relax Interventions 50%,Mongolia,MNG,2021-05-03,v8,TRUE
2020-11-27,cumulative_deaths,0,0,0,0,0,0,Surged Relax Interventions 50%,Mongolia,MNG,2021-05-03,v8,TRUE
2020-11-27,Rt,1.06,1.09,1.13,1.13,1.18,1.21,Surged Relax Interventions 50%,Mongolia,MNG,2021-05-03,v8,TRUE
2020-11-27,Reff,1.06,1.09,1.13,1.13,1.18,1.21,Surged Relax Interventions 50%,Mongolia,MNG,2021-05-03,v8,TRUE
2020-11-28,deaths,0,0,0,0,0,0,Additional 50% Reduction,Mongolia,MNG,2021-05-03,v8,TRUE
2020-11-28,hospital_demand,0.06,0.06,0.06,0.06,0.06,0.06,Additional 50% Reduction,Mongolia,MNG,2021-05-03,v8,TRUE
2020-11-28,ICU_demand,0.02,0.02,0.02,0.02,0.02,0.02,Additional 50% Reduction,Mongolia,MNG,2021-05-03,v8,TRUE
2020-11-28,infections,0.84,0.87,0.91,0.91,0.94,0.97,Additional 50% Reduction,Mongolia,MNG,2021-05-03,v8,TRUE
2020-11-28,prevalence,5.75,5.96,6.19,6.19,6.43,6.64,Additional 50% Reduction,Mongolia,MNG,2021-05-03,v8,TRUE
2020-11-28,cumulative_infections,9.67,9.79,9.93,9.93,10.08,10.2,Additional 50% Reduction,Mongolia,MNG,2021-05-03,v8,TRUE
2020-11-28,cumulative_deaths,0,0,0,0,0,0,Additional 50% Reduction,Mongolia,MNG,2021-05-03,v8,TRUE
2020-11-28,Rt,1.09,1.13,1.17,1.17,1.21,1.25,Additional 50% Reduction,Mongolia,MNG,2021-05-03,v8,TRUE
2020-11-28,Reff,1.09,1.13,1.17,1.17,1.21,1.25,Additional 50% Reduction,Mongolia,MNG,2021-05-03,v8,TRUE
2020-11-28,deaths,0,0,0,0,0,0,Maintain Status Quo,Mongolia,MNG,2021-05-03,v8,TRUE
2020-11-28,hospital_demand,0.06,0.06,0.06,0.06,0.06,0.06,Maintain Status Quo,Mongolia,MNG,2021-05-03,v8,TRUE
2020-11-28,ICU_demand,0.02,0.02,0.02,0.02,0.02,0.02,Maintain Status Quo,Mongolia,MNG,2021-05-03,v8,TRUE
2020-11-28,infections,0.84,0.87,0.91,0.91,0.94,0.97,Maintain Status Quo,Mongolia,MNG,2021-05-03,v8,TRUE
2020-11-28,prevalence,5.75,5.96,6.19,6.19,6.43,6.64,Maintain Status Quo,Mongolia,MNG,2021-05-03,v8,TRUE
2020-11-28,cumulative_infections,9.67,9.79,9.93,9.93,10.08,10.2,Maintain Status Quo,Mongolia,MNG,2021-05-03,v8,TRUE
2020-11-28,cumulative_deaths,0,0,0,0,0,0,Maintain Status Quo,Mongolia,MNG,2021-05-03,v8,TRUE
2020-11-28,Rt,1.09,1.13,1.17,1.17,1.21,1.25,Maintain Status Quo,Mongolia,MNG,2021-05-03,v8,TRUE
2020-11-28,Reff,1.09,1.13,1.17,1.17,1.21,1.25,Maintain Status Quo,Mongolia,MNG,2021-05-03,v8,TRUE
2020-11-28,deaths,0,0,0,0,0,0,Relax Interventions 50%,Mongolia,MNG,2021-05-03,v8,TRUE
2020-11-28,hospital_demand,0.06,0.06,0.06,0.06,0.06,0.06,Relax Interventions 50%,Mongolia,MNG,2021-05-03,v8,TRUE
2020-11-28,ICU_demand,0.02,0.02,0.02,0.02,0.02,0.02,Relax Interventions 50%,Mongolia,MNG,2021-05-03,v8,TRUE
2020-11-28,infections,0.84,0.87,0.91,0.91,0.94,0.97,Relax Interventions 50%,Mongolia,MNG,2021-05-03,v8,TRUE
2020-11-28,prevalence,5.75,5.96,6.19,6.19,6.43,6.64,Relax Interventions 50%,Mongolia,MNG,2021-05-03,v8,TRUE
2020-11-28,cumulative_infections,9.67,9.79,9.93,9.93,10.08,10.2,Relax Interventions 50%,Mongolia,MNG,2021-05-03,v8,TRUE
2020-11-28,cumulative_deaths,0,0,0,0,0,0,Relax Interventions 50%,Mongolia,MNG,2021-05-03,v8,TRUE
2020-11-28,Rt,1.09,1.13,1.17,1.17,1.21,1.25,Relax Interventions 50%,Mongolia,MNG,2021-05-03,v8,TRUE
2020-11-28,Reff,1.09,1.13,1.17,1.17,1.21,1.25,Relax Interventions 50%,Mongolia,MNG,2021-05-03,v8,TRUE
2020-11-28,deaths,0,0,0,0,0,0,Surged Additional 50% Reduction,Mongolia,MNG,2021-05-03,v8,TRUE
2020-11-28,hospital_demand,0.06,0.06,0.06,0.06,0.06,0.06,Surged Additional 50% Reduction,Mongolia,MNG,2021-05-03,v8,TRUE
2020-11-28,ICU_demand,0.02,0.02,0.02,0.02,0.02,0.02,Surged Additional 50% Reduction,Mongolia,MNG,2021-05-03,v8,TRUE
2020-11-28,infections,0.84,0.87,0.91,0.91,0.94,0.97,Surged Additional 50% Reduction,Mongolia,MNG,2021-05-03,v8,TRUE
2020-11-28,prevalence,5.75,5.96,6.19,6.19,6.43,6.64,Surged Additional 50% Reduction,Mongolia,MNG,2021-05-03,v8,TRUE
2020-11-28,cumulative_infections,9.67,9.79,9.93,9.93,10.08,10.2,Surged Additional 50% Reduction,Mongolia,MNG,2021-05-03,v8,TRUE
2020-11-28,cumulative_deaths,0,0,0,0,0,0,Surged Additional 50% Reduction,Mongolia,MNG,2021-05-03,v8,TRUE
2020-11-28,Rt,1.09,1.13,1.17,1.17,1.21,1.25,Surged Additional 50% Reduction,Mongolia,MNG,2021-05-03,v8,TRUE
2020-11-28,Reff,1.09,1.13,1.17,1.17,1.21,1.25,Surged Additional 50% Reduction,Mongolia,MNG,2021-05-03,v8,TRUE
2020-11-28,deaths,0,0,0,0,0,0,Surged Maintain Status Quo,Mongolia,MNG,2021-05-03,v8,TRUE
2020-11-28,hospital_demand,0.06,0.06,0.06,0.06,0.06,0.06,Surged Maintain Status Quo,Mongolia,MNG,2021-05-03,v8,TRUE
2020-11-28,ICU_demand,0.02,0.02,0.02,0.02,0.02,0.02,Surged Maintain Status Quo,Mongolia,MNG,2021-05-03,v8,TRUE
2020-11-28,infections,0.84,0.87,0.91,0.91,0.94,0.97,Surged Maintain Status Quo,Mongolia,MNG,2021-05-03,v8,TRUE
2020-11-28,prevalence,5.75,5.96,6.19,6.19,6.43,6.64,Surged Maintain Status Quo,Mongolia,MNG,2021-05-03,v8,TRUE
2020-11-28,cumulative_infections,9.67,9.79,9.93,9.93,10.08,10.2,Surged Maintain Status Quo,Mongolia,MNG,2021-05-03,v8,TRUE
2020-11-28,cumulative_deaths,0,0,0,0,0,0,Surged Maintain Status Quo,Mongolia,MNG,2021-05-03,v8,TRUE
2020-11-28,Rt,1.09,1.13,1.17,1.17,1.21,1.25,Surged Maintain Status Quo,Mongolia,MNG,2021-05-03,v8,TRUE
2020-11-28,Reff,1.09,1.13,1.17,1.17,1.21,1.25,Surged Maintain Status Quo,Mongolia,MNG,2021-05-03,v8,TRUE
2020-11-28,deaths,0,0,0,0,0,0,Surged Relax Interventions 50%,Mongolia,MNG,2021-05-03,v8,TRUE
2020-11-28,hospital_demand,0.06,0.06,0.06,0.06,0.06,0.06,Surged Relax Interventions 50%,Mongolia,MNG,2021-05-03,v8,TRUE
2020-11-28,ICU_demand,0.02,0.02,0.02,0.02,0.02,0.02,Surged Relax Interventions 50%,Mongolia,MNG,2021-05-03,v8,TRUE
2020-11-28,infections,0.84,0.87,0.91,0.91,0.94,0.97,Surged Relax Interventions 50%,Mongolia,MNG,2021-05-03,v8,TRUE
2020-11-28,prevalence,5.75,5.96,6.19,6.19,6.43,6.64,Surged Relax Interventions 50%,Mongolia,MNG,2021-05-03,v8,TRUE
2020-11-28,cumulative_infections,9.67,9.79,9.93,9.93,10.08,10.2,Surged Relax Interventions 50%,Mongolia,MNG,2021-05-03,v8,TRUE
2020-11-28,cumulative_deaths,0,0,0,0,0,0,Surged Relax Interventions 50%,Mongolia,MNG,2021-05-03,v8,TRUE
2020-11-28,Rt,1.09,1.13,1.17,1.17,1.21,1.25,Surged Relax Interventions 50%,Mongolia,MNG,2021-05-03,v8,TRUE
2020-11-28,Reff,1.09,1.13,1.17,1.17,1.21,1.25,Surged Relax Interventions 50%,Mongolia,MNG,2021-05-03,v8,TRUE
2020-11-29,deaths,0,0,0,0,0,0,Additional 50% Reduction,Mongolia,MNG,2021-05-03,v8,TRUE
2020-11-29,hospital_demand,0.06,0.06,0.06,0.06,0.06,0.06,Additional 50% Reduction,Mongolia,MNG,2021-05-03,v8,TRUE
2020-11-29,ICU_demand,0.02,0.02,0.02,0.02,0.02,0.02,Additional 50% Reduction,Mongolia,MNG,2021-05-03,v8,TRUE
2020-11-29,infections,0.85,0.89,0.93,0.93,0.97,1,Additional 50% Reduction,Mongolia,MNG,2021-05-03,v8,TRUE
2020-11-29,prevalence,5.85,6.1,6.37,6.37,6.65,6.9,Additional 50% Reduction,Mongolia,MNG,2021-05-03,v8,TRUE
2020-11-29,cumulative_infections,10.52,10.68,10.86,10.86,11.04,11.2,Additional 50% Reduction,Mongolia,MNG,2021-05-03,v8,TRUE
2020-11-29,cumulative_deaths,0,0,0,0,0,0,Additional 50% Reduction,Mongolia,MNG,2021-05-03,v8,TRUE
2020-11-29,Rt,1.12,1.15,1.19,1.19,1.24,1.27,Additional 50% Reduction,Mongolia,MNG,2021-05-03,v8,TRUE
2020-11-29,Reff,1.12,1.15,1.19,1.19,1.24,1.27,Additional 50% Reduction,Mongolia,MNG,2021-05-03,v8,TRUE
2020-11-29,deaths,0,0,0,0,0,0,Maintain Status Quo,Mongolia,MNG,2021-05-03,v8,TRUE
2020-11-29,hospital_demand,0.06,0.06,0.06,0.06,0.06,0.06,Maintain Status Quo,Mongolia,MNG,2021-05-03,v8,TRUE
2020-11-29,ICU_demand,0.02,0.02,0.02,0.02,0.02,0.02,Maintain Status Quo,Mongolia,MNG,2021-05-03,v8,TRUE
2020-11-29,infections,0.85,0.89,0.93,0.93,0.97,1,Maintain Status Quo,Mongolia,MNG,2021-05-03,v8,TRUE
2020-11-29,prevalence,5.85,6.1,6.37,6.37,6.65,6.9,Maintain Status Quo,Mongolia,MNG,2021-05-03,v8,TRUE
2020-11-29,cumulative_infections,10.52,10.68,10.86,10.86,11.04,11.2,Maintain Status Quo,Mongolia,MNG,2021-05-03,v8,TRUE
2020-11-29,cumulative_deaths,0,0,0,0,0,0,Maintain Status Quo,Mongolia,MNG,2021-05-03,v8,TRUE
2020-11-29,Rt,1.12,1.15,1.19,1.19,1.24,1.27,Maintain Status Quo,Mongolia,MNG,2021-05-03,v8,TRUE
2020-11-29,Reff,1.12,1.15,1.19,1.19,1.24,1.27,Maintain Status Quo,Mongolia,MNG,2021-05-03,v8,TRUE
2020-11-29,deaths,0,0,0,0,0,0,Relax Interventions 50%,Mongolia,MNG,2021-05-03,v8,TRUE
2020-11-29,hospital_demand,0.06,0.06,0.06,0.06,0.06,0.06,Relax Interventions 50%,Mongolia,MNG,2021-05-03,v8,TRUE
2020-11-29,ICU_demand,0.02,0.02,0.02,0.02,0.02,0.02,Relax Interventions 50%,Mongolia,MNG,2021-05-03,v8,TRUE
2020-11-29,infections,0.85,0.89,0.93,0.93,0.97,1,Relax Interventions 50%,Mongolia,MNG,2021-05-03,v8,TRUE
2020-11-29,prevalence,5.85,6.1,6.37,6.37,6.65,6.9,Relax Interventions 50%,Mongolia,MNG,2021-05-03,v8,TRUE
2020-11-29,cumulative_infections,10.52,10.68,10.86,10.86,11.04,11.2,Relax Interventions 50%,Mongolia,MNG,2021-05-03,v8,TRUE
2020-11-29,cumulative_deaths,0,0,0,0,0,0,Relax Interventions 50%,Mongolia,MNG,2021-05-03,v8,TRUE
2020-11-29,Rt,1.12,1.15,1.19,1.19,1.24,1.27,Relax Interventions 50%,Mongolia,MNG,2021-05-03,v8,TRUE
2020-11-29,Reff,1.12,1.15,1.19,1.19,1.24,1.27,Relax Interventions 50%,Mongolia,MNG,2021-05-03,v8,TRUE
2020-11-29,deaths,0,0,0,0,0,0,Surged Additional 50% Reduction,Mongolia,MNG,2021-05-03,v8,TRUE
2020-11-29,hospital_demand,0.06,0.06,0.06,0.06,0.06,0.06,Surged Additional 50% Reduction,Mongolia,MNG,2021-05-03,v8,TRUE
2020-11-29,ICU_demand,0.02,0.02,0.02,0.02,0.02,0.02,Surged Additional 50% Reduction,Mongolia,MNG,2021-05-03,v8,TRUE
2020-11-29,infections,0.85,0.89,0.93,0.93,0.97,1,Surged Additional 50% Reduction,Mongolia,MNG,2021-05-03,v8,TRUE
2020-11-29,prevalence,5.85,6.1,6.37,6.37,6.65,6.9,Surged Additional 50% Reduction,Mongolia,MNG,2021-05-03,v8,TRUE
2020-11-29,cumulative_infections,10.52,10.68,10.86,10.86,11.04,11.2,Surged Additional 50% Reduction,Mongolia,MNG,2021-05-03,v8,TRUE
2020-11-29,cumulative_deaths,0,0,0,0,0,0,Surged Additional 50% Reduction,Mongolia,MNG,2021-05-03,v8,TRUE
2020-11-29,Rt,1.12,1.15,1.19,1.19,1.24,1.27,Surged Additional 50% Reduction,Mongolia,MNG,2021-05-03,v8,TRUE
2020-11-29,Reff,1.12,1.15,1.19,1.19,1.24,1.27,Surged Additional 50% Reduction,Mongolia,MNG,2021-05-03,v8,TRUE
2020-11-29,deaths,0,0,0,0,0,0,Surged Maintain Status Quo,Mongolia,MNG,2021-05-03,v8,TRUE
2020-11-29,hospital_demand,0.06,0.06,0.06,0.06,0.06,0.06,Surged Maintain Status Quo,Mongolia,MNG,2021-05-03,v8,TRUE
2020-11-29,ICU_demand,0.02,0.02,0.02,0.02,0.02,0.02,Surged Maintain Status Quo,Mongolia,MNG,2021-05-03,v8,TRUE
2020-11-29,infections,0.85,0.89,0.93,0.93,0.97,1,Surged Maintain Status Quo,Mongolia,MNG,2021-05-03,v8,TRUE
2020-11-29,prevalence,5.85,6.1,6.37,6.37,6.65,6.9,Surged Maintain Status Quo,Mongolia,MNG,2021-05-03,v8,TRUE
2020-11-29,cumulative_infections,10.52,10.68,10.86,10.86,11.04,11.2,Surged Maintain Status Quo,Mongolia,MNG,2021-05-03,v8,TRUE
2020-11-29,cumulative_deaths,0,0,0,0,0,0,Surged Maintain Status Quo,Mongolia,MNG,2021-05-03,v8,TRUE
2020-11-29,Rt,1.12,1.15,1.19,1.19,1.24,1.27,Surged Maintain Status Quo,Mongolia,MNG,2021-05-03,v8,TRUE
2020-11-29,Reff,1.12,1.15,1.19,1.19,1.24,1.27,Surged Maintain Status Quo,Mongolia,MNG,2021-05-03,v8,TRUE
2020-11-29,deaths,0,0,0,0,0,0,Surged Relax Interventions 50%,Mongolia,MNG,2021-05-03,v8,TRUE
2020-11-29,hospital_demand,0.06,0.06,0.06,0.06,0.06,0.06,Surged Relax Interventions 50%,Mongolia,MNG,2021-05-03,v8,TRUE
2020-11-29,ICU_demand,0.02,0.02,0.02,0.02,0.02,0.02,Surged Relax Interventions 50%,Mongolia,MNG,2021-05-03,v8,TRUE
2020-11-29,infections,0.85,0.89,0.93,0.93,0.97,1,Surged Relax Interventions 50%,Mongolia,MNG,2021-05-03,v8,TRUE
2020-11-29,prevalence,5.85,6.1,6.37,6.37,6.65,6.9,Surged Relax Interventions 50%,Mongolia,MNG,2021-05-03,v8,TRUE
2020-11-29,cumulative_infections,10.52,10.68,10.86,10.86,11.04,11.2,Surged Relax Interventions 50%,Mongolia,MNG,2021-05-03,v8,TRUE
2020-11-29,cumulative_deaths,0,0,0,0,0,0,Surged Relax Interventions 50%,Mongolia,MNG,2021-05-03,v8,TRUE
2020-11-29,Rt,1.12,1.15,1.19,1.19,1.24,1.27,Surged Relax Interventions 50%,Mongolia,MNG,2021-05-03,v8,TRUE
2020-11-29,Reff,1.12,1.15,1.19,1.19,1.24,1.27,Surged Relax Interventions 50%,Mongolia,MNG,2021-05-03,v8,TRUE
2020-11-30,deaths,0,0,0,0,0,0,Additional 50% Reduction,Mongolia,MNG,2021-05-03,v8,TRUE
2020-11-30,hospital_demand,0.07,0.07,0.07,0.07,0.07,0.07,Additional 50% Reduction,Mongolia,MNG,2021-05-03,v8,TRUE
2020-11-30,ICU_demand,0.02,0.02,0.02,0.02,0.02,0.02,Additional 50% Reduction,Mongolia,MNG,2021-05-03,v8,TRUE
2020-11-30,infections,0.87,0.91,0.95,0.95,1,1.04,Additional 50% Reduction,Mongolia,MNG,2021-05-03,v8,TRUE
2020-11-30,prevalence,5.97,6.26,6.58,6.58,6.9,7.18,Additional 50% Reduction,Mongolia,MNG,2021-05-03,v8,TRUE
2020-11-30,cumulative_infections,11.38,11.59,11.82,11.82,12.04,12.25,Additional 50% Reduction,Mongolia,MNG,2021-05-03,v8,TRUE
2020-11-30,cumulative_deaths,0,0,0,0,0,0,Additional 50% Reduction,Mongolia,MNG,2021-05-03,v8,TRUE
2020-11-30,Rt,1.15,1.19,1.23,1.23,1.27,1.31,Additional 50% Reduction,Mongolia,MNG,2021-05-03,v8,TRUE
2020-11-30,Reff,1.15,1.19,1.23,1.23,1.27,1.31,Additional 50% Reduction,Mongolia,MNG,2021-05-03,v8,TRUE
2020-11-30,deaths,0,0,0,0,0,0,Maintain Status Quo,Mongolia,MNG,2021-05-03,v8,TRUE
2020-11-30,hospital_demand,0.07,0.07,0.07,0.07,0.07,0.07,Maintain Status Quo,Mongolia,MNG,2021-05-03,v8,TRUE
2020-11-30,ICU_demand,0.02,0.02,0.02,0.02,0.02,0.02,Maintain Status Quo,Mongolia,MNG,2021-05-03,v8,TRUE
2020-11-30,infections,0.87,0.91,0.95,0.95,1,1.04,Maintain Status Quo,Mongolia,MNG,2021-05-03,v8,TRUE
2020-11-30,prevalence,5.97,6.26,6.58,6.58,6.9,7.18,Maintain Status Quo,Mongolia,MNG,2021-05-03,v8,TRUE
2020-11-30,cumulative_infections,11.38,11.59,11.82,11.82,12.04,12.25,Maintain Status Quo,Mongolia,MNG,2021-05-03,v8,TRUE
2020-11-30,cumulative_deaths,0,0,0,0,0,0,Maintain Status Quo,Mongolia,MNG,2021-05-03,v8,TRUE
2020-11-30,Rt,1.15,1.19,1.23,1.23,1.27,1.31,Maintain Status Quo,Mongolia,MNG,2021-05-03,v8,TRUE
2020-11-30,Reff,1.15,1.19,1.23,1.23,1.27,1.31,Maintain Status Quo,Mongolia,MNG,2021-05-03,v8,TRUE
2020-11-30,deaths,0,0,0,0,0,0,Relax Interventions 50%,Mongolia,MNG,2021-05-03,v8,TRUE
2020-11-30,hospital_demand,0.07,0.07,0.07,0.07,0.07,0.07,Relax Interventions 50%,Mongolia,MNG,2021-05-03,v8,TRUE
2020-11-30,ICU_demand,0.02,0.02,0.02,0.02,0.02,0.02,Relax Interventions 50%,Mongolia,MNG,2021-05-03,v8,TRUE
2020-11-30,infections,0.87,0.91,0.95,0.95,1,1.04,Relax Interventions 50%,Mongolia,MNG,2021-05-03,v8,TRUE
2020-11-30,prevalence,5.97,6.26,6.58,6.58,6.9,7.18,Relax Interventions 50%,Mongolia,MNG,2021-05-03,v8,TRUE
2020-11-30,cumulative_infections,11.38,11.59,11.82,11.82,12.04,12.25,Relax Interventions 50%,Mongolia,MNG,2021-05-03,v8,TRUE
2020-11-30,cumulative_deaths,0,0,0,0,0,0,Relax Interventions 50%,Mongolia,MNG,2021-05-03,v8,TRUE
2020-11-30,Rt,1.15,1.19,1.23,1.23,1.27,1.31,Relax Interventions 50%,Mongolia,MNG,2021-05-03,v8,TRUE
2020-11-30,Reff,1.15,1.19,1.23,1.23,1.27,1.31,Relax Interventions 50%,Mongolia,MNG,2021-05-03,v8,TRUE
2020-11-30,deaths,0,0,0,0,0,0,Surged Additional 50% Reduction,Mongolia,MNG,2021-05-03,v8,TRUE
2020-11-30,hospital_demand,0.07,0.07,0.07,0.07,0.07,0.07,Surged Additional 50% Reduction,Mongolia,MNG,2021-05-03,v8,TRUE
2020-11-30,ICU_demand,0.02,0.02,0.02,0.02,0.02,0.02,Surged Additional 50% Reduction,Mongolia,MNG,2021-05-03,v8,TRUE
2020-11-30,infections,0.87,0.91,0.95,0.95,1,1.04,Surged Additional 50% Reduction,Mongolia,MNG,2021-05-03,v8,TRUE
2020-11-30,prevalence,5.97,6.26,6.58,6.58,6.9,7.18,Surged Additional 50% Reduction,Mongolia,MNG,2021-05-03,v8,TRUE
2020-11-30,cumulative_infections,11.38,11.59,11.82,11.82,12.04,12.25,Surged Additional 50% Reduction,Mongolia,MNG,2021-05-03,v8,TRUE
2020-11-30,cumulative_deaths,0,0,0,0,0,0,Surged Additional 50% Reduction,Mongolia,MNG,2021-05-03,v8,TRUE
2020-11-30,Rt,1.15,1.19,1.23,1.23,1.27,1.31,Surged Additional 50% Reduction,Mongolia,MNG,2021-05-03,v8,TRUE
2020-11-30,Reff,1.15,1.19,1.23,1.23,1.27,1.31,Surged Additional 50% Reduction,Mongolia,MNG,2021-05-03,v8,TRUE
2020-11-30,deaths,0,0,0,0,0,0,Surged Maintain Status Quo,Mongolia,MNG,2021-05-03,v8,TRUE
2020-11-30,hospital_demand,0.07,0.07,0.07,0.07,0.07,0.07,Surged Maintain Status Quo,Mongolia,MNG,2021-05-03,v8,TRUE
2020-11-30,ICU_demand,0.02,0.02,0.02,0.02,0.02,0.02,Surged Maintain Status Quo,Mongolia,MNG,2021-05-03,v8,TRUE
2020-11-30,infections,0.87,0.91,0.95,0.95,1,1.04,Surged Maintain Status Quo,Mongolia,MNG,2021-05-03,v8,TRUE
2020-11-30,prevalence,5.97,6.26,6.58,6.58,6.9,7.18,Surged Maintain Status Quo,Mongolia,MNG,2021-05-03,v8,TRUE
2020-11-30,cumulative_infections,11.38,11.59,11.82,11.82,12.04,12.25,Surged Maintain Status Quo,Mongolia,MNG,2021-05-03,v8,TRUE
2020-11-30,cumulative_deaths,0,0,0,0,0,0,Surged Maintain Status Quo,Mongolia,MNG,2021-05-03,v8,TRUE
2020-11-30,Rt,1.15,1.19,1.23,1.23,1.27,1.31,Surged Maintain Status Quo,Mongolia,MNG,2021-05-03,v8,TRUE
2020-11-30,Reff,1.15,1.19,1.23,1.23,1.27,1.31,Surged Maintain Status Quo,Mongolia,MNG,2021-05-03,v8,TRUE
2020-11-30,deaths,0,0,0,0,0,0,Surged Relax Interventions 50%,Mongolia,MNG,2021-05-03,v8,TRUE
2020-11-30,hospital_demand,0.07,0.07,0.07,0.07,0.07,0.07,Surged Relax Interventions 50%,Mongolia,MNG,2021-05-03,v8,TRUE
2020-11-30,ICU_demand,0.02,0.02,0.02,0.02,0.02,0.02,Surged Relax Interventions 50%,Mongolia,MNG,2021-05-03,v8,TRUE
2020-11-30,infections,0.87,0.91,0.95,0.95,1,1.04,Surged Relax Interventions 50%,Mongolia,MNG,2021-05-03,v8,TRUE
2020-11-30,prevalence,5.97,6.26,6.58,6.58,6.9,7.18,Surged Relax Interventions 50%,Mongolia,MNG,2021-05-03,v8,TRUE
2020-11-30,cumulative_infections,11.38,11.59,11.82,11.82,12.04,12.25,Surged Relax Interventions 50%,Mongolia,MNG,2021-05-03,v8,TRUE
2020-11-30,cumulative_deaths,0,0,0,0,0,0,Surged Relax Interventions 50%,Mongolia,MNG,2021-05-03,v8,TRUE
2020-11-30,Rt,1.15,1.19,1.23,1.23,1.27,1.31,Surged Relax Interventions 50%,Mongolia,MNG,2021-05-03,v8,TRUE
2020-11-30,Reff,1.15,1.19,1.23,1.23,1.27,1.31,Surged Relax Interventions 50%,Mongolia,MNG,2021-05-03,v8,TRUE
2020-12-01,deaths,0,0,0,0,0,0,Additional 50% Reduction,Mongolia,MNG,2021-05-03,v8,TRUE
2020-12-01,hospital_demand,0.07,0.07,0.07,0.07,0.07,0.08,Additional 50% Reduction,Mongolia,MNG,2021-05-03,v8,TRUE
2020-12-01,ICU_demand,0.02,0.02,0.02,0.02,0.03,0.03,Additional 50% Reduction,Mongolia,MNG,2021-05-03,v8,TRUE
2020-12-01,infections,0.89,0.93,0.99,0.99,1.04,1.09,Additional 50% Reduction,Mongolia,MNG,2021-05-03,v8,TRUE
2020-12-01,prevalence,6.12,6.45,6.82,6.82,7.19,7.53,Additional 50% Reduction,Mongolia,MNG,2021-05-03,v8,TRUE
2020-12-01,cumulative_infections,12.27,12.52,12.8,12.8,13.08,13.33,Additional 50% Reduction,Mongolia,MNG,2021-05-03,v8,TRUE
2020-12-01,cumulative_deaths,0.01,0.01,0.01,0.01,0.01,0.01,Additional 50% Reduction,Mongolia,MNG,2021-05-03,v8,TRUE
2020-12-01,Rt,1.39,1.43,1.47,1.47,1.51,1.55,Additional 50% Reduction,Mongolia,MNG,2021-05-03,v8,TRUE
2020-12-01,Reff,1.39,1.43,1.47,1.47,1.51,1.55,Additional 50% Reduction,Mongolia,MNG,2021-05-03,v8,TRUE
2020-12-01,deaths,0,0,0,0,0,0,Maintain Status Quo,Mongolia,MNG,2021-05-03,v8,TRUE
2020-12-01,hospital_demand,0.07,0.07,0.07,0.07,0.07,0.08,Maintain Status Quo,Mongolia,MNG,2021-05-03,v8,TRUE
2020-12-01,ICU_demand,0.02,0.02,0.02,0.02,0.03,0.03,Maintain Status Quo,Mongolia,MNG,2021-05-03,v8,TRUE
2020-12-01,infections,0.89,0.93,0.99,0.99,1.04,1.09,Maintain Status Quo,Mongolia,MNG,2021-05-03,v8,TRUE
2020-12-01,prevalence,6.12,6.45,6.82,6.82,7.19,7.53,Maintain Status Quo,Mongolia,MNG,2021-05-03,v8,TRUE
2020-12-01,cumulative_infections,12.27,12.52,12.8,12.8,13.08,13.33,Maintain Status Quo,Mongolia,MNG,2021-05-03,v8,TRUE
2020-12-01,cumulative_deaths,0.01,0.01,0.01,0.01,0.01,0.01,Maintain Status Quo,Mongolia,MNG,2021-05-03,v8,TRUE
2020-12-01,Rt,1.39,1.43,1.47,1.47,1.51,1.55,Maintain Status Quo,Mongolia,MNG,2021-05-03,v8,TRUE
2020-12-01,Reff,1.39,1.43,1.47,1.47,1.51,1.55,Maintain Status Quo,Mongolia,MNG,2021-05-03,v8,TRUE
2020-12-01,deaths,0,0,0,0,0,0,Relax Interventions 50%,Mongolia,MNG,2021-05-03,v8,TRUE
2020-12-01,hospital_demand,0.07,0.07,0.07,0.07,0.07,0.08,Relax Interventions 50%,Mongolia,MNG,2021-05-03,v8,TRUE
2020-12-01,ICU_demand,0.02,0.02,0.02,0.02,0.03,0.03,Relax Interventions 50%,Mongolia,MNG,2021-05-03,v8,TRUE
2020-12-01,infections,0.89,0.93,0.99,0.99,1.04,1.09,Relax Interventions 50%,Mongolia,MNG,2021-05-03,v8,TRUE
2020-12-01,prevalence,6.12,6.45,6.82,6.82,7.19,7.53,Relax Interventions 50%,Mongolia,MNG,2021-05-03,v8,TRUE
2020-12-01,cumulative_infections,12.27,12.52,12.8,12.8,13.08,13.33,Relax Interventions 50%,Mongolia,MNG,2021-05-03,v8,TRUE
2020-12-01,cumulative_deaths,0.01,0.01,0.01,0.01,0.01,0.01,Relax Interventions 50%,Mongolia,MNG,2021-05-03,v8,TRUE
2020-12-01,Rt,1.39,1.43,1.47,1.47,1.51,1.55,Relax Interventions 50%,Mongolia,MNG,2021-05-03,v8,TRUE
2020-12-01,Reff,1.39,1.43,1.47,1.47,1.51,1.55,Relax Interventions 50%,Mongolia,MNG,2021-05-03,v8,TRUE
2020-12-01,deaths,0,0,0,0,0,0,Surged Additional 50% Reduction,Mongolia,MNG,2021-05-03,v8,TRUE
2020-12-01,hospital_demand,0.07,0.07,0.07,0.07,0.07,0.08,Surged Additional 50% Reduction,Mongolia,MNG,2021-05-03,v8,TRUE
2020-12-01,ICU_demand,0.02,0.02,0.02,0.02,0.03,0.03,Surged Additional 50% Reduction,Mongolia,MNG,2021-05-03,v8,TRUE
2020-12-01,infections,0.89,0.93,0.99,0.99,1.04,1.09,Surged Additional 50% Reduction,Mongolia,MNG,2021-05-03,v8,TRUE
2020-12-01,prevalence,6.12,6.45,6.82,6.82,7.19,7.53,Surged Additional 50% Reduction,Mongolia,MNG,2021-05-03,v8,TRUE
2020-12-01,cumulative_infections,12.27,12.52,12.8,12.8,13.08,13.33,Surged Additional 50% Reduction,Mongolia,MNG,2021-05-03,v8,TRUE
2020-12-01,cumulative_deaths,0.01,0.01,0.01,0.01,0.01,0.01,Surged Additional 50% Reduction,Mongolia,MNG,2021-05-03,v8,TRUE
2020-12-01,Rt,1.39,1.43,1.47,1.47,1.51,1.55,Surged Additional 50% Reduction,Mongolia,MNG,2021-05-03,v8,TRUE
2020-12-01,Reff,1.39,1.43,1.47,1.47,1.51,1.55,Surged Additional 50% Reduction,Mongolia,MNG,2021-05-03,v8,TRUE
2020-12-01,deaths,0,0,0,0,0,0,Surged Maintain Status Quo,Mongolia,MNG,2021-05-03,v8,TRUE
2020-12-01,hospital_demand,0.07,0.07,0.07,0.07,0.07,0.08,Surged Maintain Status Quo,Mongolia,MNG,2021-05-03,v8,TRUE
2020-12-01,ICU_demand,0.02,0.02,0.02,0.02,0.03,0.03,Surged Maintain Status Quo,Mongolia,MNG,2021-05-03,v8,TRUE
2020-12-01,infections,0.89,0.93,0.99,0.99,1.04,1.09,Surged Maintain Status Quo,Mongolia,MNG,2021-05-03,v8,TRUE
2020-12-01,prevalence,6.12,6.45,6.82,6.82,7.19,7.53,Surged Maintain Status Quo,Mongolia,MNG,2021-05-03,v8,TRUE
2020-12-01,cumulative_infections,12.27,12.52,12.8,12.8,13.08,13.33,Surged Maintain Status Quo,Mongolia,MNG,2021-05-03,v8,TRUE
2020-12-01,cumulative_deaths,0.01,0.01,0.01,0.01,0.01,0.01,Surged Maintain Status Quo,Mongolia,MNG,2021-05-03,v8,TRUE
2020-12-01,Rt,1.39,1.43,1.47,1.47,1.51,1.55,Surged Maintain Status Quo,Mongolia,MNG,2021-05-03,v8,TRUE
2020-12-01,Reff,1.39,1.43,1.47,1.47,1.51,1.55,Surged Maintain Status Quo,Mongolia,MNG,2021-05-03,v8,TRUE
2020-12-01,deaths,0,0,0,0,0,0,Surged Relax Interventions 50%,Mongolia,MNG,2021-05-03,v8,TRUE
2020-12-01,hospital_demand,0.07,0.07,0.07,0.07,0.07,0.08,Surged Relax Interventions 50%,Mongolia,MNG,2021-05-03,v8,TRUE
2020-12-01,ICU_demand,0.02,0.02,0.02,0.02,0.03,0.03,Surged Relax Interventions 50%,Mongolia,MNG,2021-05-03,v8,TRUE
2020-12-01,infections,0.89,0.93,0.99,0.99,1.04,1.09,Surged Relax Interventions 50%,Mongolia,MNG,2021-05-03,v8,TRUE
2020-12-01,prevalence,6.12,6.45,6.82,6.82,7.19,7.53,Surged Relax Interventions 50%,Mongolia,MNG,2021-05-03,v8,TRUE
2020-12-01,cumulative_infections,12.27,12.52,12.8,12.8,13.08,13.33,Surged Relax Interventions 50%,Mongolia,MNG,2021-05-03,v8,TRUE
2020-12-01,cumulative_deaths,0.01,0.01,0.01,0.01,0.01,0.01,Surged Relax Interventions 50%,Mongolia,MNG,2021-05-03,v8,TRUE
2020-12-01,Rt,1.39,1.43,1.47,1.47,1.51,1.55,Surged Relax Interventions 50%,Mongolia,MNG,2021-05-03,v8,TRUE
2020-12-01,Reff,1.39,1.43,1.47,1.47,1.51,1.55,Surged Relax Interventions 50%,Mongolia,MNG,2021-05-03,v8,TRUE
2020-12-02,deaths,0,0,0,0,0,0,Additional 50% Reduction,Mongolia,MNG,2021-05-03,v8,TRUE
2020-12-02,hospital_demand,0.08,0.08,0.08,0.08,0.08,0.08,Additional 50% Reduction,Mongolia,MNG,2021-05-03,v8,TRUE
2020-12-02,ICU_demand,0.03,0.03,0.03,0.03,0.03,0.03,Additional 50% Reduction,Mongolia,MNG,2021-05-03,v8,TRUE
2020-12-02,infections,0.92,0.98,1.04,1.04,1.1,1.16,Additional 50% Reduction,Mongolia,MNG,2021-05-03,v8,TRUE
2020-12-02,prevalence,6.47,6.86,7.29,7.29,7.73,8.12,Additional 50% Reduction,Mongolia,MNG,2021-05-03,v8,TRUE
2020-12-02,cumulative_infections,13.19,13.5,13.84,13.84,14.18,14.49,Additional 50% Reduction,Mongolia,MNG,2021-05-03,v8,TRUE
2020-12-02,cumulative_deaths,0.01,0.01,0.01,0.01,0.01,0.01,Additional 50% Reduction,Mongolia,MNG,2021-05-03,v8,TRUE
2020-12-02,Rt,1.37,1.4,1.44,1.44,1.49,1.52,Additional 50% Reduction,Mongolia,MNG,2021-05-03,v8,TRUE
2020-12-02,Reff,1.37,1.4,1.44,1.44,1.49,1.52,Additional 50% Reduction,Mongolia,MNG,2021-05-03,v8,TRUE
2020-12-02,deaths,0,0,0,0,0,0,Maintain Status Quo,Mongolia,MNG,2021-05-03,v8,TRUE
2020-12-02,hospital_demand,0.08,0.08,0.08,0.08,0.08,0.08,Maintain Status Quo,Mongolia,MNG,2021-05-03,v8,TRUE
2020-12-02,ICU_demand,0.03,0.03,0.03,0.03,0.03,0.03,Maintain Status Quo,Mongolia,MNG,2021-05-03,v8,TRUE
2020-12-02,infections,0.92,0.98,1.04,1.04,1.1,1.16,Maintain Status Quo,Mongolia,MNG,2021-05-03,v8,TRUE
2020-12-02,prevalence,6.47,6.86,7.29,7.29,7.73,8.12,Maintain Status Quo,Mongolia,MNG,2021-05-03,v8,TRUE
2020-12-02,cumulative_infections,13.19,13.5,13.84,13.84,14.18,14.49,Maintain Status Quo,Mongolia,MNG,2021-05-03,v8,TRUE
2020-12-02,cumulative_deaths,0.01,0.01,0.01,0.01,0.01,0.01,Maintain Status Quo,Mongolia,MNG,2021-05-03,v8,TRUE
2020-12-02,Rt,1.37,1.4,1.44,1.44,1.49,1.52,Maintain Status Quo,Mongolia,MNG,2021-05-03,v8,TRUE
2020-12-02,Reff,1.37,1.4,1.44,1.44,1.49,1.52,Maintain Status Quo,Mongolia,MNG,2021-05-03,v8,TRUE
2020-12-02,deaths,0,0,0,0,0,0,Relax Interventions 50%,Mongolia,MNG,2021-05-03,v8,TRUE
2020-12-02,hospital_demand,0.08,0.08,0.08,0.08,0.08,0.08,Relax Interventions 50%,Mongolia,MNG,2021-05-03,v8,TRUE
2020-12-02,ICU_demand,0.03,0.03,0.03,0.03,0.03,0.03,Relax Interventions 50%,Mongolia,MNG,2021-05-03,v8,TRUE
2020-12-02,infections,0.92,0.98,1.04,1.04,1.1,1.16,Relax Interventions 50%,Mongolia,MNG,2021-05-03,v8,TRUE
2020-12-02,prevalence,6.47,6.86,7.29,7.29,7.73,8.12,Relax Interventions 50%,Mongolia,MNG,2021-05-03,v8,TRUE
2020-12-02,cumulative_infections,13.19,13.5,13.84,13.84,14.18,14.49,Relax Interventions 50%,Mongolia,MNG,2021-05-03,v8,TRUE
2020-12-02,cumulative_deaths,0.01,0.01,0.01,0.01,0.01,0.01,Relax Interventions 50%,Mongolia,MNG,2021-05-03,v8,TRUE
2020-12-02,Rt,1.37,1.4,1.44,1.44,1.49,1.52,Relax Interventions 50%,Mongolia,MNG,2021-05-03,v8,TRUE
2020-12-02,Reff,1.37,1.4,1.44,1.44,1.49,1.52,Relax Interventions 50%,Mongolia,MNG,2021-05-03,v8,TRUE
2020-12-02,deaths,0,0,0,0,0,0,Surged Additional 50% Reduction,Mongolia,MNG,2021-05-03,v8,TRUE
2020-12-02,hospital_demand,0.08,0.08,0.08,0.08,0.08,0.08,Surged Additional 50% Reduction,Mongolia,MNG,2021-05-03,v8,TRUE
2020-12-02,ICU_demand,0.03,0.03,0.03,0.03,0.03,0.03,Surged Additional 50% Reduction,Mongolia,MNG,2021-05-03,v8,TRUE
2020-12-02,infections,0.92,0.98,1.04,1.04,1.1,1.16,Surged Additional 50% Reduction,Mongolia,MNG,2021-05-03,v8,TRUE
2020-12-02,prevalence,6.47,6.86,7.29,7.29,7.73,8.12,Surged Additional 50% Reduction,Mongolia,MNG,2021-05-03,v8,TRUE
2020-12-02,cumulative_infections,13.19,13.5,13.84,13.84,14.18,14.49,Surged Additional 50% Reduction,Mongolia,MNG,2021-05-03,v8,TRUE
2020-12-02,cumulative_deaths,0.01,0.01,0.01,0.01,0.01,0.01,Surged Additional 50% Reduction,Mongolia,MNG,2021-05-03,v8,TRUE
2020-12-02,Rt,1.37,1.4,1.44,1.44,1.49,1.52,Surged Additional 50% Reduction,Mongolia,MNG,2021-05-03,v8,TRUE
2020-12-02,Reff,1.37,1.4,1.44,1.44,1.49,1.52,Surged Additional 50% Reduction,Mongolia,MNG,2021-05-03,v8,TRUE
2020-12-02,deaths,0,0,0,0,0,0,Surged Maintain Status Quo,Mongolia,MNG,2021-05-03,v8,TRUE
2020-12-02,hospital_demand,0.08,0.08,0.08,0.08,0.08,0.08,Surged Maintain Status Quo,Mongolia,MNG,2021-05-03,v8,TRUE
2020-12-02,ICU_demand,0.03,0.03,0.03,0.03,0.03,0.03,Surged Maintain Status Quo,Mongolia,MNG,2021-05-03,v8,TRUE
2020-12-02,infections,0.92,0.98,1.04,1.04,1.1,1.16,Surged Maintain Status Quo,Mongolia,MNG,2021-05-03,v8,TRUE
2020-12-02,prevalence,6.47,6.86,7.29,7.29,7.73,8.12,Surged Maintain Status Quo,Mongolia,MNG,2021-05-03,v8,TRUE
2020-12-02,cumulative_infections,13.19,13.5,13.84,13.84,14.18,14.49,Surged Maintain Status Quo,Mongolia,MNG,2021-05-03,v8,TRUE
2020-12-02,cumulative_deaths,0.01,0.01,0.01,0.01,0.01,0.01,Surged Maintain Status Quo,Mongolia,MNG,2021-05-03,v8,TRUE
2020-12-02,Rt,1.37,1.4,1.44,1.44,1.49,1.52,Surged Maintain Status Quo,Mongolia,MNG,2021-05-03,v8,TRUE
2020-12-02,Reff,1.37,1.4,1.44,1.44,1.49,1.52,Surged Maintain Status Quo,Mongolia,MNG,2021-05-03,v8,TRUE
2020-12-02,deaths,0,0,0,0,0,0,Surged Relax Interventions 50%,Mongolia,MNG,2021-05-03,v8,TRUE
2020-12-02,hospital_demand,0.08,0.08,0.08,0.08,0.08,0.08,Surged Relax Interventions 50%,Mongolia,MNG,2021-05-03,v8,TRUE
2020-12-02,ICU_demand,0.03,0.03,0.03,0.03,0.03,0.03,Surged Relax Interventions 50%,Mongolia,MNG,2021-05-03,v8,TRUE
2020-12-02,infections,0.92,0.98,1.04,1.04,1.1,1.16,Surged Relax Interventions 50%,Mongolia,MNG,2021-05-03,v8,TRUE
2020-12-02,prevalence,6.47,6.86,7.29,7.29,7.73,8.12,Surged Relax Interventions 50%,Mongolia,MNG,2021-05-03,v8,TRUE
2020-12-02,cumulative_infections,13.19,13.5,13.84,13.84,14.18,14.49,Surged Relax Interventions 50%,Mongolia,MNG,2021-05-03,v8,TRUE
2020-12-02,cumulative_deaths,0.01,0.01,0.01,0.01,0.01,0.01,Surged Relax Interventions 50%,Mongolia,MNG,2021-05-03,v8,TRUE
2020-12-02,Rt,1.37,1.4,1.44,1.44,1.49,1.52,Surged Relax Interventions 50%,Mongolia,MNG,2021-05-03,v8,TRUE
2020-12-02,Reff,1.37,1.4,1.44,1.44,1.49,1.52,Surged Relax Interventions 50%,Mongolia,MNG,2021-05-03,v8,TRUE
2020-12-03,deaths,0,0,0,0,0,0,Additional 50% Reduction,Mongolia,MNG,2021-05-03,v8,TRUE
2020-12-03,hospital_demand,0.08,0.08,0.08,0.08,0.08,0.09,Additional 50% Reduction,Mongolia,MNG,2021-05-03,v8,TRUE
2020-12-03,ICU_demand,0.03,0.03,0.03,0.03,0.03,0.03,Additional 50% Reduction,Mongolia,MNG,2021-05-03,v8,TRUE
2020-12-03,infections,0.97,1.04,1.11,1.11,1.18,1.25,Additional 50% Reduction,Mongolia,MNG,2021-05-03,v8,TRUE
2020-12-03,prevalence,6.81,7.26,7.76,7.76,8.25,8.7,Additional 50% Reduction,Mongolia,MNG,2021-05-03,v8,TRUE
2020-12-03,cumulative_infections,14.17,14.54,14.95,14.95,15.36,15.74,Additional 50% Reduction,Mongolia,MNG,2021-05-03,v8,TRUE
2020-12-03,cumulative_deaths,0.01,0.01,0.01,0.01,0.01,0.01,Additional 50% Reduction,Mongolia,MNG,2021-05-03,v8,TRUE
2020-12-03,Rt,1.32,1.36,1.4,1.4,1.44,1.48,Additional 50% Reduction,Mongolia,MNG,2021-05-03,v8,TRUE
2020-12-03,Reff,1.32,1.36,1.4,1.4,1.44,1.48,Additional 50% Reduction,Mongolia,MNG,2021-05-03,v8,TRUE
2020-12-03,deaths,0,0,0,0,0,0,Maintain Status Quo,Mongolia,MNG,2021-05-03,v8,TRUE
2020-12-03,hospital_demand,0.08,0.08,0.08,0.08,0.08,0.09,Maintain Status Quo,Mongolia,MNG,2021-05-03,v8,TRUE
2020-12-03,ICU_demand,0.03,0.03,0.03,0.03,0.03,0.03,Maintain Status Quo,Mongolia,MNG,2021-05-03,v8,TRUE
2020-12-03,infections,0.97,1.04,1.11,1.11,1.18,1.25,Maintain Status Quo,Mongolia,MNG,2021-05-03,v8,TRUE
2020-12-03,prevalence,6.81,7.26,7.76,7.76,8.25,8.7,Maintain Status Quo,Mongolia,MNG,2021-05-03,v8,TRUE
2020-12-03,cumulative_infections,14.17,14.54,14.95,14.95,15.36,15.74,Maintain Status Quo,Mongolia,MNG,2021-05-03,v8,TRUE
2020-12-03,cumulative_deaths,0.01,0.01,0.01,0.01,0.01,0.01,Maintain Status Quo,Mongolia,MNG,2021-05-03,v8,TRUE
2020-12-03,Rt,1.32,1.36,1.4,1.4,1.44,1.48,Maintain Status Quo,Mongolia,MNG,2021-05-03,v8,TRUE
2020-12-03,Reff,1.32,1.36,1.4,1.4,1.44,1.48,Maintain Status Quo,Mongolia,MNG,2021-05-03,v8,TRUE
2020-12-03,deaths,0,0,0,0,0,0,Relax Interventions 50%,Mongolia,MNG,2021-05-03,v8,TRUE
2020-12-03,hospital_demand,0.08,0.08,0.08,0.08,0.08,0.09,Relax Interventions 50%,Mongolia,MNG,2021-05-03,v8,TRUE
2020-12-03,ICU_demand,0.03,0.03,0.03,0.03,0.03,0.03,Relax Interventions 50%,Mongolia,MNG,2021-05-03,v8,TRUE
2020-12-03,infections,0.97,1.04,1.11,1.11,1.18,1.25,Relax Interventions 50%,Mongolia,MNG,2021-05-03,v8,TRUE
2020-12-03,prevalence,6.81,7.26,7.76,7.76,8.25,8.7,Relax Interventions 50%,Mongolia,MNG,2021-05-03,v8,TRUE
2020-12-03,cumulative_infections,14.17,14.54,14.95,14.95,15.36,15.74,Relax Interventions 50%,Mongolia,MNG,2021-05-03,v8,TRUE
2020-12-03,cumulative_deaths,0.01,0.01,0.01,0.01,0.01,0.01,Relax Interventions 50%,Mongolia,MNG,2021-05-03,v8,TRUE
2020-12-03,Rt,1.32,1.36,1.4,1.4,1.44,1.48,Relax Interventions 50%,Mongolia,MNG,2021-05-03,v8,TRUE
2020-12-03,Reff,1.32,1.36,1.4,1.4,1.44,1.48,Relax Interventions 50%,Mongolia,MNG,2021-05-03,v8,TRUE
2020-12-03,deaths,0,0,0,0,0,0,Surged Additional 50% Reduction,Mongolia,MNG,2021-05-03,v8,TRUE
2020-12-03,hospital_demand,0.08,0.08,0.08,0.08,0.08,0.09,Surged Additional 50% Reduction,Mongolia,MNG,2021-05-03,v8,TRUE
2020-12-03,ICU_demand,0.03,0.03,0.03,0.03,0.03,0.03,Surged Additional 50% Reduction,Mongolia,MNG,2021-05-03,v8,TRUE
2020-12-03,infections,0.97,1.04,1.11,1.11,1.18,1.25,Surged Additional 50% Reduction,Mongolia,MNG,2021-05-03,v8,TRUE
2020-12-03,prevalence,6.81,7.26,7.76,7.76,8.25,8.7,Surged Additional 50% Reduction,Mongolia,MNG,2021-05-03,v8,TRUE
2020-12-03,cumulative_infections,14.17,14.54,14.95,14.95,15.36,15.74,Surged Additional 50% Reduction,Mongolia,MNG,2021-05-03,v8,TRUE
2020-12-03,cumulative_deaths,0.01,0.01,0.01,0.01,0.01,0.01,Surged Additional 50% Reduction,Mongolia,MNG,2021-05-03,v8,TRUE
2020-12-03,Rt,1.32,1.36,1.4,1.4,1.44,1.48,Surged Additional 50% Reduction,Mongolia,MNG,2021-05-03,v8,TRUE
2020-12-03,Reff,1.32,1.36,1.4,1.4,1.44,1.48,Surged Additional 50% Reduction,Mongolia,MNG,2021-05-03,v8,TRUE
2020-12-03,deaths,0,0,0,0,0,0,Surged Maintain Status Quo,Mongolia,MNG,2021-05-03,v8,TRUE
2020-12-03,hospital_demand,0.08,0.08,0.08,0.08,0.08,0.09,Surged Maintain Status Quo,Mongolia,MNG,2021-05-03,v8,TRUE
2020-12-03,ICU_demand,0.03,0.03,0.03,0.03,0.03,0.03,Surged Maintain Status Quo,Mongolia,MNG,2021-05-03,v8,TRUE
2020-12-03,infections,0.97,1.04,1.11,1.11,1.18,1.25,Surged Maintain Status Quo,Mongolia,MNG,2021-05-03,v8,TRUE
2020-12-03,prevalence,6.81,7.26,7.76,7.76,8.25,8.7,Surged Maintain Status Quo,Mongolia,MNG,2021-05-03,v8,TRUE
2020-12-03,cumulative_infections,14.17,14.54,14.95,14.95,15.36,15.74,Surged Maintain Status Quo,Mongolia,MNG,2021-05-03,v8,TRUE
2020-12-03,cumulative_deaths,0.01,0.01,0.01,0.01,0.01,0.01,Surged Maintain Status Quo,Mongolia,MNG,2021-05-03,v8,TRUE
2020-12-03,Rt,1.32,1.36,1.4,1.4,1.44,1.48,Surged Maintain Status Quo,Mongolia,MNG,2021-05-03,v8,TRUE
2020-12-03,Reff,1.32,1.36,1.4,1.4,1.44,1.48,Surged Maintain Status Quo,Mongolia,MNG,2021-05-03,v8,TRUE
2020-12-03,deaths,0,0,0,0,0,0,Surged Relax Interventions 50%,Mongolia,MNG,2021-05-03,v8,TRUE
2020-12-03,hospital_demand,0.08,0.08,0.08,0.08,0.08,0.09,Surged Relax Interventions 50%,Mongolia,MNG,2021-05-03,v8,TRUE
2020-12-03,ICU_demand,0.03,0.03,0.03,0.03,0.03,0.03,Surged Relax Interventions 50%,Mongolia,MNG,2021-05-03,v8,TRUE
2020-12-03,infections,0.97,1.04,1.11,1.11,1.18,1.25,Surged Relax Interventions 50%,Mongolia,MNG,2021-05-03,v8,TRUE
2020-12-03,prevalence,6.81,7.26,7.76,7.76,8.25,8.7,Surged Relax Interventions 50%,Mongolia,MNG,2021-05-03,v8,TRUE
2020-12-03,cumulative_infections,14.17,14.54,14.95,14.95,15.36,15.74,Surged Relax Interventions 50%,Mongolia,MNG,2021-05-03,v8,TRUE
2020-12-03,cumulative_deaths,0.01,0.01,0.01,0.01,0.01,0.01,Surged Relax Interventions 50%,Mongolia,MNG,2021-05-03,v8,TRUE
2020-12-03,Rt,1.32,1.36,1.4,1.4,1.44,1.48,Surged Relax Interventions 50%,Mongolia,MNG,2021-05-03,v8,TRUE
2020-12-03,Reff,1.32,1.36,1.4,1.4,1.44,1.48,Surged Relax Interventions 50%,Mongolia,MNG,2021-05-03,v8,TRUE
2020-12-04,deaths,0,0,0,0,0,0,Additional 50% Reduction,Mongolia,MNG,2021-05-03,v8,TRUE
2020-12-04,hospital_demand,0.08,0.09,0.09,0.09,0.09,0.09,Additional 50% Reduction,Mongolia,MNG,2021-05-03,v8,TRUE
2020-12-04,ICU_demand,0.03,0.03,0.03,0.03,0.03,0.03,Additional 50% Reduction,Mongolia,MNG,2021-05-03,v8,TRUE
2020-12-04,infections,1.03,1.1,1.18,1.18,1.26,1.34,Additional 50% Reduction,Mongolia,MNG,2021-05-03,v8,TRUE
2020-12-04,prevalence,7.13,7.63,8.19,8.19,8.75,9.26,Additional 50% Reduction,Mongolia,MNG,2021-05-03,v8,TRUE
2020-12-04,cumulative_infections,15.2,15.64,16.13,16.13,16.63,17.07,Additional 50% Reduction,Mongolia,MNG,2021-05-03,v8,TRUE
2020-12-04,cumulative_deaths,0.01,0.01,0.01,0.01,0.01,0.01,Additional 50% Reduction,Mongolia,MNG,2021-05-03,v8,TRUE
2020-12-04,Rt,1.29,1.32,1.36,1.36,1.4,1.44,Additional 50% Reduction,Mongolia,MNG,2021-05-03,v8,TRUE
2020-12-04,Reff,1.29,1.32,1.36,1.36,1.4,1.44,Additional 50% Reduction,Mongolia,MNG,2021-05-03,v8,TRUE
2020-12-04,deaths,0,0,0,0,0,0,Maintain Status Quo,Mongolia,MNG,2021-05-03,v8,TRUE
2020-12-04,hospital_demand,0.08,0.09,0.09,0.09,0.09,0.09,Maintain Status Quo,Mongolia,MNG,2021-05-03,v8,TRUE
2020-12-04,ICU_demand,0.03,0.03,0.03,0.03,0.03,0.03,Maintain Status Quo,Mongolia,MNG,2021-05-03,v8,TRUE
2020-12-04,infections,1.03,1.1,1.18,1.18,1.26,1.34,Maintain Status Quo,Mongolia,MNG,2021-05-03,v8,TRUE
2020-12-04,prevalence,7.13,7.63,8.19,8.19,8.75,9.26,Maintain Status Quo,Mongolia,MNG,2021-05-03,v8,TRUE
2020-12-04,cumulative_infections,15.2,15.64,16.13,16.13,16.63,17.07,Maintain Status Quo,Mongolia,MNG,2021-05-03,v8,TRUE
2020-12-04,cumulative_deaths,0.01,0.01,0.01,0.01,0.01,0.01,Maintain Status Quo,Mongolia,MNG,2021-05-03,v8,TRUE
2020-12-04,Rt,1.29,1.32,1.36,1.36,1.4,1.44,Maintain Status Quo,Mongolia,MNG,2021-05-03,v8,TRUE
2020-12-04,Reff,1.29,1.32,1.36,1.36,1.4,1.44,Maintain Status Quo,Mongolia,MNG,2021-05-03,v8,TRUE
2020-12-04,deaths,0,0,0,0,0,0,Relax Interventions 50%,Mongolia,MNG,2021-05-03,v8,TRUE
2020-12-04,hospital_demand,0.08,0.09,0.09,0.09,0.09,0.09,Relax Interventions 50%,Mongolia,MNG,2021-05-03,v8,TRUE
2020-12-04,ICU_demand,0.03,0.03,0.03,0.03,0.03,0.03,Relax Interventions 50%,Mongolia,MNG,2021-05-03,v8,TRUE
2020-12-04,infections,1.03,1.1,1.18,1.18,1.26,1.34,Relax Interventions 50%,Mongolia,MNG,2021-05-03,v8,TRUE
2020-12-04,prevalence,7.13,7.63,8.19,8.19,8.75,9.26,Relax Interventions 50%,Mongolia,MNG,2021-05-03,v8,TRUE
2020-12-04,cumulative_infections,15.2,15.64,16.13,16.13,16.63,17.07,Relax Interventions 50%,Mongolia,MNG,2021-05-03,v8,TRUE
2020-12-04,cumulative_deaths,0.01,0.01,0.01,0.01,0.01,0.01,Relax Interventions 50%,Mongolia,MNG,2021-05-03,v8,TRUE
2020-12-04,Rt,1.29,1.32,1.36,1.36,1.4,1.44,Relax Interventions 50%,Mongolia,MNG,2021-05-03,v8,TRUE
2020-12-04,Reff,1.29,1.32,1.36,1.36,1.4,1.44,Relax Interventions 50%,Mongolia,MNG,2021-05-03,v8,TRUE
2020-12-04,deaths,0,0,0,0,0,0,Surged Additional 50% Reduction,Mongolia,MNG,2021-05-03,v8,TRUE
2020-12-04,hospital_demand,0.08,0.09,0.09,0.09,0.09,0.09,Surged Additional 50% Reduction,Mongolia,MNG,2021-05-03,v8,TRUE
2020-12-04,ICU_demand,0.03,0.03,0.03,0.03,0.03,0.03,Surged Additional 50% Reduction,Mongolia,MNG,2021-05-03,v8,TRUE
2020-12-04,infections,1.03,1.1,1.18,1.18,1.26,1.34,Surged Additional 50% Reduction,Mongolia,MNG,2021-05-03,v8,TRUE
2020-12-04,prevalence,7.13,7.63,8.19,8.19,8.75,9.26,Surged Additional 50% Reduction,Mongolia,MNG,2021-05-03,v8,TRUE
2020-12-04,cumulative_infections,15.2,15.64,16.13,16.13,16.63,17.07,Surged Additional 50% Reduction,Mongolia,MNG,2021-05-03,v8,TRUE
2020-12-04,cumulative_deaths,0.01,0.01,0.01,0.01,0.01,0.01,Surged Additional 50% Reduction,Mongolia,MNG,2021-05-03,v8,TRUE
2020-12-04,Rt,1.29,1.32,1.36,1.36,1.4,1.44,Surged Additional 50% Reduction,Mongolia,MNG,2021-05-03,v8,TRUE
2020-12-04,Reff,1.29,1.32,1.36,1.36,1.4,1.44,Surged Additional 50% Reduction,Mongolia,MNG,2021-05-03,v8,TRUE
2020-12-04,deaths,0,0,0,0,0,0,Surged Maintain Status Quo,Mongolia,MNG,2021-05-03,v8,TRUE
2020-12-04,hospital_demand,0.08,0.09,0.09,0.09,0.09,0.09,Surged Maintain Status Quo,Mongolia,MNG,2021-05-03,v8,TRUE
2020-12-04,ICU_demand,0.03,0.03,0.03,0.03,0.03,0.03,Surged Maintain Status Quo,Mongolia,MNG,2021-05-03,v8,TRUE
2020-12-04,infections,1.03,1.1,1.18,1.18,1.26,1.34,Surged Maintain Status Quo,Mongolia,MNG,2021-05-03,v8,TRUE
2020-12-04,prevalence,7.13,7.63,8.19,8.19,8.75,9.26,Surged Maintain Status Quo,Mongolia,MNG,2021-05-03,v8,TRUE
2020-12-04,cumulative_infections,15.2,15.64,16.13,16.13,16.63,17.07,Surged Maintain Status Quo,Mongolia,MNG,2021-05-03,v8,TRUE
2020-12-04,cumulative_deaths,0.01,0.01,0.01,0.01,0.01,0.01,Surged Maintain Status Quo,Mongolia,MNG,2021-05-03,v8,TRUE
2020-12-04,Rt,1.29,1.32,1.36,1.36,1.4,1.44,Surged Maintain Status Quo,Mongolia,MNG,2021-05-03,v8,TRUE
2020-12-04,Reff,1.29,1.32,1.36,1.36,1.4,1.44,Surged Maintain Status Quo,Mongolia,MNG,2021-05-03,v8,TRUE
2020-12-04,deaths,0,0,0,0,0,0,Surged Relax Interventions 50%,Mongolia,MNG,2021-05-03,v8,TRUE
2020-12-04,hospital_demand,0.08,0.09,0.09,0.09,0.09,0.09,Surged Relax Interventions 50%,Mongolia,MNG,2021-05-03,v8,TRUE
2020-12-04,ICU_demand,0.03,0.03,0.03,0.03,0.03,0.03,Surged Relax Interventions 50%,Mongolia,MNG,2021-05-03,v8,TRUE
2020-12-04,infections,1.03,1.1,1.18,1.18,1.26,1.34,Surged Relax Interventions 50%,Mongolia,MNG,2021-05-03,v8,TRUE
2020-12-04,prevalence,7.13,7.63,8.19,8.19,8.75,9.26,Surged Relax Interventions 50%,Mongolia,MNG,2021-05-03,v8,TRUE
2020-12-04,cumulative_infections,15.2,15.64,16.13,16.13,16.63,17.07,Surged Relax Interventions 50%,Mongolia,MNG,2021-05-03,v8,TRUE
2020-12-04,cumulative_deaths,0.01,0.01,0.01,0.01,0.01,0.01,Surged Relax Interventions 50%,Mongolia,MNG,2021-05-03,v8,TRUE
2020-12-04,Rt,1.29,1.32,1.36,1.36,1.4,1.44,Surged Relax Interventions 50%,Mongolia,MNG,2021-05-03,v8,TRUE
2020-12-04,Reff,1.29,1.32,1.36,1.36,1.4,1.44,Surged Relax Interventions 50%,Mongolia,MNG,2021-05-03,v8,TRUE
2020-12-05,deaths,0,0,0,0,0,0,Additional 50% Reduction,Mongolia,MNG,2021-05-03,v8,TRUE
2020-12-05,hospital_demand,0.09,0.09,0.09,0.09,0.1,0.1,Additional 50% Reduction,Mongolia,MNG,2021-05-03,v8,TRUE
2020-12-05,ICU_demand,0.03,0.03,0.03,0.03,0.03,0.03,Additional 50% Reduction,Mongolia,MNG,2021-05-03,v8,TRUE
2020-12-05,infections,1.08,1.16,1.25,1.25,1.34,1.42,Additional 50% Reduction,Mongolia,MNG,2021-05-03,v8,TRUE
2020-12-05,prevalence,7.42,7.99,8.62,8.62,9.25,9.82,Additional 50% Reduction,Mongolia,MNG,2021-05-03,v8,TRUE
2020-12-05,cumulative_infections,16.27,16.8,17.38,17.38,17.97,18.49,Additional 50% Reduction,Mongolia,MNG,2021-05-03,v8,TRUE
2020-12-05,cumulative_deaths,0.01,0.01,0.01,0.01,0.01,0.01,Additional 50% Reduction,Mongolia,MNG,2021-05-03,v8,TRUE
2020-12-05,Rt,1.36,1.4,1.44,1.44,1.48,1.51,Additional 50% Reduction,Mongolia,MNG,2021-05-03,v8,TRUE
2020-12-05,Reff,1.36,1.4,1.44,1.44,1.48,1.51,Additional 50% Reduction,Mongolia,MNG,2021-05-03,v8,TRUE
2020-12-05,deaths,0,0,0,0,0,0,Maintain Status Quo,Mongolia,MNG,2021-05-03,v8,TRUE
2020-12-05,hospital_demand,0.09,0.09,0.09,0.09,0.1,0.1,Maintain Status Quo,Mongolia,MNG,2021-05-03,v8,TRUE
2020-12-05,ICU_demand,0.03,0.03,0.03,0.03,0.03,0.03,Maintain Status Quo,Mongolia,MNG,2021-05-03,v8,TRUE
2020-12-05,infections,1.08,1.16,1.25,1.25,1.34,1.42,Maintain Status Quo,Mongolia,MNG,2021-05-03,v8,TRUE
2020-12-05,prevalence,7.42,7.99,8.62,8.62,9.25,9.82,Maintain Status Quo,Mongolia,MNG,2021-05-03,v8,TRUE
2020-12-05,cumulative_infections,16.27,16.8,17.38,17.38,17.97,18.49,Maintain Status Quo,Mongolia,MNG,2021-05-03,v8,TRUE
2020-12-05,cumulative_deaths,0.01,0.01,0.01,0.01,0.01,0.01,Maintain Status Quo,Mongolia,MNG,2021-05-03,v8,TRUE
2020-12-05,Rt,1.36,1.4,1.44,1.44,1.48,1.51,Maintain Status Quo,Mongolia,MNG,2021-05-03,v8,TRUE
2020-12-05,Reff,1.36,1.4,1.44,1.44,1.48,1.51,Maintain Status Quo,Mongolia,MNG,2021-05-03,v8,TRUE
2020-12-05,deaths,0,0,0,0,0,0,Relax Interventions 50%,Mongolia,MNG,2021-05-03,v8,TRUE
2020-12-05,hospital_demand,0.09,0.09,0.09,0.09,0.1,0.1,Relax Interventions 50%,Mongolia,MNG,2021-05-03,v8,TRUE
2020-12-05,ICU_demand,0.03,0.03,0.03,0.03,0.03,0.03,Relax Interventions 50%,Mongolia,MNG,2021-05-03,v8,TRUE
2020-12-05,infections,1.08,1.16,1.25,1.25,1.34,1.42,Relax Interventions 50%,Mongolia,MNG,2021-05-03,v8,TRUE
2020-12-05,prevalence,7.42,7.99,8.62,8.62,9.25,9.82,Relax Interventions 50%,Mongolia,MNG,2021-05-03,v8,TRUE
2020-12-05,cumulative_infections,16.27,16.8,17.38,17.38,17.97,18.49,Relax Interventions 50%,Mongolia,MNG,2021-05-03,v8,TRUE
2020-12-05,cumulative_deaths,0.01,0.01,0.01,0.01,0.01,0.01,Relax Interventions 50%,Mongolia,MNG,2021-05-03,v8,TRUE
2020-12-05,Rt,1.36,1.4,1.44,1.44,1.48,1.51,Relax Interventions 50%,Mongolia,MNG,2021-05-03,v8,TRUE
2020-12-05,Reff,1.36,1.4,1.44,1.44,1.48,1.51,Relax Interventions 50%,Mongolia,MNG,2021-05-03,v8,TRUE
2020-12-05,deaths,0,0,0,0,0,0,Surged Additional 50% Reduction,Mongolia,MNG,2021-05-03,v8,TRUE
2020-12-05,hospital_demand,0.09,0.09,0.09,0.09,0.1,0.1,Surged Additional 50% Reduction,Mongolia,MNG,2021-05-03,v8,TRUE
2020-12-05,ICU_demand,0.03,0.03,0.03,0.03,0.03,0.03,Surged Additional 50% Reduction,Mongolia,MNG,2021-05-03,v8,TRUE
2020-12-05,infections,1.08,1.16,1.25,1.25,1.34,1.42,Surged Additional 50% Reduction,Mongolia,MNG,2021-05-03,v8,TRUE
2020-12-05,prevalence,7.42,7.99,8.62,8.62,9.25,9.82,Surged Additional 50% Reduction,Mongolia,MNG,2021-05-03,v8,TRUE
2020-12-05,cumulative_infections,16.27,16.8,17.38,17.38,17.97,18.49,Surged Additional 50% Reduction,Mongolia,MNG,2021-05-03,v8,TRUE
2020-12-05,cumulative_deaths,0.01,0.01,0.01,0.01,0.01,0.01,Surged Additional 50% Reduction,Mongolia,MNG,2021-05-03,v8,TRUE
2020-12-05,Rt,1.36,1.4,1.44,1.44,1.48,1.51,Surged Additional 50% Reduction,Mongolia,MNG,2021-05-03,v8,TRUE
2020-12-05,Reff,1.36,1.4,1.44,1.44,1.48,1.51,Surged Additional 50% Reduction,Mongolia,MNG,2021-05-03,v8,TRUE
2020-12-05,deaths,0,0,0,0,0,0,Surged Maintain Status Quo,Mongolia,MNG,2021-05-03,v8,TRUE
2020-12-05,hospital_demand,0.09,0.09,0.09,0.09,0.1,0.1,Surged Maintain Status Quo,Mongolia,MNG,2021-05-03,v8,TRUE
2020-12-05,ICU_demand,0.03,0.03,0.03,0.03,0.03,0.03,Surged Maintain Status Quo,Mongolia,MNG,2021-05-03,v8,TRUE
2020-12-05,infections,1.08,1.16,1.25,1.25,1.34,1.42,Surged Maintain Status Quo,Mongolia,MNG,2021-05-03,v8,TRUE
2020-12-05,prevalence,7.42,7.99,8.62,8.62,9.25,9.82,Surged Maintain Status Quo,Mongolia,MNG,2021-05-03,v8,TRUE
2020-12-05,cumulative_infections,16.27,16.8,17.38,17.38,17.97,18.49,Surged Maintain Status Quo,Mongolia,MNG,2021-05-03,v8,TRUE
2020-12-05,cumulative_deaths,0.01,0.01,0.01,0.01,0.01,0.01,Surged Maintain Status Quo,Mongolia,MNG,2021-05-03,v8,TRUE
2020-12-05,Rt,1.36,1.4,1.44,1.44,1.48,1.51,Surged Maintain Status Quo,Mongolia,MNG,2021-05-03,v8,TRUE
2020-12-05,Reff,1.36,1.4,1.44,1.44,1.48,1.51,Surged Maintain Status Quo,Mongolia,MNG,2021-05-03,v8,TRUE
2020-12-05,deaths,0,0,0,0,0,0,Surged Relax Interventions 50%,Mongolia,MNG,2021-05-03,v8,TRUE
2020-12-05,hospital_demand,0.09,0.09,0.09,0.09,0.1,0.1,Surged Relax Interventions 50%,Mongolia,MNG,2021-05-03,v8,TRUE
2020-12-05,ICU_demand,0.03,0.03,0.03,0.03,0.03,0.03,Surged Relax Interventions 50%,Mongolia,MNG,2021-05-03,v8,TRUE
2020-12-05,infections,1.08,1.16,1.25,1.25,1.34,1.42,Surged Relax Interventions 50%,Mongolia,MNG,2021-05-03,v8,TRUE
2020-12-05,prevalence,7.42,7.99,8.62,8.62,9.25,9.82,Surged Relax Interventions 50%,Mongolia,MNG,2021-05-03,v8,TRUE
2020-12-05,cumulative_infections,16.27,16.8,17.38,17.38,17.97,18.49,Surged Relax Interventions 50%,Mongolia,MNG,2021-05-03,v8,TRUE
2020-12-05,cumulative_deaths,0.01,0.01,0.01,0.01,0.01,0.01,Surged Relax Interventions 50%,Mongolia,MNG,2021-05-03,v8,TRUE
2020-12-05,Rt,1.36,1.4,1.44,1.44,1.48,1.51,Surged Relax Interventions 50%,Mongolia,MNG,2021-05-03,v8,TRUE
2020-12-05,Reff,1.36,1.4,1.44,1.44,1.48,1.51,Surged Relax Interventions 50%,Mongolia,MNG,2021-05-03,v8,TRUE
2020-12-06,deaths,0,0,0,0,0,0,Additional 50% Reduction,Mongolia,MNG,2021-05-03,v8,TRUE
2020-12-06,hospital_demand,0.09,0.09,0.1,0.1,0.1,0.1,Additional 50% Reduction,Mongolia,MNG,2021-05-03,v8,TRUE
2020-12-06,ICU_demand,0.03,0.03,0.03,0.03,0.04,0.04,Additional 50% Reduction,Mongolia,MNG,2021-05-03,v8,TRUE
2020-12-06,infections,1.13,1.22,1.32,1.32,1.42,1.52,Additional 50% Reduction,Mongolia,MNG,2021-05-03,v8,TRUE
2020-12-06,prevalence,7.8,8.44,9.15,9.15,9.86,10.5,Additional 50% Reduction,Mongolia,MNG,2021-05-03,v8,TRUE
2020-12-06,cumulative_infections,17.4,18.02,18.7,18.7,19.39,20.01,Additional 50% Reduction,Mongolia,MNG,2021-05-03,v8,TRUE
2020-12-06,cumulative_deaths,0.01,0.01,0.01,0.01,0.01,0.01,Additional 50% Reduction,Mongolia,MNG,2021-05-03,v8,TRUE
2020-12-06,Rt,1.37,1.4,1.44,1.44,1.49,1.52,Additional 50% Reduction,Mongolia,MNG,2021-05-03,v8,TRUE
2020-12-06,Reff,1.37,1.4,1.44,1.44,1.49,1.52,Additional 50% Reduction,Mongolia,MNG,2021-05-03,v8,TRUE
2020-12-06,deaths,0,0,0,0,0,0,Maintain Status Quo,Mongolia,MNG,2021-05-03,v8,TRUE
2020-12-06,hospital_demand,0.09,0.09,0.1,0.1,0.1,0.1,Maintain Status Quo,Mongolia,MNG,2021-05-03,v8,TRUE
2020-12-06,ICU_demand,0.03,0.03,0.03,0.03,0.04,0.04,Maintain Status Quo,Mongolia,MNG,2021-05-03,v8,TRUE
2020-12-06,infections,1.13,1.22,1.32,1.32,1.42,1.52,Maintain Status Quo,Mongolia,MNG,2021-05-03,v8,TRUE
2020-12-06,prevalence,7.8,8.44,9.15,9.15,9.86,10.5,Maintain Status Quo,Mongolia,MNG,2021-05-03,v8,TRUE
2020-12-06,cumulative_infections,17.4,18.02,18.7,18.7,19.39,20.01,Maintain Status Quo,Mongolia,MNG,2021-05-03,v8,TRUE
2020-12-06,cumulative_deaths,0.01,0.01,0.01,0.01,0.01,0.01,Maintain Status Quo,Mongolia,MNG,2021-05-03,v8,TRUE
2020-12-06,Rt,1.37,1.4,1.44,1.44,1.49,1.52,Maintain Status Quo,Mongolia,MNG,2021-05-03,v8,TRUE
2020-12-06,Reff,1.37,1.4,1.44,1.44,1.49,1.52,Maintain Status Quo,Mongolia,MNG,2021-05-03,v8,TRUE
2020-12-06,deaths,0,0,0,0,0,0,Relax Interventions 50%,Mongolia,MNG,2021-05-03,v8,TRUE
2020-12-06,hospital_demand,0.09,0.09,0.1,0.1,0.1,0.1,Relax Interventions 50%,Mongolia,MNG,2021-05-03,v8,TRUE
2020-12-06,ICU_demand,0.03,0.03,0.03,0.03,0.04,0.04,Relax Interventions 50%,Mongolia,MNG,2021-05-03,v8,TRUE
2020-12-06,infections,1.13,1.22,1.32,1.32,1.42,1.52,Relax Interventions 50%,Mongolia,MNG,2021-05-03,v8,TRUE
2020-12-06,prevalence,7.8,8.44,9.15,9.15,9.86,10.5,Relax Interventions 50%,Mongolia,MNG,2021-05-03,v8,TRUE
2020-12-06,cumulative_infections,17.4,18.02,18.7,18.7,19.39,20.01,Relax Interventions 50%,Mongolia,MNG,2021-05-03,v8,TRUE
2020-12-06,cumulative_deaths,0.01,0.01,0.01,0.01,0.01,0.01,Relax Interventions 50%,Mongolia,MNG,2021-05-03,v8,TRUE
2020-12-06,Rt,1.37,1.4,1.44,1.44,1.49,1.52,Relax Interventions 50%,Mongolia,MNG,2021-05-03,v8,TRUE
2020-12-06,Reff,1.37,1.4,1.44,1.44,1.49,1.52,Relax Interventions 50%,Mongolia,MNG,2021-05-03,v8,TRUE
2020-12-06,deaths,0,0,0,0,0,0,Surged Additional 50% Reduction,Mongolia,MNG,2021-05-03,v8,TRUE
2020-12-06,hospital_demand,0.09,0.09,0.1,0.1,0.1,0.1,Surged Additional 50% Reduction,Mongolia,MNG,2021-05-03,v8,TRUE
2020-12-06,ICU_demand,0.03,0.03,0.03,0.03,0.04,0.04,Surged Additional 50% Reduction,Mongolia,MNG,2021-05-03,v8,TRUE
2020-12-06,infections,1.13,1.22,1.32,1.32,1.42,1.52,Surged Additional 50% Reduction,Mongolia,MNG,2021-05-03,v8,TRUE
2020-12-06,prevalence,7.8,8.44,9.15,9.15,9.86,10.5,Surged Additional 50% Reduction,Mongolia,MNG,2021-05-03,v8,TRUE
2020-12-06,cumulative_infections,17.4,18.02,18.7,18.7,19.39,20.01,Surged Additional 50% Reduction,Mongolia,MNG,2021-05-03,v8,TRUE
2020-12-06,cumulative_deaths,0.01,0.01,0.01,0.01,0.01,0.01,Surged Additional 50% Reduction,Mongolia,MNG,2021-05-03,v8,TRUE
2020-12-06,Rt,1.37,1.4,1.44,1.44,1.49,1.52,Surged Additional 50% Reduction,Mongolia,MNG,2021-05-03,v8,TRUE
2020-12-06,Reff,1.37,1.4,1.44,1.44,1.49,1.52,Surged Additional 50% Reduction,Mongolia,MNG,2021-05-03,v8,TRUE
2020-12-06,deaths,0,0,0,0,0,0,Surged Maintain Status Quo,Mongolia,MNG,2021-05-03,v8,TRUE
2020-12-06,hospital_demand,0.09,0.09,0.1,0.1,0.1,0.1,Surged Maintain Status Quo,Mongolia,MNG,2021-05-03,v8,TRUE
2020-12-06,ICU_demand,0.03,0.03,0.03,0.03,0.04,0.04,Surged Maintain Status Quo,Mongolia,MNG,2021-05-03,v8,TRUE
2020-12-06,infections,1.13,1.22,1.32,1.32,1.42,1.52,Surged Maintain Status Quo,Mongolia,MNG,2021-05-03,v8,TRUE
2020-12-06,prevalence,7.8,8.44,9.15,9.15,9.86,10.5,Surged Maintain Status Quo,Mongolia,MNG,2021-05-03,v8,TRUE
2020-12-06,cumulative_infections,17.4,18.02,18.7,18.7,19.39,20.01,Surged Maintain Status Quo,Mongolia,MNG,2021-05-03,v8,TRUE
2020-12-06,cumulative_deaths,0.01,0.01,0.01,0.01,0.01,0.01,Surged Maintain Status Quo,Mongolia,MNG,2021-05-03,v8,TRUE
2020-12-06,Rt,1.37,1.4,1.44,1.44,1.49,1.52,Surged Maintain Status Quo,Mongolia,MNG,2021-05-03,v8,TRUE
2020-12-06,Reff,1.37,1.4,1.44,1.44,1.49,1.52,Surged Maintain Status Quo,Mongolia,MNG,2021-05-03,v8,TRUE
2020-12-06,deaths,0,0,0,0,0,0,Surged Relax Interventions 50%,Mongolia,MNG,2021-05-03,v8,TRUE
2020-12-06,hospital_demand,0.09,0.09,0.1,0.1,0.1,0.1,Surged Relax Interventions 50%,Mongolia,MNG,2021-05-03,v8,TRUE
2020-12-06,ICU_demand,0.03,0.03,0.03,0.03,0.04,0.04,Surged Relax Interventions 50%,Mongolia,MNG,2021-05-03,v8,TRUE
2020-12-06,infections,1.13,1.22,1.32,1.32,1.42,1.52,Surged Relax Interventions 50%,Mongolia,MNG,2021-05-03,v8,TRUE
2020-12-06,prevalence,7.8,8.44,9.15,9.15,9.86,10.5,Surged Relax Interventions 50%,Mongolia,MNG,2021-05-03,v8,TRUE
2020-12-06,cumulative_infections,17.4,18.02,18.7,18.7,19.39,20.01,Surged Relax Interventions 50%,Mongolia,MNG,2021-05-03,v8,TRUE
2020-12-06,cumulative_deaths,0.01,0.01,0.01,0.01,0.01,0.01,Surged Relax Interventions 50%,Mongolia,MNG,2021-05-03,v8,TRUE
2020-12-06,Rt,1.37,1.4,1.44,1.44,1.49,1.52,Surged Relax Interventions 50%,Mongolia,MNG,2021-05-03,v8,TRUE
2020-12-06,Reff,1.37,1.4,1.44,1.44,1.49,1.52,Surged Relax Interventions 50%,Mongolia,MNG,2021-05-03,v8,TRUE
2020-12-07,deaths,0,0,0,0,0,0,Additional 50% Reduction,Mongolia,MNG,2021-05-03,v8,TRUE
2020-12-07,hospital_demand,0.09,0.1,0.1,0.1,0.11,0.11,Additional 50% Reduction,Mongolia,MNG,2021-05-03,v8,TRUE
2020-12-07,ICU_demand,0.03,0.04,0.04,0.04,0.04,0.04,Additional 50% Reduction,Mongolia,MNG,2021-05-03,v8,TRUE
2020-12-07,infections,1.18,1.29,1.4,1.4,1.52,1.62,Additional 50% Reduction,Mongolia,MNG,2021-05-03,v8,TRUE
2020-12-07,prevalence,8.2,8.92,9.72,9.72,10.51,11.23,Additional 50% Reduction,Mongolia,MNG,2021-05-03,v8,TRUE
2020-12-07,cumulative_infections,18.59,19.31,20.11,20.11,20.91,21.63,Additional 50% Reduction,Mongolia,MNG,2021-05-03,v8,TRUE
2020-12-07,cumulative_deaths,0.01,0.01,0.02,0.02,0.02,0.02,Additional 50% Reduction,Mongolia,MNG,2021-05-03,v8,TRUE
2020-12-07,Rt,1.31,1.35,1.39,1.39,1.43,1.47,Additional 50% Reduction,Mongolia,MNG,2021-05-03,v8,TRUE
2020-12-07,Reff,1.31,1.35,1.39,1.39,1.43,1.47,Additional 50% Reduction,Mongolia,MNG,2021-05-03,v8,TRUE
2020-12-07,deaths,0,0,0,0,0,0,Maintain Status Quo,Mongolia,MNG,2021-05-03,v8,TRUE
2020-12-07,hospital_demand,0.09,0.1,0.1,0.1,0.11,0.11,Maintain Status Quo,Mongolia,MNG,2021-05-03,v8,TRUE
2020-12-07,ICU_demand,0.03,0.04,0.04,0.04,0.04,0.04,Maintain Status Quo,Mongolia,MNG,2021-05-03,v8,TRUE
2020-12-07,infections,1.18,1.29,1.4,1.4,1.52,1.62,Maintain Status Quo,Mongolia,MNG,2021-05-03,v8,TRUE
2020-12-07,prevalence,8.2,8.92,9.72,9.72,10.51,11.23,Maintain Status Quo,Mongolia,MNG,2021-05-03,v8,TRUE
2020-12-07,cumulative_infections,18.59,19.31,20.11,20.11,20.91,21.63,Maintain Status Quo,Mongolia,MNG,2021-05-03,v8,TRUE
2020-12-07,cumulative_deaths,0.01,0.01,0.02,0.02,0.02,0.02,Maintain Status Quo,Mongolia,MNG,2021-05-03,v8,TRUE
2020-12-07,Rt,1.31,1.35,1.39,1.39,1.43,1.47,Maintain Status Quo,Mongolia,MNG,2021-05-03,v8,TRUE
2020-12-07,Reff,1.31,1.35,1.39,1.39,1.43,1.47,Maintain Status Quo,Mongolia,MNG,2021-05-03,v8,TRUE
2020-12-07,deaths,0,0,0,0,0,0,Relax Interventions 50%,Mongolia,MNG,2021-05-03,v8,TRUE
2020-12-07,hospital_demand,0.09,0.1,0.1,0.1,0.11,0.11,Relax Interventions 50%,Mongolia,MNG,2021-05-03,v8,TRUE
2020-12-07,ICU_demand,0.03,0.04,0.04,0.04,0.04,0.04,Relax Interventions 50%,Mongolia,MNG,2021-05-03,v8,TRUE
2020-12-07,infections,1.18,1.29,1.4,1.4,1.52,1.62,Relax Interventions 50%,Mongolia,MNG,2021-05-03,v8,TRUE
2020-12-07,prevalence,8.2,8.92,9.72,9.72,10.51,11.23,Relax Interventions 50%,Mongolia,MNG,2021-05-03,v8,TRUE
2020-12-07,cumulative_infections,18.59,19.31,20.11,20.11,20.91,21.63,Relax Interventions 50%,Mongolia,MNG,2021-05-03,v8,TRUE
2020-12-07,cumulative_deaths,0.01,0.01,0.02,0.02,0.02,0.02,Relax Interventions 50%,Mongolia,MNG,2021-05-03,v8,TRUE
2020-12-07,Rt,1.31,1.35,1.39,1.39,1.43,1.47,Relax Interventions 50%,Mongolia,MNG,2021-05-03,v8,TRUE
2020-12-07,Reff,1.31,1.35,1.39,1.39,1.43,1.47,Relax Interventions 50%,Mongolia,MNG,2021-05-03,v8,TRUE
2020-12-07,deaths,0,0,0,0,0,0,Surged Additional 50% Reduction,Mongolia,MNG,2021-05-03,v8,TRUE
2020-12-07,hospital_demand,0.09,0.1,0.1,0.1,0.11,0.11,Surged Additional 50% Reduction,Mongolia,MNG,2021-05-03,v8,TRUE
2020-12-07,ICU_demand,0.03,0.04,0.04,0.04,0.04,0.04,Surged Additional 50% Reduction,Mongolia,MNG,2021-05-03,v8,TRUE
2020-12-07,infections,1.18,1.29,1.4,1.4,1.52,1.62,Surged Additional 50% Reduction,Mongolia,MNG,2021-05-03,v8,TRUE
2020-12-07,prevalence,8.2,8.92,9.72,9.72,10.51,11.23,Surged Additional 50% Reduction,Mongolia,MNG,2021-05-03,v8,TRUE
2020-12-07,cumulative_infections,18.59,19.31,20.11,20.11,20.91,21.63,Surged Additional 50% Reduction,Mongolia,MNG,2021-05-03,v8,TRUE
2020-12-07,cumulative_deaths,0.01,0.01,0.02,0.02,0.02,0.02,Surged Additional 50% Reduction,Mongolia,MNG,2021-05-03,v8,TRUE
2020-12-07,Rt,1.31,1.35,1.39,1.39,1.43,1.47,Surged Additional 50% Reduction,Mongolia,MNG,2021-05-03,v8,TRUE
2020-12-07,Reff,1.31,1.35,1.39,1.39,1.43,1.47,Surged Additional 50% Reduction,Mongolia,MNG,2021-05-03,v8,TRUE
2020-12-07,deaths,0,0,0,0,0,0,Surged Maintain Status Quo,Mongolia,MNG,2021-05-03,v8,TRUE
2020-12-07,hospital_demand,0.09,0.1,0.1,0.1,0.11,0.11,Surged Maintain Status Quo,Mongolia,MNG,2021-05-03,v8,TRUE
2020-12-07,ICU_demand,0.03,0.04,0.04,0.04,0.04,0.04,Surged Maintain Status Quo,Mongolia,MNG,2021-05-03,v8,TRUE
2020-12-07,infections,1.18,1.29,1.4,1.4,1.52,1.62,Surged Maintain Status Quo,Mongolia,MNG,2021-05-03,v8,TRUE
2020-12-07,prevalence,8.2,8.92,9.72,9.72,10.51,11.23,Surged Maintain Status Quo,Mongolia,MNG,2021-05-03,v8,TRUE
2020-12-07,cumulative_infections,18.59,19.31,20.11,20.11,20.91,21.63,Surged Maintain Status Quo,Mongolia,MNG,2021-05-03,v8,TRUE
2020-12-07,cumulative_deaths,0.01,0.01,0.02,0.02,0.02,0.02,Surged Maintain Status Quo,Mongolia,MNG,2021-05-03,v8,TRUE
2020-12-07,Rt,1.31,1.35,1.39,1.39,1.43,1.47,Surged Maintain Status Quo,Mongolia,MNG,2021-05-03,v8,TRUE
2020-12-07,Reff,1.31,1.35,1.39,1.39,1.43,1.47,Surged Maintain Status Quo,Mongolia,MNG,2021-05-03,v8,TRUE
2020-12-07,deaths,0,0,0,0,0,0,Surged Relax Interventions 50%,Mongolia,MNG,2021-05-03,v8,TRUE
2020-12-07,hospital_demand,0.09,0.1,0.1,0.1,0.11,0.11,Surged Relax Interventions 50%,Mongolia,MNG,2021-05-03,v8,TRUE
2020-12-07,ICU_demand,0.03,0.04,0.04,0.04,0.04,0.04,Surged Relax Interventions 50%,Mongolia,MNG,2021-05-03,v8,TRUE
2020-12-07,infections,1.18,1.29,1.4,1.4,1.52,1.62,Surged Relax Interventions 50%,Mongolia,MNG,2021-05-03,v8,TRUE
2020-12-07,prevalence,8.2,8.92,9.72,9.72,10.51,11.23,Surged Relax Interventions 50%,Mongolia,MNG,2021-05-03,v8,TRUE
2020-12-07,cumulative_infections,18.59,19.31,20.11,20.11,20.91,21.63,Surged Relax Interventions 50%,Mongolia,MNG,2021-05-03,v8,TRUE
2020-12-07,cumulative_deaths,0.01,0.01,0.02,0.02,0.02,0.02,Surged Relax Interventions 50%,Mongolia,MNG,2021-05-03,v8,TRUE
2020-12-07,Rt,1.31,1.35,1.39,1.39,1.43,1.47,Surged Relax Interventions 50%,Mongolia,MNG,2021-05-03,v8,TRUE
2020-12-07,Reff,1.31,1.35,1.39,1.39,1.43,1.47,Surged Relax Interventions 50%,Mongolia,MNG,2021-05-03,v8,TRUE
2020-12-08,deaths,0,0,0,0,0,0,Additional 50% Reduction,Mongolia,MNG,2021-05-03,v8,TRUE
2020-12-08,hospital_demand,0.1,0.1,0.11,0.11,0.11,0.12,Additional 50% Reduction,Mongolia,MNG,2021-05-03,v8,TRUE
2020-12-08,ICU_demand,0.04,0.04,0.04,0.04,0.04,0.04,Additional 50% Reduction,Mongolia,MNG,2021-05-03,v8,TRUE
2020-12-08,infections,1.24,1.36,1.49,1.49,1.62,1.73,Additional 50% Reduction,Mongolia,MNG,2021-05-03,v8,TRUE
2020-12-08,prevalence,8.56,9.36,10.25,10.25,11.14,11.94,Additional 50% Reduction,Mongolia,MNG,2021-05-03,v8,TRUE
2020-12-08,cumulative_infections,19.83,20.66,21.59,21.59,22.52,23.36,Additional 50% Reduction,Mongolia,MNG,2021-05-03,v8,TRUE
2020-12-08,cumulative_deaths,0.02,0.02,0.02,0.02,0.02,0.02,Additional 50% Reduction,Mongolia,MNG,2021-05-03,v8,TRUE
2020-12-08,Rt,1.33,1.35,1.37,1.37,1.38,1.4,Additional 50% Reduction,Mongolia,MNG,2021-05-03,v8,TRUE
2020-12-08,Reff,1.33,1.35,1.37,1.37,1.38,1.4,Additional 50% Reduction,Mongolia,MNG,2021-05-03,v8,TRUE
2020-12-08,deaths,0,0,0,0,0,0,Maintain Status Quo,Mongolia,MNG,2021-05-03,v8,TRUE
2020-12-08,hospital_demand,0.1,0.1,0.11,0.11,0.11,0.12,Maintain Status Quo,Mongolia,MNG,2021-05-03,v8,TRUE
2020-12-08,ICU_demand,0.04,0.04,0.04,0.04,0.04,0.04,Maintain Status Quo,Mongolia,MNG,2021-05-03,v8,TRUE
2020-12-08,infections,1.24,1.36,1.49,1.49,1.62,1.73,Maintain Status Quo,Mongolia,MNG,2021-05-03,v8,TRUE
2020-12-08,prevalence,8.56,9.36,10.25,10.25,11.14,11.94,Maintain Status Quo,Mongolia,MNG,2021-05-03,v8,TRUE
2020-12-08,cumulative_infections,19.83,20.66,21.59,21.59,22.52,23.36,Maintain Status Quo,Mongolia,MNG,2021-05-03,v8,TRUE
2020-12-08,cumulative_deaths,0.02,0.02,0.02,0.02,0.02,0.02,Maintain Status Quo,Mongolia,MNG,2021-05-03,v8,TRUE
2020-12-08,Rt,1.33,1.35,1.37,1.37,1.38,1.4,Maintain Status Quo,Mongolia,MNG,2021-05-03,v8,TRUE
2020-12-08,Reff,1.33,1.35,1.37,1.37,1.38,1.4,Maintain Status Quo,Mongolia,MNG,2021-05-03,v8,TRUE
2020-12-08,deaths,0,0,0,0,0,0,Relax Interventions 50%,Mongolia,MNG,2021-05-03,v8,TRUE
2020-12-08,hospital_demand,0.1,0.1,0.11,0.11,0.11,0.12,Relax Interventions 50%,Mongolia,MNG,2021-05-03,v8,TRUE
2020-12-08,ICU_demand,0.04,0.04,0.04,0.04,0.04,0.04,Relax Interventions 50%,Mongolia,MNG,2021-05-03,v8,TRUE
2020-12-08,infections,1.24,1.36,1.49,1.49,1.62,1.73,Relax Interventions 50%,Mongolia,MNG,2021-05-03,v8,TRUE
2020-12-08,prevalence,8.56,9.36,10.25,10.25,11.14,11.94,Relax Interventions 50%,Mongolia,MNG,2021-05-03,v8,TRUE
2020-12-08,cumulative_infections,19.83,20.66,21.59,21.59,22.52,23.36,Relax Interventions 50%,Mongolia,MNG,2021-05-03,v8,TRUE
2020-12-08,cumulative_deaths,0.02,0.02,0.02,0.02,0.02,0.02,Relax Interventions 50%,Mongolia,MNG,2021-05-03,v8,TRUE
2020-12-08,Rt,1.33,1.35,1.37,1.37,1.38,1.4,Relax Interventions 50%,Mongolia,MNG,2021-05-03,v8,TRUE
2020-12-08,Reff,1.33,1.35,1.37,1.37,1.38,1.4,Relax Interventions 50%,Mongolia,MNG,2021-05-03,v8,TRUE
2020-12-08,deaths,0,0,0,0,0,0,Surged Additional 50% Reduction,Mongolia,MNG,2021-05-03,v8,TRUE
2020-12-08,hospital_demand,0.1,0.1,0.11,0.11,0.11,0.12,Surged Additional 50% Reduction,Mongolia,MNG,2021-05-03,v8,TRUE
2020-12-08,ICU_demand,0.04,0.04,0.04,0.04,0.04,0.04,Surged Additional 50% Reduction,Mongolia,MNG,2021-05-03,v8,TRUE
2020-12-08,infections,1.24,1.36,1.49,1.49,1.62,1.73,Surged Additional 50% Reduction,Mongolia,MNG,2021-05-03,v8,TRUE
2020-12-08,prevalence,8.56,9.36,10.25,10.25,11.14,11.94,Surged Additional 50% Reduction,Mongolia,MNG,2021-05-03,v8,TRUE
2020-12-08,cumulative_infections,19.83,20.66,21.59,21.59,22.52,23.36,Surged Additional 50% Reduction,Mongolia,MNG,2021-05-03,v8,TRUE
2020-12-08,cumulative_deaths,0.02,0.02,0.02,0.02,0.02,0.02,Surged Additional 50% Reduction,Mongolia,MNG,2021-05-03,v8,TRUE
2020-12-08,Rt,1.33,1.35,1.37,1.37,1.38,1.4,Surged Additional 50% Reduction,Mongolia,MNG,2021-05-03,v8,TRUE
2020-12-08,Reff,1.33,1.35,1.37,1.37,1.38,1.4,Surged Additional 50% Reduction,Mongolia,MNG,2021-05-03,v8,TRUE
2020-12-08,deaths,0,0,0,0,0,0,Surged Maintain Status Quo,Mongolia,MNG,2021-05-03,v8,TRUE
2020-12-08,hospital_demand,0.1,0.1,0.11,0.11,0.11,0.12,Surged Maintain Status Quo,Mongolia,MNG,2021-05-03,v8,TRUE
2020-12-08,ICU_demand,0.04,0.04,0.04,0.04,0.04,0.04,Surged Maintain Status Quo,Mongolia,MNG,2021-05-03,v8,TRUE
2020-12-08,infections,1.24,1.36,1.49,1.49,1.62,1.73,Surged Maintain Status Quo,Mongolia,MNG,2021-05-03,v8,TRUE
2020-12-08,prevalence,8.56,9.36,10.25,10.25,11.14,11.94,Surged Maintain Status Quo,Mongolia,MNG,2021-05-03,v8,TRUE
2020-12-08,cumulative_infections,19.83,20.66,21.59,21.59,22.52,23.36,Surged Maintain Status Quo,Mongolia,MNG,2021-05-03,v8,TRUE
2020-12-08,cumulative_deaths,0.02,0.02,0.02,0.02,0.02,0.02,Surged Maintain Status Quo,Mongolia,MNG,2021-05-03,v8,TRUE
2020-12-08,Rt,1.33,1.35,1.37,1.37,1.38,1.4,Surged Maintain Status Quo,Mongolia,MNG,2021-05-03,v8,TRUE
2020-12-08,Reff,1.33,1.35,1.37,1.37,1.38,1.4,Surged Maintain Status Quo,Mongolia,MNG,2021-05-03,v8,TRUE
2020-12-08,deaths,0,0,0,0,0,0,Surged Relax Interventions 50%,Mongolia,MNG,2021-05-03,v8,TRUE
2020-12-08,hospital_demand,0.1,0.1,0.11,0.11,0.11,0.12,Surged Relax Interventions 50%,Mongolia,MNG,2021-05-03,v8,TRUE
2020-12-08,ICU_demand,0.04,0.04,0.04,0.04,0.04,0.04,Surged Relax Interventions 50%,Mongolia,MNG,2021-05-03,v8,TRUE
2020-12-08,infections,1.24,1.36,1.49,1.49,1.62,1.73,Surged Relax Interventions 50%,Mongolia,MNG,2021-05-03,v8,TRUE
2020-12-08,prevalence,8.56,9.36,10.25,10.25,11.14,11.94,Surged Relax Interventions 50%,Mongolia,MNG,2021-05-03,v8,TRUE
2020-12-08,cumulative_infections,19.83,20.66,21.59,21.59,22.52,23.36,Surged Relax Interventions 50%,Mongolia,MNG,2021-05-03,v8,TRUE
2020-12-08,cumulative_deaths,0.02,0.02,0.02,0.02,0.02,0.02,Surged Relax Interventions 50%,Mongolia,MNG,2021-05-03,v8,TRUE
2020-12-08,Rt,1.33,1.35,1.37,1.37,1.38,1.4,Surged Relax Interventions 50%,Mongolia,MNG,2021-05-03,v8,TRUE
2020-12-08,Reff,1.33,1.35,1.37,1.37,1.38,1.4,Surged Relax Interventions 50%,Mongolia,MNG,2021-05-03,v8,TRUE
2020-12-09,deaths,0,0,0,0,0,0,Additional 50% Reduction,Mongolia,MNG,2021-05-03,v8,TRUE
2020-12-09,hospital_demand,0.1,0.11,0.11,0.11,0.12,0.12,Additional 50% Reduction,Mongolia,MNG,2021-05-03,v8,TRUE
2020-12-09,ICU_demand,0.04,0.04,0.04,0.04,0.04,0.04,Additional 50% Reduction,Mongolia,MNG,2021-05-03,v8,TRUE
2020-12-09,infections,1.3,1.43,1.57,1.57,1.71,1.83,Additional 50% Reduction,Mongolia,MNG,2021-05-03,v8,TRUE
2020-12-09,prevalence,8.95,9.81,10.77,10.77,11.72,12.58,Additional 50% Reduction,Mongolia,MNG,2021-05-03,v8,TRUE
2020-12-09,cumulative_infections,21.13,22.09,23.16,23.16,24.23,25.19,Additional 50% Reduction,Mongolia,MNG,2021-05-03,v8,TRUE
2020-12-09,cumulative_deaths,0.02,0.02,0.02,0.02,0.02,0.02,Additional 50% Reduction,Mongolia,MNG,2021-05-03,v8,TRUE
2020-12-09,Rt,1.32,1.34,1.36,1.36,1.37,1.39,Additional 50% Reduction,Mongolia,MNG,2021-05-03,v8,TRUE
2020-12-09,Reff,1.32,1.34,1.36,1.36,1.37,1.39,Additional 50% Reduction,Mongolia,MNG,2021-05-03,v8,TRUE
2020-12-09,deaths,0,0,0,0,0,0,Maintain Status Quo,Mongolia,MNG,2021-05-03,v8,TRUE
2020-12-09,hospital_demand,0.1,0.11,0.11,0.11,0.12,0.12,Maintain Status Quo,Mongolia,MNG,2021-05-03,v8,TRUE
2020-12-09,ICU_demand,0.04,0.04,0.04,0.04,0.04,0.04,Maintain Status Quo,Mongolia,MNG,2021-05-03,v8,TRUE
2020-12-09,infections,1.3,1.43,1.57,1.57,1.71,1.83,Maintain Status Quo,Mongolia,MNG,2021-05-03,v8,TRUE
2020-12-09,prevalence,8.95,9.81,10.77,10.77,11.72,12.58,Maintain Status Quo,Mongolia,MNG,2021-05-03,v8,TRUE
2020-12-09,cumulative_infections,21.13,22.09,23.16,23.16,24.23,25.19,Maintain Status Quo,Mongolia,MNG,2021-05-03,v8,TRUE
2020-12-09,cumulative_deaths,0.02,0.02,0.02,0.02,0.02,0.02,Maintain Status Quo,Mongolia,MNG,2021-05-03,v8,TRUE
2020-12-09,Rt,1.32,1.34,1.36,1.36,1.37,1.39,Maintain Status Quo,Mongolia,MNG,2021-05-03,v8,TRUE
2020-12-09,Reff,1.32,1.34,1.36,1.36,1.37,1.39,Maintain Status Quo,Mongolia,MNG,2021-05-03,v8,TRUE
2020-12-09,deaths,0,0,0,0,0,0,Relax Interventions 50%,Mongolia,MNG,2021-05-03,v8,TRUE
2020-12-09,hospital_demand,0.1,0.11,0.11,0.11,0.12,0.12,Relax Interventions 50%,Mongolia,MNG,2021-05-03,v8,TRUE
2020-12-09,ICU_demand,0.04,0.04,0.04,0.04,0.04,0.04,Relax Interventions 50%,Mongolia,MNG,2021-05-03,v8,TRUE
2020-12-09,infections,1.3,1.43,1.57,1.57,1.71,1.83,Relax Interventions 50%,Mongolia,MNG,2021-05-03,v8,TRUE
2020-12-09,prevalence,8.95,9.81,10.77,10.77,11.72,12.58,Relax Interventions 50%,Mongolia,MNG,2021-05-03,v8,TRUE
2020-12-09,cumulative_infections,21.13,22.09,23.16,23.16,24.23,25.19,Relax Interventions 50%,Mongolia,MNG,2021-05-03,v8,TRUE
2020-12-09,cumulative_deaths,0.02,0.02,0.02,0.02,0.02,0.02,Relax Interventions 50%,Mongolia,MNG,2021-05-03,v8,TRUE
2020-12-09,Rt,1.32,1.34,1.36,1.36,1.37,1.39,Relax Interventions 50%,Mongolia,MNG,2021-05-03,v8,TRUE
2020-12-09,Reff,1.32,1.34,1.36,1.36,1.37,1.39,Relax Interventions 50%,Mongolia,MNG,2021-05-03,v8,TRUE
2020-12-09,deaths,0,0,0,0,0,0,Surged Additional 50% Reduction,Mongolia,MNG,2021-05-03,v8,TRUE
2020-12-09,hospital_demand,0.1,0.11,0.11,0.11,0.12,0.12,Surged Additional 50% Reduction,Mongolia,MNG,2021-05-03,v8,TRUE
2020-12-09,ICU_demand,0.04,0.04,0.04,0.04,0.04,0.04,Surged Additional 50% Reduction,Mongolia,MNG,2021-05-03,v8,TRUE
2020-12-09,infections,1.3,1.43,1.57,1.57,1.71,1.83,Surged Additional 50% Reduction,Mongolia,MNG,2021-05-03,v8,TRUE
2020-12-09,prevalence,8.95,9.81,10.77,10.77,11.72,12.58,Surged Additional 50% Reduction,Mongolia,MNG,2021-05-03,v8,TRUE
2020-12-09,cumulative_infections,21.13,22.09,23.16,23.16,24.23,25.19,Surged Additional 50% Reduction,Mongolia,MNG,2021-05-03,v8,TRUE
2020-12-09,cumulative_deaths,0.02,0.02,0.02,0.02,0.02,0.02,Surged Additional 50% Reduction,Mongolia,MNG,2021-05-03,v8,TRUE
2020-12-09,Rt,1.32,1.34,1.36,1.36,1.37,1.39,Surged Additional 50% Reduction,Mongolia,MNG,2021-05-03,v8,TRUE
2020-12-09,Reff,1.32,1.34,1.36,1.36,1.37,1.39,Surged Additional 50% Reduction,Mongolia,MNG,2021-05-03,v8,TRUE
2020-12-09,deaths,0,0,0,0,0,0,Surged Maintain Status Quo,Mongolia,MNG,2021-05-03,v8,TRUE
2020-12-09,hospital_demand,0.1,0.11,0.11,0.11,0.12,0.12,Surged Maintain Status Quo,Mongolia,MNG,2021-05-03,v8,TRUE
2020-12-09,ICU_demand,0.04,0.04,0.04,0.04,0.04,0.04,Surged Maintain Status Quo,Mongolia,MNG,2021-05-03,v8,TRUE
2020-12-09,infections,1.3,1.43,1.57,1.57,1.71,1.83,Surged Maintain Status Quo,Mongolia,MNG,2021-05-03,v8,TRUE
2020-12-09,prevalence,8.95,9.81,10.77,10.77,11.72,12.58,Surged Maintain Status Quo,Mongolia,MNG,2021-05-03,v8,TRUE
2020-12-09,cumulative_infections,21.13,22.09,23.16,23.16,24.23,25.19,Surged Maintain Status Quo,Mongolia,MNG,2021-05-03,v8,TRUE
2020-12-09,cumulative_deaths,0.02,0.02,0.02,0.02,0.02,0.02,Surged Maintain Status Quo,Mongolia,MNG,2021-05-03,v8,TRUE
2020-12-09,Rt,1.32,1.34,1.36,1.36,1.37,1.39,Surged Maintain Status Quo,Mongolia,MNG,2021-05-03,v8,TRUE
2020-12-09,Reff,1.32,1.34,1.36,1.36,1.37,1.39,Surged Maintain Status Quo,Mongolia,MNG,2021-05-03,v8,TRUE
2020-12-09,deaths,0,0,0,0,0,0,Surged Relax Interventions 50%,Mongolia,MNG,2021-05-03,v8,TRUE
2020-12-09,hospital_demand,0.1,0.11,0.11,0.11,0.12,0.12,Surged Relax Interventions 50%,Mongolia,MNG,2021-05-03,v8,TRUE
2020-12-09,ICU_demand,0.04,0.04,0.04,0.04,0.04,0.04,Surged Relax Interventions 50%,Mongolia,MNG,2021-05-03,v8,TRUE
2020-12-09,infections,1.3,1.43,1.57,1.57,1.71,1.83,Surged Relax Interventions 50%,Mongolia,MNG,2021-05-03,v8,TRUE
2020-12-09,prevalence,8.95,9.81,10.77,10.77,11.72,12.58,Surged Relax Interventions 50%,Mongolia,MNG,2021-05-03,v8,TRUE
2020-12-09,cumulative_infections,21.13,22.09,23.16,23.16,24.23,25.19,Surged Relax Interventions 50%,Mongolia,MNG,2021-05-03,v8,TRUE
2020-12-09,cumulative_deaths,0.02,0.02,0.02,0.02,0.02,0.02,Surged Relax Interventions 50%,Mongolia,MNG,2021-05-03,v8,TRUE
2020-12-09,Rt,1.32,1.34,1.36,1.36,1.37,1.39,Surged Relax Interventions 50%,Mongolia,MNG,2021-05-03,v8,TRUE
2020-12-09,Reff,1.32,1.34,1.36,1.36,1.37,1.39,Surged Relax Interventions 50%,Mongolia,MNG,2021-05-03,v8,TRUE
2020-12-10,deaths,0,0,0,0,0,0,Additional 50% Reduction,Mongolia,MNG,2021-05-03,v8,TRUE
2020-12-10,hospital_demand,0.11,0.11,0.12,0.12,0.12,0.13,Additional 50% Reduction,Mongolia,MNG,2021-05-03,v8,TRUE
2020-12-10,ICU_demand,0.04,0.04,0.04,0.04,0.04,0.05,Additional 50% Reduction,Mongolia,MNG,2021-05-03,v8,TRUE
2020-12-10,infections,1.36,1.49,1.64,1.64,1.79,1.93,Additional 50% Reduction,Mongolia,MNG,2021-05-03,v8,TRUE
2020-12-10,prevalence,9.36,10.28,11.3,11.3,12.32,13.25,Additional 50% Reduction,Mongolia,MNG,2021-05-03,v8,TRUE
2020-12-10,cumulative_infections,22.48,23.58,24.8,24.8,26.03,27.12,Additional 50% Reduction,Mongolia,MNG,2021-05-03,v8,TRUE
2020-12-10,cumulative_deaths,0.02,0.02,0.02,0.02,0.02,0.02,Additional 50% Reduction,Mongolia,MNG,2021-05-03,v8,TRUE
2020-12-10,Rt,1.34,1.36,1.37,1.37,1.39,1.41,Additional 50% Reduction,Mongolia,MNG,2021-05-03,v8,TRUE
2020-12-10,Reff,1.34,1.36,1.37,1.37,1.39,1.41,Additional 50% Reduction,Mongolia,MNG,2021-05-03,v8,TRUE
2020-12-10,deaths,0,0,0,0,0,0,Maintain Status Quo,Mongolia,MNG,2021-05-03,v8,TRUE
2020-12-10,hospital_demand,0.11,0.11,0.12,0.12,0.12,0.13,Maintain Status Quo,Mongolia,MNG,2021-05-03,v8,TRUE
2020-12-10,ICU_demand,0.04,0.04,0.04,0.04,0.04,0.05,Maintain Status Quo,Mongolia,MNG,2021-05-03,v8,TRUE
2020-12-10,infections,1.36,1.49,1.64,1.64,1.79,1.93,Maintain Status Quo,Mongolia,MNG,2021-05-03,v8,TRUE
2020-12-10,prevalence,9.36,10.28,11.3,11.3,12.32,13.25,Maintain Status Quo,Mongolia,MNG,2021-05-03,v8,TRUE
2020-12-10,cumulative_infections,22.48,23.58,24.8,24.8,26.03,27.12,Maintain Status Quo,Mongolia,MNG,2021-05-03,v8,TRUE
2020-12-10,cumulative_deaths,0.02,0.02,0.02,0.02,0.02,0.02,Maintain Status Quo,Mongolia,MNG,2021-05-03,v8,TRUE
2020-12-10,Rt,1.34,1.36,1.37,1.37,1.39,1.41,Maintain Status Quo,Mongolia,MNG,2021-05-03,v8,TRUE
2020-12-10,Reff,1.34,1.36,1.37,1.37,1.39,1.41,Maintain Status Quo,Mongolia,MNG,2021-05-03,v8,TRUE
2020-12-10,deaths,0,0,0,0,0,0,Relax Interventions 50%,Mongolia,MNG,2021-05-03,v8,TRUE
2020-12-10,hospital_demand,0.11,0.11,0.12,0.12,0.12,0.13,Relax Interventions 50%,Mongolia,MNG,2021-05-03,v8,TRUE
2020-12-10,ICU_demand,0.04,0.04,0.04,0.04,0.04,0.05,Relax Interventions 50%,Mongolia,MNG,2021-05-03,v8,TRUE
2020-12-10,infections,1.36,1.49,1.64,1.64,1.79,1.93,Relax Interventions 50%,Mongolia,MNG,2021-05-03,v8,TRUE
2020-12-10,prevalence,9.36,10.28,11.3,11.3,12.32,13.25,Relax Interventions 50%,Mongolia,MNG,2021-05-03,v8,TRUE
2020-12-10,cumulative_infections,22.48,23.58,24.8,24.8,26.03,27.12,Relax Interventions 50%,Mongolia,MNG,2021-05-03,v8,TRUE
2020-12-10,cumulative_deaths,0.02,0.02,0.02,0.02,0.02,0.02,Relax Interventions 50%,Mongolia,MNG,2021-05-03,v8,TRUE
2020-12-10,Rt,1.34,1.36,1.37,1.37,1.39,1.41,Relax Interventions 50%,Mongolia,MNG,2021-05-03,v8,TRUE
2020-12-10,Reff,1.34,1.36,1.37,1.37,1.39,1.41,Relax Interventions 50%,Mongolia,MNG,2021-05-03,v8,TRUE
2020-12-10,deaths,0,0,0,0,0,0,Surged Additional 50% Reduction,Mongolia,MNG,2021-05-03,v8,TRUE
2020-12-10,hospital_demand,0.11,0.11,0.12,0.12,0.12,0.13,Surged Additional 50% Reduction,Mongolia,MNG,2021-05-03,v8,TRUE
2020-12-10,ICU_demand,0.04,0.04,0.04,0.04,0.04,0.05,Surged Additional 50% Reduction,Mongolia,MNG,2021-05-03,v8,TRUE
2020-12-10,infections,1.36,1.49,1.64,1.64,1.79,1.93,Surged Additional 50% Reduction,Mongolia,MNG,2021-05-03,v8,TRUE
2020-12-10,prevalence,9.36,10.28,11.3,11.3,12.32,13.25,Surged Additional 50% Reduction,Mongolia,MNG,2021-05-03,v8,TRUE
2020-12-10,cumulative_infections,22.48,23.58,24.8,24.8,26.03,27.12,Surged Additional 50% Reduction,Mongolia,MNG,2021-05-03,v8,TRUE
2020-12-10,cumulative_deaths,0.02,0.02,0.02,0.02,0.02,0.02,Surged Additional 50% Reduction,Mongolia,MNG,2021-05-03,v8,TRUE
2020-12-10,Rt,1.34,1.36,1.37,1.37,1.39,1.41,Surged Additional 50% Reduction,Mongolia,MNG,2021-05-03,v8,TRUE
2020-12-10,Reff,1.34,1.36,1.37,1.37,1.39,1.41,Surged Additional 50% Reduction,Mongolia,MNG,2021-05-03,v8,TRUE
2020-12-10,deaths,0,0,0,0,0,0,Surged Maintain Status Quo,Mongolia,MNG,2021-05-03,v8,TRUE
2020-12-10,hospital_demand,0.11,0.11,0.12,0.12,0.12,0.13,Surged Maintain Status Quo,Mongolia,MNG,2021-05-03,v8,TRUE
2020-12-10,ICU_demand,0.04,0.04,0.04,0.04,0.04,0.05,Surged Maintain Status Quo,Mongolia,MNG,2021-05-03,v8,TRUE
2020-12-10,infections,1.36,1.49,1.64,1.64,1.79,1.93,Surged Maintain Status Quo,Mongolia,MNG,2021-05-03,v8,TRUE
2020-12-10,prevalence,9.36,10.28,11.3,11.3,12.32,13.25,Surged Maintain Status Quo,Mongolia,MNG,2021-05-03,v8,TRUE
2020-12-10,cumulative_infections,22.48,23.58,24.8,24.8,26.03,27.12,Surged Maintain Status Quo,Mongolia,MNG,2021-05-03,v8,TRUE
2020-12-10,cumulative_deaths,0.02,0.02,0.02,0.02,0.02,0.02,Surged Maintain Status Quo,Mongolia,MNG,2021-05-03,v8,TRUE
2020-12-10,Rt,1.34,1.36,1.37,1.37,1.39,1.41,Surged Maintain Status Quo,Mongolia,MNG,2021-05-03,v8,TRUE
2020-12-10,Reff,1.34,1.36,1.37,1.37,1.39,1.41,Surged Maintain Status Quo,Mongolia,MNG,2021-05-03,v8,TRUE
2020-12-10,deaths,0,0,0,0,0,0,Surged Relax Interventions 50%,Mongolia,MNG,2021-05-03,v8,TRUE
2020-12-10,hospital_demand,0.11,0.11,0.12,0.12,0.12,0.13,Surged Relax Interventions 50%,Mongolia,MNG,2021-05-03,v8,TRUE
2020-12-10,ICU_demand,0.04,0.04,0.04,0.04,0.04,0.05,Surged Relax Interventions 50%,Mongolia,MNG,2021-05-03,v8,TRUE
2020-12-10,infections,1.36,1.49,1.64,1.64,1.79,1.93,Surged Relax Interventions 50%,Mongolia,MNG,2021-05-03,v8,TRUE
2020-12-10,prevalence,9.36,10.28,11.3,11.3,12.32,13.25,Surged Relax Interventions 50%,Mongolia,MNG,2021-05-03,v8,TRUE
2020-12-10,cumulative_infections,22.48,23.58,24.8,24.8,26.03,27.12,Surged Relax Interventions 50%,Mongolia,MNG,2021-05-03,v8,TRUE
2020-12-10,cumulative_deaths,0.02,0.02,0.02,0.02,0.02,0.02,Surged Relax Interventions 50%,Mongolia,MNG,2021-05-03,v8,TRUE
2020-12-10,Rt,1.34,1.36,1.37,1.37,1.39,1.41,Surged Relax Interventions 50%,Mongolia,MNG,2021-05-03,v8,TRUE
2020-12-10,Reff,1.34,1.36,1.37,1.37,1.39,1.41,Surged Relax Interventions 50%,Mongolia,MNG,2021-05-03,v8,TRUE
2020-12-11,deaths,0,0,0,0,0,0,Additional 50% Reduction,Mongolia,MNG,2021-05-03,v8,TRUE
2020-12-11,hospital_demand,0.11,0.12,0.12,0.12,0.13,0.14,Additional 50% Reduction,Mongolia,MNG,2021-05-03,v8,TRUE
2020-12-11,ICU_demand,0.04,0.04,0.04,0.04,0.05,0.05,Additional 50% Reduction,Mongolia,MNG,2021-05-03,v8,TRUE
2020-12-11,infections,1.42,1.57,1.73,1.73,1.89,2.03,Additional 50% Reduction,Mongolia,MNG,2021-05-03,v8,TRUE
2020-12-11,prevalence,9.8,10.79,11.89,11.89,12.99,13.98,Additional 50% Reduction,Mongolia,MNG,2021-05-03,v8,TRUE
2020-12-11,cumulative_infections,23.9,25.15,26.53,26.53,27.91,29.16,Additional 50% Reduction,Mongolia,MNG,2021-05-03,v8,TRUE
2020-12-11,cumulative_deaths,0.02,0.02,0.02,0.02,0.03,0.03,Additional 50% Reduction,Mongolia,MNG,2021-05-03,v8,TRUE
2020-12-11,Rt,1.28,1.3,1.32,1.32,1.33,1.35,Additional 50% Reduction,Mongolia,MNG,2021-05-03,v8,TRUE
2020-12-11,Reff,1.28,1.3,1.32,1.32,1.33,1.35,Additional 50% Reduction,Mongolia,MNG,2021-05-03,v8,TRUE
2020-12-11,deaths,0,0,0,0,0,0,Maintain Status Quo,Mongolia,MNG,2021-05-03,v8,TRUE
2020-12-11,hospital_demand,0.11,0.12,0.12,0.12,0.13,0.14,Maintain Status Quo,Mongolia,MNG,2021-05-03,v8,TRUE
2020-12-11,ICU_demand,0.04,0.04,0.04,0.04,0.05,0.05,Maintain Status Quo,Mongolia,MNG,2021-05-03,v8,TRUE
2020-12-11,infections,1.42,1.57,1.73,1.73,1.89,2.03,Maintain Status Quo,Mongolia,MNG,2021-05-03,v8,TRUE
2020-12-11,prevalence,9.8,10.79,11.89,11.89,12.99,13.98,Maintain Status Quo,Mongolia,MNG,2021-05-03,v8,TRUE
2020-12-11,cumulative_infections,23.9,25.15,26.53,26.53,27.91,29.16,Maintain Status Quo,Mongolia,MNG,2021-05-03,v8,TRUE
2020-12-11,cumulative_deaths,0.02,0.02,0.02,0.02,0.03,0.03,Maintain Status Quo,Mongolia,MNG,2021-05-03,v8,TRUE
2020-12-11,Rt,1.28,1.3,1.32,1.32,1.33,1.35,Maintain Status Quo,Mongolia,MNG,2021-05-03,v8,TRUE
2020-12-11,Reff,1.28,1.3,1.32,1.32,1.33,1.35,Maintain Status Quo,Mongolia,MNG,2021-05-03,v8,TRUE
2020-12-11,deaths,0,0,0,0,0,0,Relax Interventions 50%,Mongolia,MNG,2021-05-03,v8,TRUE
2020-12-11,hospital_demand,0.11,0.12,0.12,0.12,0.13,0.14,Relax Interventions 50%,Mongolia,MNG,2021-05-03,v8,TRUE
2020-12-11,ICU_demand,0.04,0.04,0.04,0.04,0.05,0.05,Relax Interventions 50%,Mongolia,MNG,2021-05-03,v8,TRUE
2020-12-11,infections,1.42,1.57,1.73,1.73,1.89,2.03,Relax Interventions 50%,Mongolia,MNG,2021-05-03,v8,TRUE
2020-12-11,prevalence,9.8,10.79,11.89,11.89,12.99,13.98,Relax Interventions 50%,Mongolia,MNG,2021-05-03,v8,TRUE
2020-12-11,cumulative_infections,23.9,25.15,26.53,26.53,27.91,29.16,Relax Interventions 50%,Mongolia,MNG,2021-05-03,v8,TRUE
2020-12-11,cumulative_deaths,0.02,0.02,0.02,0.02,0.03,0.03,Relax Interventions 50%,Mongolia,MNG,2021-05-03,v8,TRUE
2020-12-11,Rt,1.28,1.3,1.32,1.32,1.33,1.35,Relax Interventions 50%,Mongolia,MNG,2021-05-03,v8,TRUE
2020-12-11,Reff,1.28,1.3,1.32,1.32,1.33,1.35,Relax Interventions 50%,Mongolia,MNG,2021-05-03,v8,TRUE
2020-12-11,deaths,0,0,0,0,0,0,Surged Additional 50% Reduction,Mongolia,MNG,2021-05-03,v8,TRUE
2020-12-11,hospital_demand,0.11,0.12,0.12,0.12,0.13,0.14,Surged Additional 50% Reduction,Mongolia,MNG,2021-05-03,v8,TRUE
2020-12-11,ICU_demand,0.04,0.04,0.04,0.04,0.05,0.05,Surged Additional 50% Reduction,Mongolia,MNG,2021-05-03,v8,TRUE
2020-12-11,infections,1.42,1.57,1.73,1.73,1.89,2.03,Surged Additional 50% Reduction,Mongolia,MNG,2021-05-03,v8,TRUE
2020-12-11,prevalence,9.8,10.79,11.89,11.89,12.99,13.98,Surged Additional 50% Reduction,Mongolia,MNG,2021-05-03,v8,TRUE
2020-12-11,cumulative_infections,23.9,25.15,26.53,26.53,27.91,29.16,Surged Additional 50% Reduction,Mongolia,MNG,2021-05-03,v8,TRUE
2020-12-11,cumulative_deaths,0.02,0.02,0.02,0.02,0.03,0.03,Surged Additional 50% Reduction,Mongolia,MNG,2021-05-03,v8,TRUE
2020-12-11,Rt,1.28,1.3,1.32,1.32,1.33,1.35,Surged Additional 50% Reduction,Mongolia,MNG,2021-05-03,v8,TRUE
2020-12-11,Reff,1.28,1.3,1.32,1.32,1.33,1.35,Surged Additional 50% Reduction,Mongolia,MNG,2021-05-03,v8,TRUE
2020-12-11,deaths,0,0,0,0,0,0,Surged Maintain Status Quo,Mongolia,MNG,2021-05-03,v8,TRUE
2020-12-11,hospital_demand,0.11,0.12,0.12,0.12,0.13,0.14,Surged Maintain Status Quo,Mongolia,MNG,2021-05-03,v8,TRUE
2020-12-11,ICU_demand,0.04,0.04,0.04,0.04,0.05,0.05,Surged Maintain Status Quo,Mongolia,MNG,2021-05-03,v8,TRUE
2020-12-11,infections,1.42,1.57,1.73,1.73,1.89,2.03,Surged Maintain Status Quo,Mongolia,MNG,2021-05-03,v8,TRUE
2020-12-11,prevalence,9.8,10.79,11.89,11.89,12.99,13.98,Surged Maintain Status Quo,Mongolia,MNG,2021-05-03,v8,TRUE
2020-12-11,cumulative_infections,23.9,25.15,26.53,26.53,27.91,29.16,Surged Maintain Status Quo,Mongolia,MNG,2021-05-03,v8,TRUE
2020-12-11,cumulative_deaths,0.02,0.02,0.02,0.02,0.03,0.03,Surged Maintain Status Quo,Mongolia,MNG,2021-05-03,v8,TRUE
2020-12-11,Rt,1.28,1.3,1.32,1.32,1.33,1.35,Surged Maintain Status Quo,Mongolia,MNG,2021-05-03,v8,TRUE
2020-12-11,Reff,1.28,1.3,1.32,1.32,1.33,1.35,Surged Maintain Status Quo,Mongolia,MNG,2021-05-03,v8,TRUE
2020-12-11,deaths,0,0,0,0,0,0,Surged Relax Interventions 50%,Mongolia,MNG,2021-05-03,v8,TRUE
2020-12-11,hospital_demand,0.11,0.12,0.12,0.12,0.13,0.14,Surged Relax Interventions 50%,Mongolia,MNG,2021-05-03,v8,TRUE
2020-12-11,ICU_demand,0.04,0.04,0.04,0.04,0.05,0.05,Surged Relax Interventions 50%,Mongolia,MNG,2021-05-03,v8,TRUE
2020-12-11,infections,1.42,1.57,1.73,1.73,1.89,2.03,Surged Relax Interventions 50%,Mongolia,MNG,2021-05-03,v8,TRUE
2020-12-11,prevalence,9.8,10.79,11.89,11.89,12.99,13.98,Surged Relax Interventions 50%,Mongolia,MNG,2021-05-03,v8,TRUE
2020-12-11,cumulative_infections,23.9,25.15,26.53,26.53,27.91,29.16,Surged Relax Interventions 50%,Mongolia,MNG,2021-05-03,v8,TRUE
2020-12-11,cumulative_deaths,0.02,0.02,0.02,0.02,0.03,0.03,Surged Relax Interventions 50%,Mongolia,MNG,2021-05-03,v8,TRUE
2020-12-11,Rt,1.28,1.3,1.32,1.32,1.33,1.35,Surged Relax Interventions 50%,Mongolia,MNG,2021-05-03,v8,TRUE
2020-12-11,Reff,1.28,1.3,1.32,1.32,1.33,1.35,Surged Relax Interventions 50%,Mongolia,MNG,2021-05-03,v8,TRUE
2020-12-12,deaths,0,0,0,0,0,0,Additional 50% Reduction,Mongolia,MNG,2021-05-03,v8,TRUE
2020-12-12,hospital_demand,0.12,0.12,0.13,0.13,0.14,0.14,Additional 50% Reduction,Mongolia,MNG,2021-05-03,v8,TRUE
2020-12-12,ICU_demand,0.04,0.04,0.05,0.05,0.05,0.05,Additional 50% Reduction,Mongolia,MNG,2021-05-03,v8,TRUE
2020-12-12,infections,1.48,1.64,1.81,1.81,1.98,2.14,Additional 50% Reduction,Mongolia,MNG,2021-05-03,v8,TRUE
2020-12-12,prevalence,10.18,11.24,12.43,12.43,13.61,14.67,Additional 50% Reduction,Mongolia,MNG,2021-05-03,v8,TRUE
2020-12-12,cumulative_infections,25.39,26.78,28.34,28.34,29.89,31.29,Additional 50% Reduction,Mongolia,MNG,2021-05-03,v8,TRUE
2020-12-12,cumulative_deaths,0.03,0.03,0.03,0.03,0.03,0.03,Additional 50% Reduction,Mongolia,MNG,2021-05-03,v8,TRUE
2020-12-12,Rt,1.35,1.37,1.38,1.38,1.4,1.41,Additional 50% Reduction,Mongolia,MNG,2021-05-03,v8,TRUE
2020-12-12,Reff,1.35,1.37,1.38,1.38,1.4,1.41,Additional 50% Reduction,Mongolia,MNG,2021-05-03,v8,TRUE
2020-12-12,deaths,0,0,0,0,0,0,Maintain Status Quo,Mongolia,MNG,2021-05-03,v8,TRUE
2020-12-12,hospital_demand,0.12,0.12,0.13,0.13,0.14,0.14,Maintain Status Quo,Mongolia,MNG,2021-05-03,v8,TRUE
2020-12-12,ICU_demand,0.04,0.04,0.05,0.05,0.05,0.05,Maintain Status Quo,Mongolia,MNG,2021-05-03,v8,TRUE
2020-12-12,infections,1.48,1.64,1.81,1.81,1.98,2.14,Maintain Status Quo,Mongolia,MNG,2021-05-03,v8,TRUE
2020-12-12,prevalence,10.18,11.24,12.43,12.43,13.61,14.67,Maintain Status Quo,Mongolia,MNG,2021-05-03,v8,TRUE
2020-12-12,cumulative_infections,25.39,26.78,28.34,28.34,29.89,31.29,Maintain Status Quo,Mongolia,MNG,2021-05-03,v8,TRUE
2020-12-12,cumulative_deaths,0.03,0.03,0.03,0.03,0.03,0.03,Maintain Status Quo,Mongolia,MNG,2021-05-03,v8,TRUE
2020-12-12,Rt,1.35,1.37,1.38,1.38,1.4,1.41,Maintain Status Quo,Mongolia,MNG,2021-05-03,v8,TRUE
2020-12-12,Reff,1.35,1.37,1.38,1.38,1.4,1.41,Maintain Status Quo,Mongolia,MNG,2021-05-03,v8,TRUE
2020-12-12,deaths,0,0,0,0,0,0,Relax Interventions 50%,Mongolia,MNG,2021-05-03,v8,TRUE
2020-12-12,hospital_demand,0.12,0.12,0.13,0.13,0.14,0.14,Relax Interventions 50%,Mongolia,MNG,2021-05-03,v8,TRUE
2020-12-12,ICU_demand,0.04,0.04,0.05,0.05,0.05,0.05,Relax Interventions 50%,Mongolia,MNG,2021-05-03,v8,TRUE
2020-12-12,infections,1.48,1.64,1.81,1.81,1.98,2.14,Relax Interventions 50%,Mongolia,MNG,2021-05-03,v8,TRUE
2020-12-12,prevalence,10.18,11.24,12.43,12.43,13.61,14.67,Relax Interventions 50%,Mongolia,MNG,2021-05-03,v8,TRUE
2020-12-12,cumulative_infections,25.39,26.78,28.34,28.34,29.89,31.29,Relax Interventions 50%,Mongolia,MNG,2021-05-03,v8,TRUE
2020-12-12,cumulative_deaths,0.03,0.03,0.03,0.03,0.03,0.03,Relax Interventions 50%,Mongolia,MNG,2021-05-03,v8,TRUE
2020-12-12,Rt,1.35,1.37,1.38,1.38,1.4,1.41,Relax Interventions 50%,Mongolia,MNG,2021-05-03,v8,TRUE
2020-12-12,Reff,1.35,1.37,1.38,1.38,1.4,1.41,Relax Interventions 50%,Mongolia,MNG,2021-05-03,v8,TRUE
2020-12-12,deaths,0,0,0,0,0,0,Surged Additional 50% Reduction,Mongolia,MNG,2021-05-03,v8,TRUE
2020-12-12,hospital_demand,0.12,0.12,0.13,0.13,0.14,0.14,Surged Additional 50% Reduction,Mongolia,MNG,2021-05-03,v8,TRUE
2020-12-12,ICU_demand,0.04,0.04,0.05,0.05,0.05,0.05,Surged Additional 50% Reduction,Mongolia,MNG,2021-05-03,v8,TRUE
2020-12-12,infections,1.48,1.64,1.81,1.81,1.98,2.14,Surged Additional 50% Reduction,Mongolia,MNG,2021-05-03,v8,TRUE
2020-12-12,prevalence,10.18,11.24,12.43,12.43,13.61,14.67,Surged Additional 50% Reduction,Mongolia,MNG,2021-05-03,v8,TRUE
2020-12-12,cumulative_infections,25.39,26.78,28.34,28.34,29.89,31.29,Surged Additional 50% Reduction,Mongolia,MNG,2021-05-03,v8,TRUE
2020-12-12,cumulative_deaths,0.03,0.03,0.03,0.03,0.03,0.03,Surged Additional 50% Reduction,Mongolia,MNG,2021-05-03,v8,TRUE
2020-12-12,Rt,1.35,1.37,1.38,1.38,1.4,1.41,Surged Additional 50% Reduction,Mongolia,MNG,2021-05-03,v8,TRUE
2020-12-12,Reff,1.35,1.37,1.38,1.38,1.4,1.41,Surged Additional 50% Reduction,Mongolia,MNG,2021-05-03,v8,TRUE
2020-12-12,deaths,0,0,0,0,0,0,Surged Maintain Status Quo,Mongolia,MNG,2021-05-03,v8,TRUE
2020-12-12,hospital_demand,0.12,0.12,0.13,0.13,0.14,0.14,Surged Maintain Status Quo,Mongolia,MNG,2021-05-03,v8,TRUE
2020-12-12,ICU_demand,0.04,0.04,0.05,0.05,0.05,0.05,Surged Maintain Status Quo,Mongolia,MNG,2021-05-03,v8,TRUE
2020-12-12,infections,1.48,1.64,1.81,1.81,1.98,2.14,Surged Maintain Status Quo,Mongolia,MNG,2021-05-03,v8,TRUE
2020-12-12,prevalence,10.18,11.24,12.43,12.43,13.61,14.67,Surged Maintain Status Quo,Mongolia,MNG,2021-05-03,v8,TRUE
2020-12-12,cumulative_infections,25.39,26.78,28.34,28.34,29.89,31.29,Surged Maintain Status Quo,Mongolia,MNG,2021-05-03,v8,TRUE
2020-12-12,cumulative_deaths,0.03,0.03,0.03,0.03,0.03,0.03,Surged Maintain Status Quo,Mongolia,MNG,2021-05-03,v8,TRUE
2020-12-12,Rt,1.35,1.37,1.38,1.38,1.4,1.41,Surged Maintain Status Quo,Mongolia,MNG,2021-05-03,v8,TRUE
2020-12-12,Reff,1.35,1.37,1.38,1.38,1.4,1.41,Surged Maintain Status Quo,Mongolia,MNG,2021-05-03,v8,TRUE
2020-12-12,deaths,0,0,0,0,0,0,Surged Relax Interventions 50%,Mongolia,MNG,2021-05-03,v8,TRUE
2020-12-12,hospital_demand,0.12,0.12,0.13,0.13,0.14,0.14,Surged Relax Interventions 50%,Mongolia,MNG,2021-05-03,v8,TRUE
2020-12-12,ICU_demand,0.04,0.04,0.05,0.05,0.05,0.05,Surged Relax Interventions 50%,Mongolia,MNG,2021-05-03,v8,TRUE
2020-12-12,infections,1.48,1.64,1.81,1.81,1.98,2.14,Surged Relax Interventions 50%,Mongolia,MNG,2021-05-03,v8,TRUE
2020-12-12,prevalence,10.18,11.24,12.43,12.43,13.61,14.67,Surged Relax Interventions 50%,Mongolia,MNG,2021-05-03,v8,TRUE
2020-12-12,cumulative_infections,25.39,26.78,28.34,28.34,29.89,31.29,Surged Relax Interventions 50%,Mongolia,MNG,2021-05-03,v8,TRUE
2020-12-12,cumulative_deaths,0.03,0.03,0.03,0.03,0.03,0.03,Surged Relax Interventions 50%,Mongolia,MNG,2021-05-03,v8,TRUE
2020-12-12,Rt,1.35,1.37,1.38,1.38,1.4,1.41,Surged Relax Interventions 50%,Mongolia,MNG,2021-05-03,v8,TRUE
2020-12-12,Reff,1.35,1.37,1.38,1.38,1.4,1.41,Surged Relax Interventions 50%,Mongolia,MNG,2021-05-03,v8,TRUE
2020-12-13,deaths,0,0,0,0,0,0,Additional 50% Reduction,Mongolia,MNG,2021-05-03,v8,TRUE
2020-12-13,hospital_demand,0.12,0.13,0.14,0.14,0.15,0.15,Additional 50% Reduction,Mongolia,MNG,2021-05-03,v8,TRUE
2020-12-13,ICU_demand,0.04,0.05,0.05,0.05,0.05,0.05,Additional 50% Reduction,Mongolia,MNG,2021-05-03,v8,TRUE
2020-12-13,infections,1.55,1.71,1.9,1.9,2.08,2.25,Additional 50% Reduction,Mongolia,MNG,2021-05-03,v8,TRUE
2020-12-13,prevalence,10.67,11.81,13.09,13.09,14.36,15.5,Additional 50% Reduction,Mongolia,MNG,2021-05-03,v8,TRUE
2020-12-13,cumulative_infections,26.93,28.5,30.24,30.24,31.97,33.54,Additional 50% Reduction,Mongolia,MNG,2021-05-03,v8,TRUE
2020-12-13,cumulative_deaths,0.03,0.03,0.03,0.03,0.03,0.03,Additional 50% Reduction,Mongolia,MNG,2021-05-03,v8,TRUE
2020-12-13,Rt,1.37,1.39,1.4,1.4,1.42,1.44,Additional 50% Reduction,Mongolia,MNG,2021-05-03,v8,TRUE
2020-12-13,Reff,1.37,1.39,1.4,1.4,1.42,1.44,Additional 50% Reduction,Mongolia,MNG,2021-05-03,v8,TRUE
2020-12-13,deaths,0,0,0,0,0,0,Maintain Status Quo,Mongolia,MNG,2021-05-03,v8,TRUE
2020-12-13,hospital_demand,0.12,0.13,0.14,0.14,0.15,0.15,Maintain Status Quo,Mongolia,MNG,2021-05-03,v8,TRUE
2020-12-13,ICU_demand,0.04,0.05,0.05,0.05,0.05,0.05,Maintain Status Quo,Mongolia,MNG,2021-05-03,v8,TRUE
2020-12-13,infections,1.55,1.71,1.9,1.9,2.08,2.25,Maintain Status Quo,Mongolia,MNG,2021-05-03,v8,TRUE
2020-12-13,prevalence,10.67,11.81,13.09,13.09,14.36,15.5,Maintain Status Quo,Mongolia,MNG,2021-05-03,v8,TRUE
2020-12-13,cumulative_infections,26.93,28.5,30.24,30.24,31.97,33.54,Maintain Status Quo,Mongolia,MNG,2021-05-03,v8,TRUE
2020-12-13,cumulative_deaths,0.03,0.03,0.03,0.03,0.03,0.03,Maintain Status Quo,Mongolia,MNG,2021-05-03,v8,TRUE
2020-12-13,Rt,1.37,1.39,1.4,1.4,1.42,1.44,Maintain Status Quo,Mongolia,MNG,2021-05-03,v8,TRUE
2020-12-13,Reff,1.37,1.39,1.4,1.4,1.42,1.44,Maintain Status Quo,Mongolia,MNG,2021-05-03,v8,TRUE
2020-12-13,deaths,0,0,0,0,0,0,Relax Interventions 50%,Mongolia,MNG,2021-05-03,v8,TRUE
2020-12-13,hospital_demand,0.12,0.13,0.14,0.14,0.15,0.15,Relax Interventions 50%,Mongolia,MNG,2021-05-03,v8,TRUE
2020-12-13,ICU_demand,0.04,0.05,0.05,0.05,0.05,0.05,Relax Interventions 50%,Mongolia,MNG,2021-05-03,v8,TRUE
2020-12-13,infections,1.55,1.71,1.9,1.9,2.08,2.25,Relax Interventions 50%,Mongolia,MNG,2021-05-03,v8,TRUE
2020-12-13,prevalence,10.67,11.81,13.09,13.09,14.36,15.5,Relax Interventions 50%,Mongolia,MNG,2021-05-03,v8,TRUE
2020-12-13,cumulative_infections,26.93,28.5,30.24,30.24,31.97,33.54,Relax Interventions 50%,Mongolia,MNG,2021-05-03,v8,TRUE
2020-12-13,cumulative_deaths,0.03,0.03,0.03,0.03,0.03,0.03,Relax Interventions 50%,Mongolia,MNG,2021-05-03,v8,TRUE
2020-12-13,Rt,1.37,1.39,1.4,1.4,1.42,1.44,Relax Interventions 50%,Mongolia,MNG,2021-05-03,v8,TRUE
2020-12-13,Reff,1.37,1.39,1.4,1.4,1.42,1.44,Relax Interventions 50%,Mongolia,MNG,2021-05-03,v8,TRUE
2020-12-13,deaths,0,0,0,0,0,0,Surged Additional 50% Reduction,Mongolia,MNG,2021-05-03,v8,TRUE
2020-12-13,hospital_demand,0.12,0.13,0.14,0.14,0.15,0.15,Surged Additional 50% Reduction,Mongolia,MNG,2021-05-03,v8,TRUE
2020-12-13,ICU_demand,0.04,0.05,0.05,0.05,0.05,0.05,Surged Additional 50% Reduction,Mongolia,MNG,2021-05-03,v8,TRUE
2020-12-13,infections,1.55,1.71,1.9,1.9,2.08,2.25,Surged Additional 50% Reduction,Mongolia,MNG,2021-05-03,v8,TRUE
2020-12-13,prevalence,10.67,11.81,13.09,13.09,14.36,15.5,Surged Additional 50% Reduction,Mongolia,MNG,2021-05-03,v8,TRUE
2020-12-13,cumulative_infections,26.93,28.5,30.24,30.24,31.97,33.54,Surged Additional 50% Reduction,Mongolia,MNG,2021-05-03,v8,TRUE
2020-12-13,cumulative_deaths,0.03,0.03,0.03,0.03,0.03,0.03,Surged Additional 50% Reduction,Mongolia,MNG,2021-05-03,v8,TRUE
2020-12-13,Rt,1.37,1.39,1.4,1.4,1.42,1.44,Surged Additional 50% Reduction,Mongolia,MNG,2021-05-03,v8,TRUE
2020-12-13,Reff,1.37,1.39,1.4,1.4,1.42,1.44,Surged Additional 50% Reduction,Mongolia,MNG,2021-05-03,v8,TRUE
2020-12-13,deaths,0,0,0,0,0,0,Surged Maintain Status Quo,Mongolia,MNG,2021-05-03,v8,TRUE
2020-12-13,hospital_demand,0.12,0.13,0.14,0.14,0.15,0.15,Surged Maintain Status Quo,Mongolia,MNG,2021-05-03,v8,TRUE
2020-12-13,ICU_demand,0.04,0.05,0.05,0.05,0.05,0.05,Surged Maintain Status Quo,Mongolia,MNG,2021-05-03,v8,TRUE
2020-12-13,infections,1.55,1.71,1.9,1.9,2.08,2.25,Surged Maintain Status Quo,Mongolia,MNG,2021-05-03,v8,TRUE
2020-12-13,prevalence,10.67,11.81,13.09,13.09,14.36,15.5,Surged Maintain Status Quo,Mongolia,MNG,2021-05-03,v8,TRUE
2020-12-13,cumulative_infections,26.93,28.5,30.24,30.24,31.97,33.54,Surged Maintain Status Quo,Mongolia,MNG,2021-05-03,v8,TRUE
2020-12-13,cumulative_deaths,0.03,0.03,0.03,0.03,0.03,0.03,Surged Maintain Status Quo,Mongolia,MNG,2021-05-03,v8,TRUE
2020-12-13,Rt,1.37,1.39,1.4,1.4,1.42,1.44,Surged Maintain Status Quo,Mongolia,MNG,2021-05-03,v8,TRUE
2020-12-13,Reff,1.37,1.39,1.4,1.4,1.42,1.44,Surged Maintain Status Quo,Mongolia,MNG,2021-05-03,v8,TRUE
2020-12-13,deaths,0,0,0,0,0,0,Surged Relax Interventions 50%,Mongolia,MNG,2021-05-03,v8,TRUE
2020-12-13,hospital_demand,0.12,0.13,0.14,0.14,0.15,0.15,Surged Relax Interventions 50%,Mongolia,MNG,2021-05-03,v8,TRUE
2020-12-13,ICU_demand,0.04,0.05,0.05,0.05,0.05,0.05,Surged Relax Interventions 50%,Mongolia,MNG,2021-05-03,v8,TRUE
2020-12-13,infections,1.55,1.71,1.9,1.9,2.08,2.25,Surged Relax Interventions 50%,Mongolia,MNG,2021-05-03,v8,TRUE
2020-12-13,prevalence,10.67,11.81,13.09,13.09,14.36,15.5,Surged Relax Interventions 50%,Mongolia,MNG,2021-05-03,v8,TRUE
2020-12-13,cumulative_infections,26.93,28.5,30.24,30.24,31.97,33.54,Surged Relax Interventions 50%,Mongolia,MNG,2021-05-03,v8,TRUE
2020-12-13,cumulative_deaths,0.03,0.03,0.03,0.03,0.03,0.03,Surged Relax Interventions 50%,Mongolia,MNG,2021-05-03,v8,TRUE
2020-12-13,Rt,1.37,1.39,1.4,1.4,1.42,1.44,Surged Relax Interventions 50%,Mongolia,MNG,2021-05-03,v8,TRUE
2020-12-13,Reff,1.37,1.39,1.4,1.4,1.42,1.44,Surged Relax Interventions 50%,Mongolia,MNG,2021-05-03,v8,TRUE
2020-12-14,deaths,0,0,0,0,0,0,Additional 50% Reduction,Mongolia,MNG,2021-05-03,v8,TRUE
2020-12-14,hospital_demand,0.13,0.13,0.14,0.14,0.15,0.16,Additional 50% Reduction,Mongolia,MNG,2021-05-03,v8,TRUE
2020-12-14,ICU_demand,0.05,0.05,0.05,0.05,0.06,0.06,Additional 50% Reduction,Mongolia,MNG,2021-05-03,v8,TRUE
2020-12-14,infections,1.62,1.8,2,2,2.2,2.38,Additional 50% Reduction,Mongolia,MNG,2021-05-03,v8,TRUE
2020-12-14,prevalence,11.21,12.45,13.82,13.82,15.2,16.43,Additional 50% Reduction,Mongolia,MNG,2021-05-03,v8,TRUE
2020-12-14,cumulative_infections,28.55,30.3,32.23,32.23,34.17,35.91,Additional 50% Reduction,Mongolia,MNG,2021-05-03,v8,TRUE
2020-12-14,cumulative_deaths,0.03,0.03,0.03,0.03,0.03,0.04,Additional 50% Reduction,Mongolia,MNG,2021-05-03,v8,TRUE
2020-12-14,Rt,1.81,1.81,1.82,1.82,1.83,1.84,Additional 50% Reduction,Mongolia,MNG,2021-05-03,v8,TRUE
2020-12-14,Reff,1.81,1.81,1.82,1.82,1.83,1.84,Additional 50% Reduction,Mongolia,MNG,2021-05-03,v8,TRUE
2020-12-14,deaths,0,0,0,0,0,0,Maintain Status Quo,Mongolia,MNG,2021-05-03,v8,TRUE
2020-12-14,hospital_demand,0.13,0.13,0.14,0.14,0.15,0.16,Maintain Status Quo,Mongolia,MNG,2021-05-03,v8,TRUE
2020-12-14,ICU_demand,0.05,0.05,0.05,0.05,0.06,0.06,Maintain Status Quo,Mongolia,MNG,2021-05-03,v8,TRUE
2020-12-14,infections,1.62,1.8,2,2,2.2,2.38,Maintain Status Quo,Mongolia,MNG,2021-05-03,v8,TRUE
2020-12-14,prevalence,11.21,12.45,13.82,13.82,15.2,16.43,Maintain Status Quo,Mongolia,MNG,2021-05-03,v8,TRUE
2020-12-14,cumulative_infections,28.55,30.3,32.23,32.23,34.17,35.91,Maintain Status Quo,Mongolia,MNG,2021-05-03,v8,TRUE
2020-12-14,cumulative_deaths,0.03,0.03,0.03,0.03,0.03,0.04,Maintain Status Quo,Mongolia,MNG,2021-05-03,v8,TRUE
2020-12-14,Rt,1.81,1.81,1.82,1.82,1.83,1.84,Maintain Status Quo,Mongolia,MNG,2021-05-03,v8,TRUE
2020-12-14,Reff,1.81,1.81,1.82,1.82,1.83,1.84,Maintain Status Quo,Mongolia,MNG,2021-05-03,v8,TRUE
2020-12-14,deaths,0,0,0,0,0,0,Relax Interventions 50%,Mongolia,MNG,2021-05-03,v8,TRUE
2020-12-14,hospital_demand,0.13,0.13,0.14,0.14,0.15,0.16,Relax Interventions 50%,Mongolia,MNG,2021-05-03,v8,TRUE
2020-12-14,ICU_demand,0.05,0.05,0.05,0.05,0.06,0.06,Relax Interventions 50%,Mongolia,MNG,2021-05-03,v8,TRUE
2020-12-14,infections,1.62,1.8,2,2,2.2,2.38,Relax Interventions 50%,Mongolia,MNG,2021-05-03,v8,TRUE
2020-12-14,prevalence,11.21,12.45,13.82,13.82,15.2,16.43,Relax Interventions 50%,Mongolia,MNG,2021-05-03,v8,TRUE
2020-12-14,cumulative_infections,28.55,30.3,32.23,32.23,34.17,35.91,Relax Interventions 50%,Mongolia,MNG,2021-05-03,v8,TRUE
2020-12-14,cumulative_deaths,0.03,0.03,0.03,0.03,0.03,0.04,Relax Interventions 50%,Mongolia,MNG,2021-05-03,v8,TRUE
2020-12-14,Rt,1.81,1.81,1.82,1.82,1.83,1.84,Relax Interventions 50%,Mongolia,MNG,2021-05-03,v8,TRUE
2020-12-14,Reff,1.81,1.81,1.82,1.82,1.83,1.84,Relax Interventions 50%,Mongolia,MNG,2021-05-03,v8,TRUE
2020-12-14,deaths,0,0,0,0,0,0,Surged Additional 50% Reduction,Mongolia,MNG,2021-05-03,v8,TRUE
2020-12-14,hospital_demand,0.13,0.13,0.14,0.14,0.15,0.16,Surged Additional 50% Reduction,Mongolia,MNG,2021-05-03,v8,TRUE
2020-12-14,ICU_demand,0.05,0.05,0.05,0.05,0.06,0.06,Surged Additional 50% Reduction,Mongolia,MNG,2021-05-03,v8,TRUE
2020-12-14,infections,1.62,1.8,2,2,2.2,2.38,Surged Additional 50% Reduction,Mongolia,MNG,2021-05-03,v8,TRUE
2020-12-14,prevalence,11.21,12.45,13.82,13.82,15.2,16.43,Surged Additional 50% Reduction,Mongolia,MNG,2021-05-03,v8,TRUE
2020-12-14,cumulative_infections,28.55,30.3,32.23,32.23,34.17,35.91,Surged Additional 50% Reduction,Mongolia,MNG,2021-05-03,v8,TRUE
2020-12-14,cumulative_deaths,0.03,0.03,0.03,0.03,0.03,0.04,Surged Additional 50% Reduction,Mongolia,MNG,2021-05-03,v8,TRUE
2020-12-14,Rt,1.81,1.81,1.82,1.82,1.83,1.84,Surged Additional 50% Reduction,Mongolia,MNG,2021-05-03,v8,TRUE
2020-12-14,Reff,1.81,1.81,1.82,1.82,1.83,1.84,Surged Additional 50% Reduction,Mongolia,MNG,2021-05-03,v8,TRUE
2020-12-14,deaths,0,0,0,0,0,0,Surged Maintain Status Quo,Mongolia,MNG,2021-05-03,v8,TRUE
2020-12-14,hospital_demand,0.13,0.13,0.14,0.14,0.15,0.16,Surged Maintain Status Quo,Mongolia,MNG,2021-05-03,v8,TRUE
2020-12-14,ICU_demand,0.05,0.05,0.05,0.05,0.06,0.06,Surged Maintain Status Quo,Mongolia,MNG,2021-05-03,v8,TRUE
2020-12-14,infections,1.62,1.8,2,2,2.2,2.38,Surged Maintain Status Quo,Mongolia,MNG,2021-05-03,v8,TRUE
2020-12-14,prevalence,11.21,12.45,13.82,13.82,15.2,16.43,Surged Maintain Status Quo,Mongolia,MNG,2021-05-03,v8,TRUE
2020-12-14,cumulative_infections,28.55,30.3,32.23,32.23,34.17,35.91,Surged Maintain Status Quo,Mongolia,MNG,2021-05-03,v8,TRUE
2020-12-14,cumulative_deaths,0.03,0.03,0.03,0.03,0.03,0.04,Surged Maintain Status Quo,Mongolia,MNG,2021-05-03,v8,TRUE
2020-12-14,Rt,1.81,1.81,1.82,1.82,1.83,1.84,Surged Maintain Status Quo,Mongolia,MNG,2021-05-03,v8,TRUE
2020-12-14,Reff,1.81,1.81,1.82,1.82,1.83,1.84,Surged Maintain Status Quo,Mongolia,MNG,2021-05-03,v8,TRUE
2020-12-14,deaths,0,0,0,0,0,0,Surged Relax Interventions 50%,Mongolia,MNG,2021-05-03,v8,TRUE
2020-12-14,hospital_demand,0.13,0.13,0.14,0.14,0.15,0.16,Surged Relax Interventions 50%,Mongolia,MNG,2021-05-03,v8,TRUE
2020-12-14,ICU_demand,0.05,0.05,0.05,0.05,0.06,0.06,Surged Relax Interventions 50%,Mongolia,MNG,2021-05-03,v8,TRUE
2020-12-14,infections,1.62,1.8,2,2,2.2,2.38,Surged Relax Interventions 50%,Mongolia,MNG,2021-05-03,v8,TRUE
2020-12-14,prevalence,11.21,12.45,13.82,13.82,15.2,16.43,Surged Relax Interventions 50%,Mongolia,MNG,2021-05-03,v8,TRUE
2020-12-14,cumulative_infections,28.55,30.3,32.23,32.23,34.17,35.91,Surged Relax Interventions 50%,Mongolia,MNG,2021-05-03,v8,TRUE
2020-12-14,cumulative_deaths,0.03,0.03,0.03,0.03,0.03,0.04,Surged Relax Interventions 50%,Mongolia,MNG,2021-05-03,v8,TRUE
2020-12-14,Rt,1.81,1.81,1.82,1.82,1.83,1.84,Surged Relax Interventions 50%,Mongolia,MNG,2021-05-03,v8,TRUE
2020-12-14,Reff,1.81,1.81,1.82,1.82,1.83,1.84,Surged Relax Interventions 50%,Mongolia,MNG,2021-05-03,v8,TRUE
2020-12-15,deaths,0,0,0,0,0,0,Additional 50% Reduction,Mongolia,MNG,2021-05-03,v8,TRUE
2020-12-15,hospital_demand,0.13,0.14,0.15,0.15,0.16,0.17,Additional 50% Reduction,Mongolia,MNG,2021-05-03,v8,TRUE
2020-12-15,ICU_demand,0.05,0.05,0.05,0.05,0.06,0.06,Additional 50% Reduction,Mongolia,MNG,2021-05-03,v8,TRUE
2020-12-15,infections,1.75,1.95,2.16,2.16,2.38,2.58,Additional 50% Reduction,Mongolia,MNG,2021-05-03,v8,TRUE
2020-12-15,prevalence,12.44,13.82,15.36,15.36,16.9,18.29,Additional 50% Reduction,Mongolia,MNG,2021-05-03,v8,TRUE
2020-12-15,cumulative_infections,30.3,32.24,34.4,34.4,36.55,38.49,Additional 50% Reduction,Mongolia,MNG,2021-05-03,v8,TRUE
2020-12-15,cumulative_deaths,0.03,0.04,0.04,0.04,0.04,0.04,Additional 50% Reduction,Mongolia,MNG,2021-05-03,v8,TRUE
2020-12-15,Rt,1.83,1.83,1.84,1.84,1.85,1.86,Additional 50% Reduction,Mongolia,MNG,2021-05-03,v8,TRUE
2020-12-15,Reff,1.83,1.83,1.84,1.84,1.85,1.86,Additional 50% Reduction,Mongolia,MNG,2021-05-03,v8,TRUE
2020-12-15,deaths,0,0,0,0,0,0,Maintain Status Quo,Mongolia,MNG,2021-05-03,v8,TRUE
2020-12-15,hospital_demand,0.13,0.14,0.15,0.15,0.16,0.17,Maintain Status Quo,Mongolia,MNG,2021-05-03,v8,TRUE
2020-12-15,ICU_demand,0.05,0.05,0.05,0.05,0.06,0.06,Maintain Status Quo,Mongolia,MNG,2021-05-03,v8,TRUE
2020-12-15,infections,1.75,1.95,2.16,2.16,2.38,2.58,Maintain Status Quo,Mongolia,MNG,2021-05-03,v8,TRUE
2020-12-15,prevalence,12.44,13.82,15.36,15.36,16.9,18.29,Maintain Status Quo,Mongolia,MNG,2021-05-03,v8,TRUE
2020-12-15,cumulative_infections,30.3,32.24,34.4,34.4,36.55,38.49,Maintain Status Quo,Mongolia,MNG,2021-05-03,v8,TRUE
2020-12-15,cumulative_deaths,0.03,0.04,0.04,0.04,0.04,0.04,Maintain Status Quo,Mongolia,MNG,2021-05-03,v8,TRUE
2020-12-15,Rt,1.83,1.83,1.84,1.84,1.85,1.86,Maintain Status Quo,Mongolia,MNG,2021-05-03,v8,TRUE
2020-12-15,Reff,1.83,1.83,1.84,1.84,1.85,1.86,Maintain Status Quo,Mongolia,MNG,2021-05-03,v8,TRUE
2020-12-15,deaths,0,0,0,0,0,0,Relax Interventions 50%,Mongolia,MNG,2021-05-03,v8,TRUE
2020-12-15,hospital_demand,0.13,0.14,0.15,0.15,0.16,0.17,Relax Interventions 50%,Mongolia,MNG,2021-05-03,v8,TRUE
2020-12-15,ICU_demand,0.05,0.05,0.05,0.05,0.06,0.06,Relax Interventions 50%,Mongolia,MNG,2021-05-03,v8,TRUE
2020-12-15,infections,1.75,1.95,2.16,2.16,2.38,2.58,Relax Interventions 50%,Mongolia,MNG,2021-05-03,v8,TRUE
2020-12-15,prevalence,12.44,13.82,15.36,15.36,16.9,18.29,Relax Interventions 50%,Mongolia,MNG,2021-05-03,v8,TRUE
2020-12-15,cumulative_infections,30.3,32.24,34.4,34.4,36.55,38.49,Relax Interventions 50%,Mongolia,MNG,2021-05-03,v8,TRUE
2020-12-15,cumulative_deaths,0.03,0.04,0.04,0.04,0.04,0.04,Relax Interventions 50%,Mongolia,MNG,2021-05-03,v8,TRUE
2020-12-15,Rt,1.83,1.83,1.84,1.84,1.85,1.86,Relax Interventions 50%,Mongolia,MNG,2021-05-03,v8,TRUE
2020-12-15,Reff,1.83,1.83,1.84,1.84,1.85,1.86,Relax Interventions 50%,Mongolia,MNG,2021-05-03,v8,TRUE
2020-12-15,deaths,0,0,0,0,0,0,Surged Additional 50% Reduction,Mongolia,MNG,2021-05-03,v8,TRUE
2020-12-15,hospital_demand,0.13,0.14,0.15,0.15,0.16,0.17,Surged Additional 50% Reduction,Mongolia,MNG,2021-05-03,v8,TRUE
2020-12-15,ICU_demand,0.05,0.05,0.05,0.05,0.06,0.06,Surged Additional 50% Reduction,Mongolia,MNG,2021-05-03,v8,TRUE
2020-12-15,infections,1.75,1.95,2.16,2.16,2.38,2.58,Surged Additional 50% Reduction,Mongolia,MNG,2021-05-03,v8,TRUE
2020-12-15,prevalence,12.44,13.82,15.36,15.36,16.9,18.29,Surged Additional 50% Reduction,Mongolia,MNG,2021-05-03,v8,TRUE
2020-12-15,cumulative_infections,30.3,32.24,34.4,34.4,36.55,38.49,Surged Additional 50% Reduction,Mongolia,MNG,2021-05-03,v8,TRUE
2020-12-15,cumulative_deaths,0.03,0.04,0.04,0.04,0.04,0.04,Surged Additional 50% Reduction,Mongolia,MNG,2021-05-03,v8,TRUE
2020-12-15,Rt,1.83,1.83,1.84,1.84,1.85,1.86,Surged Additional 50% Reduction,Mongolia,MNG,2021-05-03,v8,TRUE
2020-12-15,Reff,1.83,1.83,1.84,1.84,1.85,1.86,Surged Additional 50% Reduction,Mongolia,MNG,2021-05-03,v8,TRUE
2020-12-15,deaths,0,0,0,0,0,0,Surged Maintain Status Quo,Mongolia,MNG,2021-05-03,v8,TRUE
2020-12-15,hospital_demand,0.13,0.14,0.15,0.15,0.16,0.17,Surged Maintain Status Quo,Mongolia,MNG,2021-05-03,v8,TRUE
2020-12-15,ICU_demand,0.05,0.05,0.05,0.05,0.06,0.06,Surged Maintain Status Quo,Mongolia,MNG,2021-05-03,v8,TRUE
2020-12-15,infections,1.75,1.95,2.16,2.16,2.38,2.58,Surged Maintain Status Quo,Mongolia,MNG,2021-05-03,v8,TRUE
2020-12-15,prevalence,12.44,13.82,15.36,15.36,16.9,18.29,Surged Maintain Status Quo,Mongolia,MNG,2021-05-03,v8,TRUE
2020-12-15,cumulative_infections,30.3,32.24,34.4,34.4,36.55,38.49,Surged Maintain Status Quo,Mongolia,MNG,2021-05-03,v8,TRUE
2020-12-15,cumulative_deaths,0.03,0.04,0.04,0.04,0.04,0.04,Surged Maintain Status Quo,Mongolia,MNG,2021-05-03,v8,TRUE
2020-12-15,Rt,1.83,1.83,1.84,1.84,1.85,1.86,Surged Maintain Status Quo,Mongolia,MNG,2021-05-03,v8,TRUE
2020-12-15,Reff,1.83,1.83,1.84,1.84,1.85,1.86,Surged Maintain Status Quo,Mongolia,MNG,2021-05-03,v8,TRUE
2020-12-15,deaths,0,0,0,0,0,0,Surged Relax Interventions 50%,Mongolia,MNG,2021-05-03,v8,TRUE
2020-12-15,hospital_demand,0.13,0.14,0.15,0.15,0.16,0.17,Surged Relax Interventions 50%,Mongolia,MNG,2021-05-03,v8,TRUE
2020-12-15,ICU_demand,0.05,0.05,0.05,0.05,0.06,0.06,Surged Relax Interventions 50%,Mongolia,MNG,2021-05-03,v8,TRUE
2020-12-15,infections,1.75,1.95,2.16,2.16,2.38,2.58,Surged Relax Interventions 50%,Mongolia,MNG,2021-05-03,v8,TRUE
2020-12-15,prevalence,12.44,13.82,15.36,15.36,16.9,18.29,Surged Relax Interventions 50%,Mongolia,MNG,2021-05-03,v8,TRUE
2020-12-15,cumulative_infections,30.3,32.24,34.4,34.4,36.55,38.49,Surged Relax Interventions 50%,Mongolia,MNG,2021-05-03,v8,TRUE
2020-12-15,cumulative_deaths,0.03,0.04,0.04,0.04,0.04,0.04,Surged Relax Interventions 50%,Mongolia,MNG,2021-05-03,v8,TRUE
2020-12-15,Rt,1.83,1.83,1.84,1.84,1.85,1.86,Surged Relax Interventions 50%,Mongolia,MNG,2021-05-03,v8,TRUE
2020-12-15,Reff,1.83,1.83,1.84,1.84,1.85,1.86,Surged Relax Interventions 50%,Mongolia,MNG,2021-05-03,v8,TRUE
2020-12-16,deaths,0,0,0,0,0,0,Additional 50% Reduction,Mongolia,MNG,2021-05-03,v8,TRUE
2020-12-16,hospital_demand,0.14,0.15,0.16,0.16,0.17,0.18,Additional 50% Reduction,Mongolia,MNG,2021-05-03,v8,TRUE
2020-12-16,ICU_demand,0.05,0.05,0.06,0.06,0.06,0.06,Additional 50% Reduction,Mongolia,MNG,2021-05-03,v8,TRUE
2020-12-16,infections,1.94,2.16,2.4,2.4,2.65,2.87,Additional 50% Reduction,Mongolia,MNG,2021-05-03,v8,TRUE
2020-12-16,prevalence,13.77,15.32,17.04,17.04,18.76,20.31,Additional 50% Reduction,Mongolia,MNG,2021-05-03,v8,TRUE
2020-12-16,cumulative_infections,32.24,34.4,36.8,36.8,39.2,41.36,Additional 50% Reduction,Mongolia,MNG,2021-05-03,v8,TRUE
2020-12-16,cumulative_deaths,0.04,0.04,0.04,0.04,0.04,0.04,Additional 50% Reduction,Mongolia,MNG,2021-05-03,v8,TRUE
2020-12-16,Rt,1.82,1.83,1.84,1.84,1.85,1.85,Additional 50% Reduction,Mongolia,MNG,2021-05-03,v8,TRUE
2020-12-16,Reff,1.82,1.83,1.84,1.84,1.85,1.85,Additional 50% Reduction,Mongolia,MNG,2021-05-03,v8,TRUE
2020-12-16,deaths,0,0,0,0,0,0,Maintain Status Quo,Mongolia,MNG,2021-05-03,v8,TRUE
2020-12-16,hospital_demand,0.14,0.15,0.16,0.16,0.17,0.18,Maintain Status Quo,Mongolia,MNG,2021-05-03,v8,TRUE
2020-12-16,ICU_demand,0.05,0.05,0.06,0.06,0.06,0.06,Maintain Status Quo,Mongolia,MNG,2021-05-03,v8,TRUE
2020-12-16,infections,1.94,2.16,2.4,2.4,2.65,2.87,Maintain Status Quo,Mongolia,MNG,2021-05-03,v8,TRUE
2020-12-16,prevalence,13.77,15.32,17.04,17.04,18.76,20.31,Maintain Status Quo,Mongolia,MNG,2021-05-03,v8,TRUE
2020-12-16,cumulative_infections,32.24,34.4,36.8,36.8,39.2,41.36,Maintain Status Quo,Mongolia,MNG,2021-05-03,v8,TRUE
2020-12-16,cumulative_deaths,0.04,0.04,0.04,0.04,0.04,0.04,Maintain Status Quo,Mongolia,MNG,2021-05-03,v8,TRUE
2020-12-16,Rt,1.82,1.83,1.84,1.84,1.85,1.85,Maintain Status Quo,Mongolia,MNG,2021-05-03,v8,TRUE
2020-12-16,Reff,1.82,1.83,1.84,1.84,1.85,1.85,Maintain Status Quo,Mongolia,MNG,2021-05-03,v8,TRUE
2020-12-16,deaths,0,0,0,0,0,0,Relax Interventions 50%,Mongolia,MNG,2021-05-03,v8,TRUE
2020-12-16,hospital_demand,0.14,0.15,0.16,0.16,0.17,0.18,Relax Interventions 50%,Mongolia,MNG,2021-05-03,v8,TRUE
2020-12-16,ICU_demand,0.05,0.05,0.06,0.06,0.06,0.06,Relax Interventions 50%,Mongolia,MNG,2021-05-03,v8,TRUE
2020-12-16,infections,1.94,2.16,2.4,2.4,2.65,2.87,Relax Interventions 50%,Mongolia,MNG,2021-05-03,v8,TRUE
2020-12-16,prevalence,13.77,15.32,17.04,17.04,18.76,20.31,Relax Interventions 50%,Mongolia,MNG,2021-05-03,v8,TRUE
2020-12-16,cumulative_infections,32.24,34.4,36.8,36.8,39.2,41.36,Relax Interventions 50%,Mongolia,MNG,2021-05-03,v8,TRUE
2020-12-16,cumulative_deaths,0.04,0.04,0.04,0.04,0.04,0.04,Relax Interventions 50%,Mongolia,MNG,2021-05-03,v8,TRUE
2020-12-16,Rt,1.82,1.83,1.84,1.84,1.85,1.85,Relax Interventions 50%,Mongolia,MNG,2021-05-03,v8,TRUE
2020-12-16,Reff,1.82,1.83,1.84,1.84,1.85,1.85,Relax Interventions 50%,Mongolia,MNG,2021-05-03,v8,TRUE
2020-12-16,deaths,0,0,0,0,0,0,Surged Additional 50% Reduction,Mongolia,MNG,2021-05-03,v8,TRUE
2020-12-16,hospital_demand,0.14,0.15,0.16,0.16,0.17,0.18,Surged Additional 50% Reduction,Mongolia,MNG,2021-05-03,v8,TRUE
2020-12-16,ICU_demand,0.05,0.05,0.06,0.06,0.06,0.06,Surged Additional 50% Reduction,Mongolia,MNG,2021-05-03,v8,TRUE
2020-12-16,infections,1.94,2.16,2.4,2.4,2.65,2.87,Surged Additional 50% Reduction,Mongolia,MNG,2021-05-03,v8,TRUE
2020-12-16,prevalence,13.77,15.32,17.04,17.04,18.76,20.31,Surged Additional 50% Reduction,Mongolia,MNG,2021-05-03,v8,TRUE
2020-12-16,cumulative_infections,32.24,34.4,36.8,36.8,39.2,41.36,Surged Additional 50% Reduction,Mongolia,MNG,2021-05-03,v8,TRUE
2020-12-16,cumulative_deaths,0.04,0.04,0.04,0.04,0.04,0.04,Surged Additional 50% Reduction,Mongolia,MNG,2021-05-03,v8,TRUE
2020-12-16,Rt,1.82,1.83,1.84,1.84,1.85,1.85,Surged Additional 50% Reduction,Mongolia,MNG,2021-05-03,v8,TRUE
2020-12-16,Reff,1.82,1.83,1.84,1.84,1.85,1.85,Surged Additional 50% Reduction,Mongolia,MNG,2021-05-03,v8,TRUE
2020-12-16,deaths,0,0,0,0,0,0,Surged Maintain Status Quo,Mongolia,MNG,2021-05-03,v8,TRUE
2020-12-16,hospital_demand,0.14,0.15,0.16,0.16,0.17,0.18,Surged Maintain Status Quo,Mongolia,MNG,2021-05-03,v8,TRUE
2020-12-16,ICU_demand,0.05,0.05,0.06,0.06,0.06,0.06,Surged Maintain Status Quo,Mongolia,MNG,2021-05-03,v8,TRUE
2020-12-16,infections,1.94,2.16,2.4,2.4,2.65,2.87,Surged Maintain Status Quo,Mongolia,MNG,2021-05-03,v8,TRUE
2020-12-16,prevalence,13.77,15.32,17.04,17.04,18.76,20.31,Surged Maintain Status Quo,Mongolia,MNG,2021-05-03,v8,TRUE
2020-12-16,cumulative_infections,32.24,34.4,36.8,36.8,39.2,41.36,Surged Maintain Status Quo,Mongolia,MNG,2021-05-03,v8,TRUE
2020-12-16,cumulative_deaths,0.04,0.04,0.04,0.04,0.04,0.04,Surged Maintain Status Quo,Mongolia,MNG,2021-05-03,v8,TRUE
2020-12-16,Rt,1.82,1.83,1.84,1.84,1.85,1.85,Surged Maintain Status Quo,Mongolia,MNG,2021-05-03,v8,TRUE
2020-12-16,Reff,1.82,1.83,1.84,1.84,1.85,1.85,Surged Maintain Status Quo,Mongolia,MNG,2021-05-03,v8,TRUE
2020-12-16,deaths,0,0,0,0,0,0,Surged Relax Interventions 50%,Mongolia,MNG,2021-05-03,v8,TRUE
2020-12-16,hospital_demand,0.14,0.15,0.16,0.16,0.17,0.18,Surged Relax Interventions 50%,Mongolia,MNG,2021-05-03,v8,TRUE
2020-12-16,ICU_demand,0.05,0.05,0.06,0.06,0.06,0.06,Surged Relax Interventions 50%,Mongolia,MNG,2021-05-03,v8,TRUE
2020-12-16,infections,1.94,2.16,2.4,2.4,2.65,2.87,Surged Relax Interventions 50%,Mongolia,MNG,2021-05-03,v8,TRUE
2020-12-16,prevalence,13.77,15.32,17.04,17.04,18.76,20.31,Surged Relax Interventions 50%,Mongolia,MNG,2021-05-03,v8,TRUE
2020-12-16,cumulative_infections,32.24,34.4,36.8,36.8,39.2,41.36,Surged Relax Interventions 50%,Mongolia,MNG,2021-05-03,v8,TRUE
2020-12-16,cumulative_deaths,0.04,0.04,0.04,0.04,0.04,0.04,Surged Relax Interventions 50%,Mongolia,MNG,2021-05-03,v8,TRUE
2020-12-16,Rt,1.82,1.83,1.84,1.84,1.85,1.85,Surged Relax Interventions 50%,Mongolia,MNG,2021-05-03,v8,TRUE
2020-12-16,Reff,1.82,1.83,1.84,1.84,1.85,1.85,Surged Relax Interventions 50%,Mongolia,MNG,2021-05-03,v8,TRUE
2020-12-17,deaths,0,0,0,0,0,0,Additional 50% Reduction,Mongolia,MNG,2021-05-03,v8,TRUE
2020-12-17,hospital_demand,0.14,0.15,0.17,0.17,0.18,0.19,Additional 50% Reduction,Mongolia,MNG,2021-05-03,v8,TRUE
2020-12-17,ICU_demand,0.05,0.06,0.06,0.06,0.06,0.07,Additional 50% Reduction,Mongolia,MNG,2021-05-03,v8,TRUE
2020-12-17,infections,2.16,2.4,2.68,2.68,2.95,3.2,Additional 50% Reduction,Mongolia,MNG,2021-05-03,v8,TRUE
2020-12-17,prevalence,15.2,16.93,18.85,18.85,20.77,22.5,Additional 50% Reduction,Mongolia,MNG,2021-05-03,v8,TRUE
2020-12-17,cumulative_infections,34.4,36.81,39.48,39.48,42.15,44.56,Additional 50% Reduction,Mongolia,MNG,2021-05-03,v8,TRUE
2020-12-17,cumulative_deaths,0.04,0.04,0.04,0.04,0.05,0.05,Additional 50% Reduction,Mongolia,MNG,2021-05-03,v8,TRUE
2020-12-17,Rt,1.81,1.81,1.82,1.82,1.83,1.84,Additional 50% Reduction,Mongolia,MNG,2021-05-03,v8,TRUE
2020-12-17,Reff,1.81,1.81,1.82,1.82,1.83,1.84,Additional 50% Reduction,Mongolia,MNG,2021-05-03,v8,TRUE
2020-12-17,deaths,0,0,0,0,0,0,Maintain Status Quo,Mongolia,MNG,2021-05-03,v8,TRUE
2020-12-17,hospital_demand,0.14,0.15,0.17,0.17,0.18,0.19,Maintain Status Quo,Mongolia,MNG,2021-05-03,v8,TRUE
2020-12-17,ICU_demand,0.05,0.06,0.06,0.06,0.06,0.07,Maintain Status Quo,Mongolia,MNG,2021-05-03,v8,TRUE
2020-12-17,infections,2.16,2.4,2.68,2.68,2.95,3.2,Maintain Status Quo,Mongolia,MNG,2021-05-03,v8,TRUE
2020-12-17,prevalence,15.2,16.93,18.85,18.85,20.77,22.5,Maintain Status Quo,Mongolia,MNG,2021-05-03,v8,TRUE
2020-12-17,cumulative_infections,34.4,36.81,39.48,39.48,42.15,44.56,Maintain Status Quo,Mongolia,MNG,2021-05-03,v8,TRUE
2020-12-17,cumulative_deaths,0.04,0.04,0.04,0.04,0.05,0.05,Maintain Status Quo,Mongolia,MNG,2021-05-03,v8,TRUE
2020-12-17,Rt,1.81,1.81,1.82,1.82,1.83,1.84,Maintain Status Quo,Mongolia,MNG,2021-05-03,v8,TRUE
2020-12-17,Reff,1.81,1.81,1.82,1.82,1.83,1.84,Maintain Status Quo,Mongolia,MNG,2021-05-03,v8,TRUE
2020-12-17,deaths,0,0,0,0,0,0,Relax Interventions 50%,Mongolia,MNG,2021-05-03,v8,TRUE
2020-12-17,hospital_demand,0.14,0.15,0.17,0.17,0.18,0.19,Relax Interventions 50%,Mongolia,MNG,2021-05-03,v8,TRUE
2020-12-17,ICU_demand,0.05,0.06,0.06,0.06,0.06,0.07,Relax Interventions 50%,Mongolia,MNG,2021-05-03,v8,TRUE
2020-12-17,infections,2.16,2.4,2.68,2.68,2.95,3.2,Relax Interventions 50%,Mongolia,MNG,2021-05-03,v8,TRUE
2020-12-17,prevalence,15.2,16.93,18.85,18.85,20.77,22.5,Relax Interventions 50%,Mongolia,MNG,2021-05-03,v8,TRUE
2020-12-17,cumulative_infections,34.4,36.81,39.48,39.48,42.15,44.56,Relax Interventions 50%,Mongolia,MNG,2021-05-03,v8,TRUE
2020-12-17,cumulative_deaths,0.04,0.04,0.04,0.04,0.05,0.05,Relax Interventions 50%,Mongolia,MNG,2021-05-03,v8,TRUE
2020-12-17,Rt,1.81,1.81,1.82,1.82,1.83,1.84,Relax Interventions 50%,Mongolia,MNG,2021-05-03,v8,TRUE
2020-12-17,Reff,1.81,1.81,1.82,1.82,1.83,1.84,Relax Interventions 50%,Mongolia,MNG,2021-05-03,v8,TRUE
2020-12-17,deaths,0,0,0,0,0,0,Surged Additional 50% Reduction,Mongolia,MNG,2021-05-03,v8,TRUE
2020-12-17,hospital_demand,0.14,0.15,0.17,0.17,0.18,0.19,Surged Additional 50% Reduction,Mongolia,MNG,2021-05-03,v8,TRUE
2020-12-17,ICU_demand,0.05,0.06,0.06,0.06,0.06,0.07,Surged Additional 50% Reduction,Mongolia,MNG,2021-05-03,v8,TRUE
2020-12-17,infections,2.16,2.4,2.68,2.68,2.95,3.2,Surged Additional 50% Reduction,Mongolia,MNG,2021-05-03,v8,TRUE
2020-12-17,prevalence,15.2,16.93,18.85,18.85,20.77,22.5,Surged Additional 50% Reduction,Mongolia,MNG,2021-05-03,v8,TRUE
2020-12-17,cumulative_infections,34.4,36.81,39.48,39.48,42.15,44.56,Surged Additional 50% Reduction,Mongolia,MNG,2021-05-03,v8,TRUE
2020-12-17,cumulative_deaths,0.04,0.04,0.04,0.04,0.05,0.05,Surged Additional 50% Reduction,Mongolia,MNG,2021-05-03,v8,TRUE
2020-12-17,Rt,1.81,1.81,1.82,1.82,1.83,1.84,Surged Additional 50% Reduction,Mongolia,MNG,2021-05-03,v8,TRUE
2020-12-17,Reff,1.81,1.81,1.82,1.82,1.83,1.84,Surged Additional 50% Reduction,Mongolia,MNG,2021-05-03,v8,TRUE
2020-12-17,deaths,0,0,0,0,0,0,Surged Maintain Status Quo,Mongolia,MNG,2021-05-03,v8,TRUE
2020-12-17,hospital_demand,0.14,0.15,0.17,0.17,0.18,0.19,Surged Maintain Status Quo,Mongolia,MNG,2021-05-03,v8,TRUE
2020-12-17,ICU_demand,0.05,0.06,0.06,0.06,0.06,0.07,Surged Maintain Status Quo,Mongolia,MNG,2021-05-03,v8,TRUE
2020-12-17,infections,2.16,2.4,2.68,2.68,2.95,3.2,Surged Maintain Status Quo,Mongolia,MNG,2021-05-03,v8,TRUE
2020-12-17,prevalence,15.2,16.93,18.85,18.85,20.77,22.5,Surged Maintain Status Quo,Mongolia,MNG,2021-05-03,v8,TRUE
2020-12-17,cumulative_infections,34.4,36.81,39.48,39.48,42.15,44.56,Surged Maintain Status Quo,Mongolia,MNG,2021-05-03,v8,TRUE
2020-12-17,cumulative_deaths,0.04,0.04,0.04,0.04,0.05,0.05,Surged Maintain Status Quo,Mongolia,MNG,2021-05-03,v8,TRUE
2020-12-17,Rt,1.81,1.81,1.82,1.82,1.83,1.84,Surged Maintain Status Quo,Mongolia,MNG,2021-05-03,v8,TRUE
2020-12-17,Reff,1.81,1.81,1.82,1.82,1.83,1.84,Surged Maintain Status Quo,Mongolia,MNG,2021-05-03,v8,TRUE
2020-12-17,deaths,0,0,0,0,0,0,Surged Relax Interventions 50%,Mongolia,MNG,2021-05-03,v8,TRUE
2020-12-17,hospital_demand,0.14,0.15,0.17,0.17,0.18,0.19,Surged Relax Interventions 50%,Mongolia,MNG,2021-05-03,v8,TRUE
2020-12-17,ICU_demand,0.05,0.06,0.06,0.06,0.06,0.07,Surged Relax Interventions 50%,Mongolia,MNG,2021-05-03,v8,TRUE
2020-12-17,infections,2.16,2.4,2.68,2.68,2.95,3.2,Surged Relax Interventions 50%,Mongolia,MNG,2021-05-03,v8,TRUE
2020-12-17,prevalence,15.2,16.93,18.85,18.85,20.77,22.5,Surged Relax Interventions 50%,Mongolia,MNG,2021-05-03,v8,TRUE
2020-12-17,cumulative_infections,34.4,36.81,39.48,39.48,42.15,44.56,Surged Relax Interventions 50%,Mongolia,MNG,2021-05-03,v8,TRUE
2020-12-17,cumulative_deaths,0.04,0.04,0.04,0.04,0.05,0.05,Surged Relax Interventions 50%,Mongolia,MNG,2021-05-03,v8,TRUE
2020-12-17,Rt,1.81,1.81,1.82,1.82,1.83,1.84,Surged Relax Interventions 50%,Mongolia,MNG,2021-05-03,v8,TRUE
2020-12-17,Reff,1.81,1.81,1.82,1.82,1.83,1.84,Surged Relax Interventions 50%,Mongolia,MNG,2021-05-03,v8,TRUE
2020-12-18,deaths,0,0,0,0,0,0,Additional 50% Reduction,Mongolia,MNG,2021-05-03,v8,TRUE
2020-12-18,hospital_demand,0.15,0.16,0.18,0.18,0.19,0.2,Additional 50% Reduction,Mongolia,MNG,2021-05-03,v8,TRUE
2020-12-18,ICU_demand,0.05,0.06,0.06,0.06,0.07,0.07,Additional 50% Reduction,Mongolia,MNG,2021-05-03,v8,TRUE
2020-12-18,infections,2.39,2.67,2.97,2.97,3.28,3.56,Additional 50% Reduction,Mongolia,MNG,2021-05-03,v8,TRUE
2020-12-18,prevalence,16.75,18.67,20.8,20.8,22.94,24.86,Additional 50% Reduction,Mongolia,MNG,2021-05-03,v8,TRUE
2020-12-18,cumulative_infections,36.79,39.48,42.46,42.46,45.44,48.12,Additional 50% Reduction,Mongolia,MNG,2021-05-03,v8,TRUE
2020-12-18,cumulative_deaths,0.04,0.05,0.05,0.05,0.05,0.05,Additional 50% Reduction,Mongolia,MNG,2021-05-03,v8,TRUE
2020-12-18,Rt,1.7,1.71,1.72,1.72,1.73,1.74,Additional 50% Reduction,Mongolia,MNG,2021-05-03,v8,TRUE
2020-12-18,Reff,1.7,1.71,1.72,1.72,1.73,1.74,Additional 50% Reduction,Mongolia,MNG,2021-05-03,v8,TRUE
2020-12-18,deaths,0,0,0,0,0,0,Maintain Status Quo,Mongolia,MNG,2021-05-03,v8,TRUE
2020-12-18,hospital_demand,0.15,0.16,0.18,0.18,0.19,0.2,Maintain Status Quo,Mongolia,MNG,2021-05-03,v8,TRUE
2020-12-18,ICU_demand,0.05,0.06,0.06,0.06,0.07,0.07,Maintain Status Quo,Mongolia,MNG,2021-05-03,v8,TRUE
2020-12-18,infections,2.39,2.67,2.97,2.97,3.28,3.56,Maintain Status Quo,Mongolia,MNG,2021-05-03,v8,TRUE
2020-12-18,prevalence,16.75,18.67,20.8,20.8,22.94,24.86,Maintain Status Quo,Mongolia,MNG,2021-05-03,v8,TRUE
2020-12-18,cumulative_infections,36.79,39.48,42.46,42.46,45.44,48.12,Maintain Status Quo,Mongolia,MNG,2021-05-03,v8,TRUE
2020-12-18,cumulative_deaths,0.04,0.05,0.05,0.05,0.05,0.05,Maintain Status Quo,Mongolia,MNG,2021-05-03,v8,TRUE
2020-12-18,Rt,1.7,1.71,1.72,1.72,1.73,1.74,Maintain Status Quo,Mongolia,MNG,2021-05-03,v8,TRUE
2020-12-18,Reff,1.7,1.71,1.72,1.72,1.73,1.74,Maintain Status Quo,Mongolia,MNG,2021-05-03,v8,TRUE
2020-12-18,deaths,0,0,0,0,0,0,Relax Interventions 50%,Mongolia,MNG,2021-05-03,v8,TRUE
2020-12-18,hospital_demand,0.15,0.16,0.18,0.18,0.19,0.2,Relax Interventions 50%,Mongolia,MNG,2021-05-03,v8,TRUE
2020-12-18,ICU_demand,0.05,0.06,0.06,0.06,0.07,0.07,Relax Interventions 50%,Mongolia,MNG,2021-05-03,v8,TRUE
2020-12-18,infections,2.39,2.67,2.97,2.97,3.28,3.56,Relax Interventions 50%,Mongolia,MNG,2021-05-03,v8,TRUE
2020-12-18,prevalence,16.75,18.67,20.8,20.8,22.94,24.86,Relax Interventions 50%,Mongolia,MNG,2021-05-03,v8,TRUE
2020-12-18,cumulative_infections,36.79,39.48,42.46,42.46,45.44,48.12,Relax Interventions 50%,Mongolia,MNG,2021-05-03,v8,TRUE
2020-12-18,cumulative_deaths,0.04,0.05,0.05,0.05,0.05,0.05,Relax Interventions 50%,Mongolia,MNG,2021-05-03,v8,TRUE
2020-12-18,Rt,1.7,1.71,1.72,1.72,1.73,1.74,Relax Interventions 50%,Mongolia,MNG,2021-05-03,v8,TRUE
2020-12-18,Reff,1.7,1.71,1.72,1.72,1.73,1.74,Relax Interventions 50%,Mongolia,MNG,2021-05-03,v8,TRUE
2020-12-18,deaths,0,0,0,0,0,0,Surged Additional 50% Reduction,Mongolia,MNG,2021-05-03,v8,TRUE
2020-12-18,hospital_demand,0.15,0.16,0.18,0.18,0.19,0.2,Surged Additional 50% Reduction,Mongolia,MNG,2021-05-03,v8,TRUE
2020-12-18,ICU_demand,0.05,0.06,0.06,0.06,0.07,0.07,Surged Additional 50% Reduction,Mongolia,MNG,2021-05-03,v8,TRUE
2020-12-18,infections,2.39,2.67,2.97,2.97,3.28,3.56,Surged Additional 50% Reduction,Mongolia,MNG,2021-05-03,v8,TRUE
2020-12-18,prevalence,16.75,18.67,20.8,20.8,22.94,24.86,Surged Additional 50% Reduction,Mongolia,MNG,2021-05-03,v8,TRUE
2020-12-18,cumulative_infections,36.79,39.48,42.46,42.46,45.44,48.12,Surged Additional 50% Reduction,Mongolia,MNG,2021-05-03,v8,TRUE
2020-12-18,cumulative_deaths,0.04,0.05,0.05,0.05,0.05,0.05,Surged Additional 50% Reduction,Mongolia,MNG,2021-05-03,v8,TRUE
2020-12-18,Rt,1.7,1.71,1.72,1.72,1.73,1.74,Surged Additional 50% Reduction,Mongolia,MNG,2021-05-03,v8,TRUE
2020-12-18,Reff,1.7,1.71,1.72,1.72,1.73,1.74,Surged Additional 50% Reduction,Mongolia,MNG,2021-05-03,v8,TRUE
2020-12-18,deaths,0,0,0,0,0,0,Surged Maintain Status Quo,Mongolia,MNG,2021-05-03,v8,TRUE
2020-12-18,hospital_demand,0.15,0.16,0.18,0.18,0.19,0.2,Surged Maintain Status Quo,Mongolia,MNG,2021-05-03,v8,TRUE
2020-12-18,ICU_demand,0.05,0.06,0.06,0.06,0.07,0.07,Surged Maintain Status Quo,Mongolia,MNG,2021-05-03,v8,TRUE
2020-12-18,infections,2.39,2.67,2.97,2.97,3.28,3.56,Surged Maintain Status Quo,Mongolia,MNG,2021-05-03,v8,TRUE
2020-12-18,prevalence,16.75,18.67,20.8,20.8,22.94,24.86,Surged Maintain Status Quo,Mongolia,MNG,2021-05-03,v8,TRUE
2020-12-18,cumulative_infections,36.79,39.48,42.46,42.46,45.44,48.12,Surged Maintain Status Quo,Mongolia,MNG,2021-05-03,v8,TRUE
2020-12-18,cumulative_deaths,0.04,0.05,0.05,0.05,0.05,0.05,Surged Maintain Status Quo,Mongolia,MNG,2021-05-03,v8,TRUE
2020-12-18,Rt,1.7,1.71,1.72,1.72,1.73,1.74,Surged Maintain Status Quo,Mongolia,MNG,2021-05-03,v8,TRUE
2020-12-18,Reff,1.7,1.71,1.72,1.72,1.73,1.74,Surged Maintain Status Quo,Mongolia,MNG,2021-05-03,v8,TRUE
2020-12-18,deaths,0,0,0,0,0,0,Surged Relax Interventions 50%,Mongolia,MNG,2021-05-03,v8,TRUE
2020-12-18,hospital_demand,0.15,0.16,0.18,0.18,0.19,0.2,Surged Relax Interventions 50%,Mongolia,MNG,2021-05-03,v8,TRUE
2020-12-18,ICU_demand,0.05,0.06,0.06,0.06,0.07,0.07,Surged Relax Interventions 50%,Mongolia,MNG,2021-05-03,v8,TRUE
2020-12-18,infections,2.39,2.67,2.97,2.97,3.28,3.56,Surged Relax Interventions 50%,Mongolia,MNG,2021-05-03,v8,TRUE
2020-12-18,prevalence,16.75,18.67,20.8,20.8,22.94,24.86,Surged Relax Interventions 50%,Mongolia,MNG,2021-05-03,v8,TRUE
2020-12-18,cumulative_infections,36.79,39.48,42.46,42.46,45.44,48.12,Surged Relax Interventions 50%,Mongolia,MNG,2021-05-03,v8,TRUE
2020-12-18,cumulative_deaths,0.04,0.05,0.05,0.05,0.05,0.05,Surged Relax Interventions 50%,Mongolia,MNG,2021-05-03,v8,TRUE
2020-12-18,Rt,1.7,1.71,1.72,1.72,1.73,1.74,Surged Relax Interventions 50%,Mongolia,MNG,2021-05-03,v8,TRUE
2020-12-18,Reff,1.7,1.71,1.72,1.72,1.73,1.74,Surged Relax Interventions 50%,Mongolia,MNG,2021-05-03,v8,TRUE
2020-12-19,deaths,0,0,0,0,0,0,Additional 50% Reduction,Mongolia,MNG,2021-05-03,v8,TRUE
2020-12-19,hospital_demand,0.16,0.17,0.19,0.19,0.2,0.22,Additional 50% Reduction,Mongolia,MNG,2021-05-03,v8,TRUE
2020-12-19,ICU_demand,0.06,0.06,0.07,0.07,0.07,0.08,Additional 50% Reduction,Mongolia,MNG,2021-05-03,v8,TRUE
2020-12-19,infections,2.63,2.94,3.28,3.28,3.61,3.92,Additional 50% Reduction,Mongolia,MNG,2021-05-03,v8,TRUE
2020-12-19,prevalence,18.24,20.36,22.71,22.71,25.06,27.17,Additional 50% Reduction,Mongolia,MNG,2021-05-03,v8,TRUE
2020-12-19,cumulative_infections,39.43,42.41,45.73,45.73,49.05,52.04,Additional 50% Reduction,Mongolia,MNG,2021-05-03,v8,TRUE
2020-12-19,cumulative_deaths,0.05,0.05,0.05,0.05,0.05,0.06,Additional 50% Reduction,Mongolia,MNG,2021-05-03,v8,TRUE
2020-12-19,Rt,1.86,1.87,1.87,1.87,1.88,1.89,Additional 50% Reduction,Mongolia,MNG,2021-05-03,v8,TRUE
2020-12-19,Reff,1.86,1.87,1.87,1.87,1.88,1.89,Additional 50% Reduction,Mongolia,MNG,2021-05-03,v8,TRUE
2020-12-19,deaths,0,0,0,0,0,0,Maintain Status Quo,Mongolia,MNG,2021-05-03,v8,TRUE
2020-12-19,hospital_demand,0.16,0.17,0.19,0.19,0.2,0.22,Maintain Status Quo,Mongolia,MNG,2021-05-03,v8,TRUE
2020-12-19,ICU_demand,0.06,0.06,0.07,0.07,0.07,0.08,Maintain Status Quo,Mongolia,MNG,2021-05-03,v8,TRUE
2020-12-19,infections,2.63,2.94,3.28,3.28,3.61,3.92,Maintain Status Quo,Mongolia,MNG,2021-05-03,v8,TRUE
2020-12-19,prevalence,18.24,20.36,22.71,22.71,25.06,27.17,Maintain Status Quo,Mongolia,MNG,2021-05-03,v8,TRUE
2020-12-19,cumulative_infections,39.43,42.41,45.73,45.73,49.05,52.04,Maintain Status Quo,Mongolia,MNG,2021-05-03,v8,TRUE
2020-12-19,cumulative_deaths,0.05,0.05,0.05,0.05,0.05,0.06,Maintain Status Quo,Mongolia,MNG,2021-05-03,v8,TRUE
2020-12-19,Rt,1.86,1.87,1.87,1.87,1.88,1.89,Maintain Status Quo,Mongolia,MNG,2021-05-03,v8,TRUE
2020-12-19,Reff,1.86,1.87,1.87,1.87,1.88,1.89,Maintain Status Quo,Mongolia,MNG,2021-05-03,v8,TRUE
2020-12-19,deaths,0,0,0,0,0,0,Relax Interventions 50%,Mongolia,MNG,2021-05-03,v8,TRUE
2020-12-19,hospital_demand,0.16,0.17,0.19,0.19,0.2,0.22,Relax Interventions 50%,Mongolia,MNG,2021-05-03,v8,TRUE
2020-12-19,ICU_demand,0.06,0.06,0.07,0.07,0.07,0.08,Relax Interventions 50%,Mongolia,MNG,2021-05-03,v8,TRUE
2020-12-19,infections,2.63,2.94,3.28,3.28,3.61,3.92,Relax Interventions 50%,Mongolia,MNG,2021-05-03,v8,TRUE
2020-12-19,prevalence,18.24,20.36,22.71,22.71,25.06,27.17,Relax Interventions 50%,Mongolia,MNG,2021-05-03,v8,TRUE
2020-12-19,cumulative_infections,39.43,42.41,45.73,45.73,49.05,52.04,Relax Interventions 50%,Mongolia,MNG,2021-05-03,v8,TRUE
2020-12-19,cumulative_deaths,0.05,0.05,0.05,0.05,0.05,0.06,Relax Interventions 50%,Mongolia,MNG,2021-05-03,v8,TRUE
2020-12-19,Rt,1.86,1.87,1.87,1.87,1.88,1.89,Relax Interventions 50%,Mongolia,MNG,2021-05-03,v8,TRUE
2020-12-19,Reff,1.86,1.87,1.87,1.87,1.88,1.89,Relax Interventions 50%,Mongolia,MNG,2021-05-03,v8,TRUE
2020-12-19,deaths,0,0,0,0,0,0,Surged Additional 50% Reduction,Mongolia,MNG,2021-05-03,v8,TRUE
2020-12-19,hospital_demand,0.16,0.17,0.19,0.19,0.2,0.22,Surged Additional 50% Reduction,Mongolia,MNG,2021-05-03,v8,TRUE
2020-12-19,ICU_demand,0.06,0.06,0.07,0.07,0.07,0.08,Surged Additional 50% Reduction,Mongolia,MNG,2021-05-03,v8,TRUE
2020-12-19,infections,2.63,2.94,3.28,3.28,3.61,3.92,Surged Additional 50% Reduction,Mongolia,MNG,2021-05-03,v8,TRUE
2020-12-19,prevalence,18.24,20.36,22.71,22.71,25.06,27.17,Surged Additional 50% Reduction,Mongolia,MNG,2021-05-03,v8,TRUE
2020-12-19,cumulative_infections,39.43,42.41,45.73,45.73,49.05,52.04,Surged Additional 50% Reduction,Mongolia,MNG,2021-05-03,v8,TRUE
2020-12-19,cumulative_deaths,0.05,0.05,0.05,0.05,0.05,0.06,Surged Additional 50% Reduction,Mongolia,MNG,2021-05-03,v8,TRUE
2020-12-19,Rt,1.86,1.87,1.87,1.87,1.88,1.89,Surged Additional 50% Reduction,Mongolia,MNG,2021-05-03,v8,TRUE
2020-12-19,Reff,1.86,1.87,1.87,1.87,1.88,1.89,Surged Additional 50% Reduction,Mongolia,MNG,2021-05-03,v8,TRUE
2020-12-19,deaths,0,0,0,0,0,0,Surged Maintain Status Quo,Mongolia,MNG,2021-05-03,v8,TRUE
2020-12-19,hospital_demand,0.16,0.17,0.19,0.19,0.2,0.22,Surged Maintain Status Quo,Mongolia,MNG,2021-05-03,v8,TRUE
2020-12-19,ICU_demand,0.06,0.06,0.07,0.07,0.07,0.08,Surged Maintain Status Quo,Mongolia,MNG,2021-05-03,v8,TRUE
2020-12-19,infections,2.63,2.94,3.28,3.28,3.61,3.92,Surged Maintain Status Quo,Mongolia,MNG,2021-05-03,v8,TRUE
2020-12-19,prevalence,18.24,20.36,22.71,22.71,25.06,27.17,Surged Maintain Status Quo,Mongolia,MNG,2021-05-03,v8,TRUE
2020-12-19,cumulative_infections,39.43,42.41,45.73,45.73,49.05,52.04,Surged Maintain Status Quo,Mongolia,MNG,2021-05-03,v8,TRUE
2020-12-19,cumulative_deaths,0.05,0.05,0.05,0.05,0.05,0.06,Surged Maintain Status Quo,Mongolia,MNG,2021-05-03,v8,TRUE
2020-12-19,Rt,1.86,1.87,1.87,1.87,1.88,1.89,Surged Maintain Status Quo,Mongolia,MNG,2021-05-03,v8,TRUE
2020-12-19,Reff,1.86,1.87,1.87,1.87,1.88,1.89,Surged Maintain Status Quo,Mongolia,MNG,2021-05-03,v8,TRUE
2020-12-19,deaths,0,0,0,0,0,0,Surged Relax Interventions 50%,Mongolia,MNG,2021-05-03,v8,TRUE
2020-12-19,hospital_demand,0.16,0.17,0.19,0.19,0.2,0.22,Surged Relax Interventions 50%,Mongolia,MNG,2021-05-03,v8,TRUE
2020-12-19,ICU_demand,0.06,0.06,0.07,0.07,0.07,0.08,Surged Relax Interventions 50%,Mongolia,MNG,2021-05-03,v8,TRUE
2020-12-19,infections,2.63,2.94,3.28,3.28,3.61,3.92,Surged Relax Interventions 50%,Mongolia,MNG,2021-05-03,v8,TRUE
2020-12-19,prevalence,18.24,20.36,22.71,22.71,25.06,27.17,Surged Relax Interventions 50%,Mongolia,MNG,2021-05-03,v8,TRUE
2020-12-19,cumulative_infections,39.43,42.41,45.73,45.73,49.05,52.04,Surged Relax Interventions 50%,Mongolia,MNG,2021-05-03,v8,TRUE
2020-12-19,cumulative_deaths,0.05,0.05,0.05,0.05,0.05,0.06,Surged Relax Interventions 50%,Mongolia,MNG,2021-05-03,v8,TRUE
2020-12-19,Rt,1.86,1.87,1.87,1.87,1.88,1.89,Surged Relax Interventions 50%,Mongolia,MNG,2021-05-03,v8,TRUE
2020-12-19,Reff,1.86,1.87,1.87,1.87,1.88,1.89,Surged Relax Interventions 50%,Mongolia,MNG,2021-05-03,v8,TRUE
2020-12-20,deaths,0,0,0,0,0,0,Additional 50% Reduction,Mongolia,MNG,2021-05-03,v8,TRUE
2020-12-20,hospital_demand,0.16,0.18,0.2,0.2,0.21,0.23,Additional 50% Reduction,Mongolia,MNG,2021-05-03,v8,TRUE
2020-12-20,ICU_demand,0.06,0.07,0.07,0.07,0.08,0.08,Additional 50% Reduction,Mongolia,MNG,2021-05-03,v8,TRUE
2020-12-20,infections,2.9,3.23,3.61,3.61,3.99,4.32,Additional 50% Reduction,Mongolia,MNG,2021-05-03,v8,TRUE
2020-12-20,prevalence,20.21,22.58,25.2,25.2,27.83,30.19,Additional 50% Reduction,Mongolia,MNG,2021-05-03,v8,TRUE
2020-12-20,cumulative_infections,42.32,45.65,49.34,49.34,53.04,56.36,Additional 50% Reduction,Mongolia,MNG,2021-05-03,v8,TRUE
2020-12-20,cumulative_deaths,0.05,0.05,0.06,0.06,0.06,0.06,Additional 50% Reduction,Mongolia,MNG,2021-05-03,v8,TRUE
2020-12-20,Rt,1.82,1.82,1.83,1.83,1.84,1.85,Additional 50% Reduction,Mongolia,MNG,2021-05-03,v8,TRUE
2020-12-20,Reff,1.82,1.82,1.83,1.83,1.84,1.85,Additional 50% Reduction,Mongolia,MNG,2021-05-03,v8,TRUE
2020-12-20,deaths,0,0,0,0,0,0,Maintain Status Quo,Mongolia,MNG,2021-05-03,v8,TRUE
2020-12-20,hospital_demand,0.16,0.18,0.2,0.2,0.21,0.23,Maintain Status Quo,Mongolia,MNG,2021-05-03,v8,TRUE
2020-12-20,ICU_demand,0.06,0.07,0.07,0.07,0.08,0.08,Maintain Status Quo,Mongolia,MNG,2021-05-03,v8,TRUE
2020-12-20,infections,2.9,3.23,3.61,3.61,3.99,4.32,Maintain Status Quo,Mongolia,MNG,2021-05-03,v8,TRUE
2020-12-20,prevalence,20.21,22.58,25.2,25.2,27.83,30.19,Maintain Status Quo,Mongolia,MNG,2021-05-03,v8,TRUE
2020-12-20,cumulative_infections,42.32,45.65,49.34,49.34,53.04,56.36,Maintain Status Quo,Mongolia,MNG,2021-05-03,v8,TRUE
2020-12-20,cumulative_deaths,0.05,0.05,0.06,0.06,0.06,0.06,Maintain Status Quo,Mongolia,MNG,2021-05-03,v8,TRUE
2020-12-20,Rt,1.82,1.82,1.83,1.83,1.84,1.85,Maintain Status Quo,Mongolia,MNG,2021-05-03,v8,TRUE
2020-12-20,Reff,1.82,1.82,1.83,1.83,1.84,1.85,Maintain Status Quo,Mongolia,MNG,2021-05-03,v8,TRUE
2020-12-20,deaths,0,0,0,0,0,0,Relax Interventions 50%,Mongolia,MNG,2021-05-03,v8,TRUE
2020-12-20,hospital_demand,0.16,0.18,0.2,0.2,0.21,0.23,Relax Interventions 50%,Mongolia,MNG,2021-05-03,v8,TRUE
2020-12-20,ICU_demand,0.06,0.07,0.07,0.07,0.08,0.08,Relax Interventions 50%,Mongolia,MNG,2021-05-03,v8,TRUE
2020-12-20,infections,2.9,3.23,3.61,3.61,3.99,4.32,Relax Interventions 50%,Mongolia,MNG,2021-05-03,v8,TRUE
2020-12-20,prevalence,20.21,22.58,25.2,25.2,27.83,30.19,Relax Interventions 50%,Mongolia,MNG,2021-05-03,v8,TRUE
2020-12-20,cumulative_infections,42.32,45.65,49.34,49.34,53.04,56.36,Relax Interventions 50%,Mongolia,MNG,2021-05-03,v8,TRUE
2020-12-20,cumulative_deaths,0.05,0.05,0.06,0.06,0.06,0.06,Relax Interventions 50%,Mongolia,MNG,2021-05-03,v8,TRUE
2020-12-20,Rt,1.82,1.82,1.83,1.83,1.84,1.85,Relax Interventions 50%,Mongolia,MNG,2021-05-03,v8,TRUE
2020-12-20,Reff,1.82,1.82,1.83,1.83,1.84,1.85,Relax Interventions 50%,Mongolia,MNG,2021-05-03,v8,TRUE
2020-12-20,deaths,0,0,0,0,0,0,Surged Additional 50% Reduction,Mongolia,MNG,2021-05-03,v8,TRUE
2020-12-20,hospital_demand,0.16,0.18,0.2,0.2,0.21,0.23,Surged Additional 50% Reduction,Mongolia,MNG,2021-05-03,v8,TRUE
2020-12-20,ICU_demand,0.06,0.07,0.07,0.07,0.08,0.08,Surged Additional 50% Reduction,Mongolia,MNG,2021-05-03,v8,TRUE
2020-12-20,infections,2.9,3.23,3.61,3.61,3.99,4.32,Surged Additional 50% Reduction,Mongolia,MNG,2021-05-03,v8,TRUE
2020-12-20,prevalence,20.21,22.58,25.2,25.2,27.83,30.19,Surged Additional 50% Reduction,Mongolia,MNG,2021-05-03,v8,TRUE
2020-12-20,cumulative_infections,42.32,45.65,49.34,49.34,53.04,56.36,Surged Additional 50% Reduction,Mongolia,MNG,2021-05-03,v8,TRUE
2020-12-20,cumulative_deaths,0.05,0.05,0.06,0.06,0.06,0.06,Surged Additional 50% Reduction,Mongolia,MNG,2021-05-03,v8,TRUE
2020-12-20,Rt,1.82,1.82,1.83,1.83,1.84,1.85,Surged Additional 50% Reduction,Mongolia,MNG,2021-05-03,v8,TRUE
2020-12-20,Reff,1.82,1.82,1.83,1.83,1.84,1.85,Surged Additional 50% Reduction,Mongolia,MNG,2021-05-03,v8,TRUE
2020-12-20,deaths,0,0,0,0,0,0,Surged Maintain Status Quo,Mongolia,MNG,2021-05-03,v8,TRUE
2020-12-20,hospital_demand,0.16,0.18,0.2,0.2,0.21,0.23,Surged Maintain Status Quo,Mongolia,MNG,2021-05-03,v8,TRUE
2020-12-20,ICU_demand,0.06,0.07,0.07,0.07,0.08,0.08,Surged Maintain Status Quo,Mongolia,MNG,2021-05-03,v8,TRUE
2020-12-20,infections,2.9,3.23,3.61,3.61,3.99,4.32,Surged Maintain Status Quo,Mongolia,MNG,2021-05-03,v8,TRUE
2020-12-20,prevalence,20.21,22.58,25.2,25.2,27.83,30.19,Surged Maintain Status Quo,Mongolia,MNG,2021-05-03,v8,TRUE
2020-12-20,cumulative_infections,42.32,45.65,49.34,49.34,53.04,56.36,Surged Maintain Status Quo,Mongolia,MNG,2021-05-03,v8,TRUE
2020-12-20,cumulative_deaths,0.05,0.05,0.06,0.06,0.06,0.06,Surged Maintain Status Quo,Mongolia,MNG,2021-05-03,v8,TRUE
2020-12-20,Rt,1.82,1.82,1.83,1.83,1.84,1.85,Surged Maintain Status Quo,Mongolia,MNG,2021-05-03,v8,TRUE
2020-12-20,Reff,1.82,1.82,1.83,1.83,1.84,1.85,Surged Maintain Status Quo,Mongolia,MNG,2021-05-03,v8,TRUE
2020-12-20,deaths,0,0,0,0,0,0,Surged Relax Interventions 50%,Mongolia,MNG,2021-05-03,v8,TRUE
2020-12-20,hospital_demand,0.16,0.18,0.2,0.2,0.21,0.23,Surged Relax Interventions 50%,Mongolia,MNG,2021-05-03,v8,TRUE
2020-12-20,ICU_demand,0.06,0.07,0.07,0.07,0.08,0.08,Surged Relax Interventions 50%,Mongolia,MNG,2021-05-03,v8,TRUE
2020-12-20,infections,2.9,3.23,3.61,3.61,3.99,4.32,Surged Relax Interventions 50%,Mongolia,MNG,2021-05-03,v8,TRUE
2020-12-20,prevalence,20.21,22.58,25.2,25.2,27.83,30.19,Surged Relax Interventions 50%,Mongolia,MNG,2021-05-03,v8,TRUE
2020-12-20,cumulative_infections,42.32,45.65,49.34,49.34,53.04,56.36,Surged Relax Interventions 50%,Mongolia,MNG,2021-05-03,v8,TRUE
2020-12-20,cumulative_deaths,0.05,0.05,0.06,0.06,0.06,0.06,Surged Relax Interventions 50%,Mongolia,MNG,2021-05-03,v8,TRUE
2020-12-20,Rt,1.82,1.82,1.83,1.83,1.84,1.85,Surged Relax Interventions 50%,Mongolia,MNG,2021-05-03,v8,TRUE
2020-12-20,Reff,1.82,1.82,1.83,1.83,1.84,1.85,Surged Relax Interventions 50%,Mongolia,MNG,2021-05-03,v8,TRUE
2020-12-21,deaths,0,0,0,0,0,0.01,Additional 50% Reduction,Mongolia,MNG,2021-05-03,v8,TRUE
2020-12-21,hospital_demand,0.17,0.19,0.21,0.21,0.23,0.25,Additional 50% Reduction,Mongolia,MNG,2021-05-03,v8,TRUE
2020-12-21,ICU_demand,0.06,0.07,0.08,0.08,0.08,0.09,Additional 50% Reduction,Mongolia,MNG,2021-05-03,v8,TRUE
2020-12-21,infections,3.2,3.58,4,4,4.42,4.79,Additional 50% Reduction,Mongolia,MNG,2021-05-03,v8,TRUE
2020-12-21,prevalence,22.28,24.92,27.85,27.85,30.78,33.42,Additional 50% Reduction,Mongolia,MNG,2021-05-03,v8,TRUE
2020-12-21,cumulative_infections,45.52,49.22,53.34,53.34,57.45,61.15,Additional 50% Reduction,Mongolia,MNG,2021-05-03,v8,TRUE
2020-12-21,cumulative_deaths,0.05,0.06,0.06,0.06,0.06,0.07,Additional 50% Reduction,Mongolia,MNG,2021-05-03,v8,TRUE
2020-12-21,Rt,1.96,1.96,1.97,1.97,1.97,1.98,Additional 50% Reduction,Mongolia,MNG,2021-05-03,v8,TRUE
2020-12-21,Reff,1.96,1.96,1.97,1.97,1.97,1.98,Additional 50% Reduction,Mongolia,MNG,2021-05-03,v8,TRUE
2020-12-21,deaths,0,0,0,0,0,0.01,Maintain Status Quo,Mongolia,MNG,2021-05-03,v8,TRUE
2020-12-21,hospital_demand,0.17,0.19,0.21,0.21,0.23,0.25,Maintain Status Quo,Mongolia,MNG,2021-05-03,v8,TRUE
2020-12-21,ICU_demand,0.06,0.07,0.08,0.08,0.08,0.09,Maintain Status Quo,Mongolia,MNG,2021-05-03,v8,TRUE
2020-12-21,infections,3.2,3.58,4,4,4.42,4.79,Maintain Status Quo,Mongolia,MNG,2021-05-03,v8,TRUE
2020-12-21,prevalence,22.28,24.92,27.85,27.85,30.78,33.42,Maintain Status Quo,Mongolia,MNG,2021-05-03,v8,TRUE
2020-12-21,cumulative_infections,45.52,49.22,53.34,53.34,57.45,61.15,Maintain Status Quo,Mongolia,MNG,2021-05-03,v8,TRUE
2020-12-21,cumulative_deaths,0.05,0.06,0.06,0.06,0.06,0.07,Maintain Status Quo,Mongolia,MNG,2021-05-03,v8,TRUE
2020-12-21,Rt,1.96,1.96,1.97,1.97,1.97,1.98,Maintain Status Quo,Mongolia,MNG,2021-05-03,v8,TRUE
2020-12-21,Reff,1.96,1.96,1.97,1.97,1.97,1.98,Maintain Status Quo,Mongolia,MNG,2021-05-03,v8,TRUE
2020-12-21,deaths,0,0,0,0,0,0.01,Relax Interventions 50%,Mongolia,MNG,2021-05-03,v8,TRUE
2020-12-21,hospital_demand,0.17,0.19,0.21,0.21,0.23,0.25,Relax Interventions 50%,Mongolia,MNG,2021-05-03,v8,TRUE
2020-12-21,ICU_demand,0.06,0.07,0.08,0.08,0.08,0.09,Relax Interventions 50%,Mongolia,MNG,2021-05-03,v8,TRUE
2020-12-21,infections,3.2,3.58,4,4,4.42,4.79,Relax Interventions 50%,Mongolia,MNG,2021-05-03,v8,TRUE
2020-12-21,prevalence,22.28,24.92,27.85,27.85,30.78,33.42,Relax Interventions 50%,Mongolia,MNG,2021-05-03,v8,TRUE
2020-12-21,cumulative_infections,45.52,49.22,53.34,53.34,57.45,61.15,Relax Interventions 50%,Mongolia,MNG,2021-05-03,v8,TRUE
2020-12-21,cumulative_deaths,0.05,0.06,0.06,0.06,0.06,0.07,Relax Interventions 50%,Mongolia,MNG,2021-05-03,v8,TRUE
2020-12-21,Rt,1.96,1.96,1.97,1.97,1.97,1.98,Relax Interventions 50%,Mongolia,MNG,2021-05-03,v8,TRUE
2020-12-21,Reff,1.96,1.96,1.97,1.97,1.97,1.98,Relax Interventions 50%,Mongolia,MNG,2021-05-03,v8,TRUE
2020-12-21,deaths,0,0,0,0,0,0.01,Surged Additional 50% Reduction,Mongolia,MNG,2021-05-03,v8,TRUE
2020-12-21,hospital_demand,0.17,0.19,0.21,0.21,0.23,0.25,Surged Additional 50% Reduction,Mongolia,MNG,2021-05-03,v8,TRUE
2020-12-21,ICU_demand,0.06,0.07,0.08,0.08,0.08,0.09,Surged Additional 50% Reduction,Mongolia,MNG,2021-05-03,v8,TRUE
2020-12-21,infections,3.2,3.58,4,4,4.42,4.79,Surged Additional 50% Reduction,Mongolia,MNG,2021-05-03,v8,TRUE
2020-12-21,prevalence,22.28,24.92,27.85,27.85,30.78,33.42,Surged Additional 50% Reduction,Mongolia,MNG,2021-05-03,v8,TRUE
2020-12-21,cumulative_infections,45.52,49.22,53.34,53.34,57.45,61.15,Surged Additional 50% Reduction,Mongolia,MNG,2021-05-03,v8,TRUE
2020-12-21,cumulative_deaths,0.05,0.06,0.06,0.06,0.06,0.07,Surged Additional 50% Reduction,Mongolia,MNG,2021-05-03,v8,TRUE
2020-12-21,Rt,1.96,1.96,1.97,1.97,1.97,1.98,Surged Additional 50% Reduction,Mongolia,MNG,2021-05-03,v8,TRUE
2020-12-21,Reff,1.96,1.96,1.97,1.97,1.97,1.98,Surged Additional 50% Reduction,Mongolia,MNG,2021-05-03,v8,TRUE
2020-12-21,deaths,0,0,0,0,0,0.01,Surged Maintain Status Quo,Mongolia,MNG,2021-05-03,v8,TRUE
2020-12-21,hospital_demand,0.17,0.19,0.21,0.21,0.23,0.25,Surged Maintain Status Quo,Mongolia,MNG,2021-05-03,v8,TRUE
2020-12-21,ICU_demand,0.06,0.07,0.08,0.08,0.08,0.09,Surged Maintain Status Quo,Mongolia,MNG,2021-05-03,v8,TRUE
2020-12-21,infections,3.2,3.58,4,4,4.42,4.79,Surged Maintain Status Quo,Mongolia,MNG,2021-05-03,v8,TRUE
2020-12-21,prevalence,22.28,24.92,27.85,27.85,30.78,33.42,Surged Maintain Status Quo,Mongolia,MNG,2021-05-03,v8,TRUE
2020-12-21,cumulative_infections,45.52,49.22,53.34,53.34,57.45,61.15,Surged Maintain Status Quo,Mongolia,MNG,2021-05-03,v8,TRUE
2020-12-21,cumulative_deaths,0.05,0.06,0.06,0.06,0.06,0.07,Surged Maintain Status Quo,Mongolia,MNG,2021-05-03,v8,TRUE
2020-12-21,Rt,1.96,1.96,1.97,1.97,1.97,1.98,Surged Maintain Status Quo,Mongolia,MNG,2021-05-03,v8,TRUE
2020-12-21,Reff,1.96,1.96,1.97,1.97,1.97,1.98,Surged Maintain Status Quo,Mongolia,MNG,2021-05-03,v8,TRUE
2020-12-21,deaths,0,0,0,0,0,0.01,Surged Relax Interventions 50%,Mongolia,MNG,2021-05-03,v8,TRUE
2020-12-21,hospital_demand,0.17,0.19,0.21,0.21,0.23,0.25,Surged Relax Interventions 50%,Mongolia,MNG,2021-05-03,v8,TRUE
2020-12-21,ICU_demand,0.06,0.07,0.08,0.08,0.08,0.09,Surged Relax Interventions 50%,Mongolia,MNG,2021-05-03,v8,TRUE
2020-12-21,infections,3.2,3.58,4,4,4.42,4.79,Surged Relax Interventions 50%,Mongolia,MNG,2021-05-03,v8,TRUE
2020-12-21,prevalence,22.28,24.92,27.85,27.85,30.78,33.42,Surged Relax Interventions 50%,Mongolia,MNG,2021-05-03,v8,TRUE
2020-12-21,cumulative_infections,45.52,49.22,53.34,53.34,57.45,61.15,Surged Relax Interventions 50%,Mongolia,MNG,2021-05-03,v8,TRUE
2020-12-21,cumulative_deaths,0.05,0.06,0.06,0.06,0.06,0.07,Surged Relax Interventions 50%,Mongolia,MNG,2021-05-03,v8,TRUE
2020-12-21,Rt,1.96,1.96,1.97,1.97,1.97,1.98,Surged Relax Interventions 50%,Mongolia,MNG,2021-05-03,v8,TRUE
2020-12-21,Reff,1.96,1.96,1.97,1.97,1.97,1.98,Surged Relax Interventions 50%,Mongolia,MNG,2021-05-03,v8,TRUE
2020-12-22,deaths,0,0,0,0,0.01,0.01,Additional 50% Reduction,Mongolia,MNG,2021-05-03,v8,TRUE
2020-12-22,hospital_demand,0.19,0.2,0.23,0.23,0.25,0.26,Additional 50% Reduction,Mongolia,MNG,2021-05-03,v8,TRUE
2020-12-22,ICU_demand,0.07,0.07,0.08,0.08,0.09,0.09,Additional 50% Reduction,Mongolia,MNG,2021-05-03,v8,TRUE
2020-12-22,infections,3.55,3.98,4.45,4.45,4.92,5.35,Additional 50% Reduction,Mongolia,MNG,2021-05-03,v8,TRUE
2020-12-22,prevalence,24.95,27.91,31.2,31.2,34.5,37.46,Additional 50% Reduction,Mongolia,MNG,2021-05-03,v8,TRUE
2020-12-22,cumulative_infections,49.07,53.2,57.79,57.79,62.37,66.5,Additional 50% Reduction,Mongolia,MNG,2021-05-03,v8,TRUE
2020-12-22,cumulative_deaths,0.06,0.06,0.06,0.06,0.07,0.07,Additional 50% Reduction,Mongolia,MNG,2021-05-03,v8,TRUE
2020-12-22,Rt,1.89,1.93,1.98,1.98,2.02,2.06,Additional 50% Reduction,Mongolia,MNG,2021-05-03,v8,TRUE
2020-12-22,Reff,1.89,1.93,1.98,1.98,2.02,2.06,Additional 50% Reduction,Mongolia,MNG,2021-05-03,v8,TRUE
2020-12-22,deaths,0,0,0,0,0.01,0.01,Maintain Status Quo,Mongolia,MNG,2021-05-03,v8,TRUE
2020-12-22,hospital_demand,0.19,0.2,0.23,0.23,0.25,0.26,Maintain Status Quo,Mongolia,MNG,2021-05-03,v8,TRUE
2020-12-22,ICU_demand,0.07,0.07,0.08,0.08,0.09,0.09,Maintain Status Quo,Mongolia,MNG,2021-05-03,v8,TRUE
2020-12-22,infections,3.55,3.98,4.45,4.45,4.92,5.35,Maintain Status Quo,Mongolia,MNG,2021-05-03,v8,TRUE
2020-12-22,prevalence,24.95,27.91,31.2,31.2,34.5,37.46,Maintain Status Quo,Mongolia,MNG,2021-05-03,v8,TRUE
2020-12-22,cumulative_infections,49.07,53.2,57.79,57.79,62.37,66.5,Maintain Status Quo,Mongolia,MNG,2021-05-03,v8,TRUE
2020-12-22,cumulative_deaths,0.06,0.06,0.06,0.06,0.07,0.07,Maintain Status Quo,Mongolia,MNG,2021-05-03,v8,TRUE
2020-12-22,Rt,1.89,1.93,1.98,1.98,2.02,2.06,Maintain Status Quo,Mongolia,MNG,2021-05-03,v8,TRUE
2020-12-22,Reff,1.89,1.93,1.98,1.98,2.02,2.06,Maintain Status Quo,Mongolia,MNG,2021-05-03,v8,TRUE
2020-12-22,deaths,0,0,0,0,0.01,0.01,Relax Interventions 50%,Mongolia,MNG,2021-05-03,v8,TRUE
2020-12-22,hospital_demand,0.19,0.2,0.23,0.23,0.25,0.26,Relax Interventions 50%,Mongolia,MNG,2021-05-03,v8,TRUE
2020-12-22,ICU_demand,0.07,0.07,0.08,0.08,0.09,0.09,Relax Interventions 50%,Mongolia,MNG,2021-05-03,v8,TRUE
2020-12-22,infections,3.55,3.98,4.45,4.45,4.92,5.35,Relax Interventions 50%,Mongolia,MNG,2021-05-03,v8,TRUE
2020-12-22,prevalence,24.95,27.91,31.2,31.2,34.5,37.46,Relax Interventions 50%,Mongolia,MNG,2021-05-03,v8,TRUE
2020-12-22,cumulative_infections,49.07,53.2,57.79,57.79,62.37,66.5,Relax Interventions 50%,Mongolia,MNG,2021-05-03,v8,TRUE
2020-12-22,cumulative_deaths,0.06,0.06,0.06,0.06,0.07,0.07,Relax Interventions 50%,Mongolia,MNG,2021-05-03,v8,TRUE
2020-12-22,Rt,1.89,1.93,1.98,1.98,2.02,2.06,Relax Interventions 50%,Mongolia,MNG,2021-05-03,v8,TRUE
2020-12-22,Reff,1.89,1.93,1.98,1.98,2.02,2.06,Relax Interventions 50%,Mongolia,MNG,2021-05-03,v8,TRUE
2020-12-22,deaths,0,0,0,0,0.01,0.01,Surged Additional 50% Reduction,Mongolia,MNG,2021-05-03,v8,TRUE
2020-12-22,hospital_demand,0.19,0.2,0.23,0.23,0.25,0.26,Surged Additional 50% Reduction,Mongolia,MNG,2021-05-03,v8,TRUE
2020-12-22,ICU_demand,0.07,0.07,0.08,0.08,0.09,0.09,Surged Additional 50% Reduction,Mongolia,MNG,2021-05-03,v8,TRUE
2020-12-22,infections,3.55,3.98,4.45,4.45,4.92,5.35,Surged Additional 50% Reduction,Mongolia,MNG,2021-05-03,v8,TRUE
2020-12-22,prevalence,24.95,27.91,31.2,31.2,34.5,37.46,Surged Additional 50% Reduction,Mongolia,MNG,2021-05-03,v8,TRUE
2020-12-22,cumulative_infections,49.07,53.2,57.79,57.79,62.37,66.5,Surged Additional 50% Reduction,Mongolia,MNG,2021-05-03,v8,TRUE
2020-12-22,cumulative_deaths,0.06,0.06,0.06,0.06,0.07,0.07,Surged Additional 50% Reduction,Mongolia,MNG,2021-05-03,v8,TRUE
2020-12-22,Rt,1.89,1.93,1.98,1.98,2.02,2.06,Surged Additional 50% Reduction,Mongolia,MNG,2021-05-03,v8,TRUE
2020-12-22,Reff,1.89,1.93,1.98,1.98,2.02,2.06,Surged Additional 50% Reduction,Mongolia,MNG,2021-05-03,v8,TRUE
2020-12-22,deaths,0,0,0,0,0.01,0.01,Surged Maintain Status Quo,Mongolia,MNG,2021-05-03,v8,TRUE
2020-12-22,hospital_demand,0.19,0.2,0.23,0.23,0.25,0.26,Surged Maintain Status Quo,Mongolia,MNG,2021-05-03,v8,TRUE
2020-12-22,ICU_demand,0.07,0.07,0.08,0.08,0.09,0.09,Surged Maintain Status Quo,Mongolia,MNG,2021-05-03,v8,TRUE
2020-12-22,infections,3.55,3.98,4.45,4.45,4.92,5.35,Surged Maintain Status Quo,Mongolia,MNG,2021-05-03,v8,TRUE
2020-12-22,prevalence,24.95,27.91,31.2,31.2,34.5,37.46,Surged Maintain Status Quo,Mongolia,MNG,2021-05-03,v8,TRUE
2020-12-22,cumulative_infections,49.07,53.2,57.79,57.79,62.37,66.5,Surged Maintain Status Quo,Mongolia,MNG,2021-05-03,v8,TRUE
2020-12-22,cumulative_deaths,0.06,0.06,0.06,0.06,0.07,0.07,Surged Maintain Status Quo,Mongolia,MNG,2021-05-03,v8,TRUE
2020-12-22,Rt,1.89,1.93,1.98,1.98,2.02,2.06,Surged Maintain Status Quo,Mongolia,MNG,2021-05-03,v8,TRUE
2020-12-22,Reff,1.89,1.93,1.98,1.98,2.02,2.06,Surged Maintain Status Quo,Mongolia,MNG,2021-05-03,v8,TRUE
2020-12-22,deaths,0,0,0,0,0.01,0.01,Surged Relax Interventions 50%,Mongolia,MNG,2021-05-03,v8,TRUE
2020-12-22,hospital_demand,0.19,0.2,0.23,0.23,0.25,0.26,Surged Relax Interventions 50%,Mongolia,MNG,2021-05-03,v8,TRUE
2020-12-22,ICU_demand,0.07,0.07,0.08,0.08,0.09,0.09,Surged Relax Interventions 50%,Mongolia,MNG,2021-05-03,v8,TRUE
2020-12-22,infections,3.55,3.98,4.45,4.45,4.92,5.35,Surged Relax Interventions 50%,Mongolia,MNG,2021-05-03,v8,TRUE
2020-12-22,prevalence,24.95,27.91,31.2,31.2,34.5,37.46,Surged Relax Interventions 50%,Mongolia,MNG,2021-05-03,v8,TRUE
2020-12-22,cumulative_infections,49.07,53.2,57.79,57.79,62.37,66.5,Surged Relax Interventions 50%,Mongolia,MNG,2021-05-03,v8,TRUE
2020-12-22,cumulative_deaths,0.06,0.06,0.06,0.06,0.07,0.07,Surged Relax Interventions 50%,Mongolia,MNG,2021-05-03,v8,TRUE
2020-12-22,Rt,1.89,1.93,1.98,1.98,2.02,2.06,Surged Relax Interventions 50%,Mongolia,MNG,2021-05-03,v8,TRUE
2020-12-22,Reff,1.89,1.93,1.98,1.98,2.02,2.06,Surged Relax Interventions 50%,Mongolia,MNG,2021-05-03,v8,TRUE
2020-12-23,deaths,0,0,0.01,0.01,0.01,0.01,Additional 50% Reduction,Mongolia,MNG,2021-05-03,v8,TRUE
2020-12-23,hospital_demand,0.2,0.22,0.24,0.24,0.27,0.29,Additional 50% Reduction,Mongolia,MNG,2021-05-03,v8,TRUE
2020-12-23,ICU_demand,0.07,0.08,0.09,0.09,0.09,0.1,Additional 50% Reduction,Mongolia,MNG,2021-05-03,v8,TRUE
2020-12-23,infections,4,4.47,4.98,4.98,5.5,5.96,Additional 50% Reduction,Mongolia,MNG,2021-05-03,v8,TRUE
2020-12-23,prevalence,28.22,31.38,34.9,34.9,38.41,41.58,Additional 50% Reduction,Mongolia,MNG,2021-05-03,v8,TRUE
2020-12-23,cumulative_infections,53.08,57.67,62.77,62.77,67.87,72.46,Additional 50% Reduction,Mongolia,MNG,2021-05-03,v8,TRUE
2020-12-23,cumulative_deaths,0.06,0.07,0.07,0.07,0.07,0.08,Additional 50% Reduction,Mongolia,MNG,2021-05-03,v8,TRUE
2020-12-23,Rt,0.96,0.96,0.97,0.97,0.98,0.99,Additional 50% Reduction,Mongolia,MNG,2021-05-03,v8,TRUE
2020-12-23,Reff,0.96,0.96,0.97,0.97,0.98,0.99,Additional 50% Reduction,Mongolia,MNG,2021-05-03,v8,TRUE
2020-12-23,deaths,0,0,0.01,0.01,0.01,0.01,Maintain Status Quo,Mongolia,MNG,2021-05-03,v8,TRUE
2020-12-23,hospital_demand,0.2,0.22,0.24,0.24,0.27,0.29,Maintain Status Quo,Mongolia,MNG,2021-05-03,v8,TRUE
2020-12-23,ICU_demand,0.07,0.08,0.09,0.09,0.09,0.1,Maintain Status Quo,Mongolia,MNG,2021-05-03,v8,TRUE
2020-12-23,infections,4,4.47,4.98,4.98,5.5,5.96,Maintain Status Quo,Mongolia,MNG,2021-05-03,v8,TRUE
2020-12-23,prevalence,28.22,31.38,34.9,34.9,38.41,41.58,Maintain Status Quo,Mongolia,MNG,2021-05-03,v8,TRUE
2020-12-23,cumulative_infections,53.08,57.67,62.77,62.77,67.87,72.46,Maintain Status Quo,Mongolia,MNG,2021-05-03,v8,TRUE
2020-12-23,cumulative_deaths,0.06,0.07,0.07,0.07,0.07,0.08,Maintain Status Quo,Mongolia,MNG,2021-05-03,v8,TRUE
2020-12-23,Rt,0.96,0.96,0.97,0.97,0.98,0.99,Maintain Status Quo,Mongolia,MNG,2021-05-03,v8,TRUE
2020-12-23,Reff,0.96,0.96,0.97,0.97,0.98,0.99,Maintain Status Quo,Mongolia,MNG,2021-05-03,v8,TRUE
2020-12-23,deaths,0,0,0.01,0.01,0.01,0.01,Relax Interventions 50%,Mongolia,MNG,2021-05-03,v8,TRUE
2020-12-23,hospital_demand,0.2,0.22,0.24,0.24,0.27,0.29,Relax Interventions 50%,Mongolia,MNG,2021-05-03,v8,TRUE
2020-12-23,ICU_demand,0.07,0.08,0.09,0.09,0.09,0.1,Relax Interventions 50%,Mongolia,MNG,2021-05-03,v8,TRUE
2020-12-23,infections,4,4.47,4.98,4.98,5.5,5.96,Relax Interventions 50%,Mongolia,MNG,2021-05-03,v8,TRUE
2020-12-23,prevalence,28.22,31.38,34.9,34.9,38.41,41.58,Relax Interventions 50%,Mongolia,MNG,2021-05-03,v8,TRUE
2020-12-23,cumulative_infections,53.08,57.67,62.77,62.77,67.87,72.46,Relax Interventions 50%,Mongolia,MNG,2021-05-03,v8,TRUE
2020-12-23,cumulative_deaths,0.06,0.07,0.07,0.07,0.07,0.08,Relax Interventions 50%,Mongolia,MNG,2021-05-03,v8,TRUE
2020-12-23,Rt,0.96,0.96,0.97,0.97,0.98,0.99,Relax Interventions 50%,Mongolia,MNG,2021-05-03,v8,TRUE
2020-12-23,Reff,0.96,0.96,0.97,0.97,0.98,0.99,Relax Interventions 50%,Mongolia,MNG,2021-05-03,v8,TRUE
2020-12-23,deaths,0,0,0.01,0.01,0.01,0.01,Surged Additional 50% Reduction,Mongolia,MNG,2021-05-03,v8,TRUE
2020-12-23,hospital_demand,0.2,0.22,0.24,0.24,0.27,0.29,Surged Additional 50% Reduction,Mongolia,MNG,2021-05-03,v8,TRUE
2020-12-23,ICU_demand,0.07,0.08,0.09,0.09,0.09,0.1,Surged Additional 50% Reduction,Mongolia,MNG,2021-05-03,v8,TRUE
2020-12-23,infections,4,4.47,4.98,4.98,5.5,5.96,Surged Additional 50% Reduction,Mongolia,MNG,2021-05-03,v8,TRUE
2020-12-23,prevalence,28.22,31.38,34.9,34.9,38.41,41.58,Surged Additional 50% Reduction,Mongolia,MNG,2021-05-03,v8,TRUE
2020-12-23,cumulative_infections,53.08,57.67,62.77,62.77,67.87,72.46,Surged Additional 50% Reduction,Mongolia,MNG,2021-05-03,v8,TRUE
2020-12-23,cumulative_deaths,0.06,0.07,0.07,0.07,0.07,0.08,Surged Additional 50% Reduction,Mongolia,MNG,2021-05-03,v8,TRUE
2020-12-23,Rt,0.96,0.96,0.97,0.97,0.98,0.99,Surged Additional 50% Reduction,Mongolia,MNG,2021-05-03,v8,TRUE
2020-12-23,Reff,0.96,0.96,0.97,0.97,0.98,0.99,Surged Additional 50% Reduction,Mongolia,MNG,2021-05-03,v8,TRUE
2020-12-23,deaths,0,0,0.01,0.01,0.01,0.01,Surged Maintain Status Quo,Mongolia,MNG,2021-05-03,v8,TRUE
2020-12-23,hospital_demand,0.2,0.22,0.24,0.24,0.27,0.29,Surged Maintain Status Quo,Mongolia,MNG,2021-05-03,v8,TRUE
2020-12-23,ICU_demand,0.07,0.08,0.09,0.09,0.09,0.1,Surged Maintain Status Quo,Mongolia,MNG,2021-05-03,v8,TRUE
2020-12-23,infections,4,4.47,4.98,4.98,5.5,5.96,Surged Maintain Status Quo,Mongolia,MNG,2021-05-03,v8,TRUE
2020-12-23,prevalence,28.22,31.38,34.9,34.9,38.41,41.58,Surged Maintain Status Quo,Mongolia,MNG,2021-05-03,v8,TRUE
2020-12-23,cumulative_infections,53.08,57.67,62.77,62.77,67.87,72.46,Surged Maintain Status Quo,Mongolia,MNG,2021-05-03,v8,TRUE
2020-12-23,cumulative_deaths,0.06,0.07,0.07,0.07,0.07,0.08,Surged Maintain Status Quo,Mongolia,MNG,2021-05-03,v8,TRUE
2020-12-23,Rt,0.96,0.96,0.97,0.97,0.98,0.99,Surged Maintain Status Quo,Mongolia,MNG,2021-05-03,v8,TRUE
2020-12-23,Reff,0.96,0.96,0.97,0.97,0.98,0.99,Surged Maintain Status Quo,Mongolia,MNG,2021-05-03,v8,TRUE
2020-12-23,deaths,0,0,0.01,0.01,0.01,0.01,Surged Relax Interventions 50%,Mongolia,MNG,2021-05-03,v8,TRUE
2020-12-23,hospital_demand,0.2,0.22,0.24,0.24,0.27,0.29,Surged Relax Interventions 50%,Mongolia,MNG,2021-05-03,v8,TRUE
2020-12-23,ICU_demand,0.07,0.08,0.09,0.09,0.09,0.1,Surged Relax Interventions 50%,Mongolia,MNG,2021-05-03,v8,TRUE
2020-12-23,infections,4,4.47,4.98,4.98,5.5,5.96,Surged Relax Interventions 50%,Mongolia,MNG,2021-05-03,v8,TRUE
2020-12-23,prevalence,28.22,31.38,34.9,34.9,38.41,41.58,Surged Relax Interventions 50%,Mongolia,MNG,2021-05-03,v8,TRUE
2020-12-23,cumulative_infections,53.08,57.67,62.77,62.77,67.87,72.46,Surged Relax Interventions 50%,Mongolia,MNG,2021-05-03,v8,TRUE
2020-12-23,cumulative_deaths,0.06,0.07,0.07,0.07,0.07,0.08,Surged Relax Interventions 50%,Mongolia,MNG,2021-05-03,v8,TRUE
2020-12-23,Rt,0.96,0.96,0.97,0.97,0.98,0.99,Surged Relax Interventions 50%,Mongolia,MNG,2021-05-03,v8,TRUE
2020-12-23,Reff,0.96,0.96,0.97,0.97,0.98,0.99,Surged Relax Interventions 50%,Mongolia,MNG,2021-05-03,v8,TRUE
2020-12-24,deaths,0,0,0.01,0.01,0.01,0.01,Additional 50% Reduction,Mongolia,MNG,2021-05-03,v8,TRUE
2020-12-24,hospital_demand,0.22,0.24,0.26,0.26,0.29,0.31,Additional 50% Reduction,Mongolia,MNG,2021-05-03,v8,TRUE
2020-12-24,ICU_demand,0.08,0.08,0.09,0.09,0.1,0.11,Additional 50% Reduction,Mongolia,MNG,2021-05-03,v8,TRUE
2020-12-24,infections,4.27,4.75,5.28,5.28,5.82,6.3,Additional 50% Reduction,Mongolia,MNG,2021-05-03,v8,TRUE
2020-12-24,prevalence,28.22,31.34,34.81,34.81,38.27,41.39,Additional 50% Reduction,Mongolia,MNG,2021-05-03,v8,TRUE
2020-12-24,cumulative_infections,57.35,62.42,68.05,68.05,73.69,78.76,Additional 50% Reduction,Mongolia,MNG,2021-05-03,v8,TRUE
2020-12-24,cumulative_deaths,0.07,0.07,0.07,0.07,0.08,0.08,Additional 50% Reduction,Mongolia,MNG,2021-05-03,v8,TRUE
2020-12-24,Rt,0.97,0.97,0.98,0.98,0.99,1,Additional 50% Reduction,Mongolia,MNG,2021-05-03,v8,TRUE
2020-12-24,Reff,0.97,0.97,0.98,0.98,0.99,1,Additional 50% Reduction,Mongolia,MNG,2021-05-03,v8,TRUE
2020-12-24,deaths,0,0,0.01,0.01,0.01,0.01,Maintain Status Quo,Mongolia,MNG,2021-05-03,v8,TRUE
2020-12-24,hospital_demand,0.22,0.24,0.26,0.26,0.29,0.31,Maintain Status Quo,Mongolia,MNG,2021-05-03,v8,TRUE
2020-12-24,ICU_demand,0.08,0.08,0.09,0.09,0.1,0.11,Maintain Status Quo,Mongolia,MNG,2021-05-03,v8,TRUE
2020-12-24,infections,4.27,4.75,5.28,5.28,5.82,6.3,Maintain Status Quo,Mongolia,MNG,2021-05-03,v8,TRUE
2020-12-24,prevalence,28.22,31.34,34.81,34.81,38.27,41.39,Maintain Status Quo,Mongolia,MNG,2021-05-03,v8,TRUE
2020-12-24,cumulative_infections,57.35,62.42,68.05,68.05,73.69,78.76,Maintain Status Quo,Mongolia,MNG,2021-05-03,v8,TRUE
2020-12-24,cumulative_deaths,0.07,0.07,0.07,0.07,0.08,0.08,Maintain Status Quo,Mongolia,MNG,2021-05-03,v8,TRUE
2020-12-24,Rt,0.97,0.97,0.98,0.98,0.99,1,Maintain Status Quo,Mongolia,MNG,2021-05-03,v8,TRUE
2020-12-24,Reff,0.97,0.97,0.98,0.98,0.99,1,Maintain Status Quo,Mongolia,MNG,2021-05-03,v8,TRUE
2020-12-24,deaths,0,0,0.01,0.01,0.01,0.01,Relax Interventions 50%,Mongolia,MNG,2021-05-03,v8,TRUE
2020-12-24,hospital_demand,0.22,0.24,0.26,0.26,0.29,0.31,Relax Interventions 50%,Mongolia,MNG,2021-05-03,v8,TRUE
2020-12-24,ICU_demand,0.08,0.08,0.09,0.09,0.1,0.11,Relax Interventions 50%,Mongolia,MNG,2021-05-03,v8,TRUE
2020-12-24,infections,4.27,4.75,5.28,5.28,5.82,6.3,Relax Interventions 50%,Mongolia,MNG,2021-05-03,v8,TRUE
2020-12-24,prevalence,28.22,31.34,34.81,34.81,38.27,41.39,Relax Interventions 50%,Mongolia,MNG,2021-05-03,v8,TRUE
2020-12-24,cumulative_infections,57.35,62.42,68.05,68.05,73.69,78.76,Relax Interventions 50%,Mongolia,MNG,2021-05-03,v8,TRUE
2020-12-24,cumulative_deaths,0.07,0.07,0.07,0.07,0.08,0.08,Relax Interventions 50%,Mongolia,MNG,2021-05-03,v8,TRUE
2020-12-24,Rt,0.97,0.97,0.98,0.98,0.99,1,Relax Interventions 50%,Mongolia,MNG,2021-05-03,v8,TRUE
2020-12-24,Reff,0.97,0.97,0.98,0.98,0.99,1,Relax Interventions 50%,Mongolia,MNG,2021-05-03,v8,TRUE
2020-12-24,deaths,0,0,0.01,0.01,0.01,0.01,Surged Additional 50% Reduction,Mongolia,MNG,2021-05-03,v8,TRUE
2020-12-24,hospital_demand,0.22,0.24,0.26,0.26,0.29,0.31,Surged Additional 50% Reduction,Mongolia,MNG,2021-05-03,v8,TRUE
2020-12-24,ICU_demand,0.08,0.08,0.09,0.09,0.1,0.11,Surged Additional 50% Reduction,Mongolia,MNG,2021-05-03,v8,TRUE
2020-12-24,infections,4.27,4.75,5.28,5.28,5.82,6.3,Surged Additional 50% Reduction,Mongolia,MNG,2021-05-03,v8,TRUE
2020-12-24,prevalence,28.22,31.34,34.81,34.81,38.27,41.39,Surged Additional 50% Reduction,Mongolia,MNG,2021-05-03,v8,TRUE
2020-12-24,cumulative_infections,57.35,62.42,68.05,68.05,73.69,78.76,Surged Additional 50% Reduction,Mongolia,MNG,2021-05-03,v8,TRUE
2020-12-24,cumulative_deaths,0.07,0.07,0.07,0.07,0.08,0.08,Surged Additional 50% Reduction,Mongolia,MNG,2021-05-03,v8,TRUE
2020-12-24,Rt,0.97,0.97,0.98,0.98,0.99,1,Surged Additional 50% Reduction,Mongolia,MNG,2021-05-03,v8,TRUE
2020-12-24,Reff,0.97,0.97,0.98,0.98,0.99,1,Surged Additional 50% Reduction,Mongolia,MNG,2021-05-03,v8,TRUE
2020-12-24,deaths,0,0,0.01,0.01,0.01,0.01,Surged Maintain Status Quo,Mongolia,MNG,2021-05-03,v8,TRUE
2020-12-24,hospital_demand,0.22,0.24,0.26,0.26,0.29,0.31,Surged Maintain Status Quo,Mongolia,MNG,2021-05-03,v8,TRUE
2020-12-24,ICU_demand,0.08,0.08,0.09,0.09,0.1,0.11,Surged Maintain Status Quo,Mongolia,MNG,2021-05-03,v8,TRUE
2020-12-24,infections,4.27,4.75,5.28,5.28,5.82,6.3,Surged Maintain Status Quo,Mongolia,MNG,2021-05-03,v8,TRUE
2020-12-24,prevalence,28.22,31.34,34.81,34.81,38.27,41.39,Surged Maintain Status Quo,Mongolia,MNG,2021-05-03,v8,TRUE
2020-12-24,cumulative_infections,57.35,62.42,68.05,68.05,73.69,78.76,Surged Maintain Status Quo,Mongolia,MNG,2021-05-03,v8,TRUE
2020-12-24,cumulative_deaths,0.07,0.07,0.07,0.07,0.08,0.08,Surged Maintain Status Quo,Mongolia,MNG,2021-05-03,v8,TRUE
2020-12-24,Rt,0.97,0.97,0.98,0.98,0.99,1,Surged Maintain Status Quo,Mongolia,MNG,2021-05-03,v8,TRUE
2020-12-24,Reff,0.97,0.97,0.98,0.98,0.99,1,Surged Maintain Status Quo,Mongolia,MNG,2021-05-03,v8,TRUE
2020-12-24,deaths,0,0,0.01,0.01,0.01,0.01,Surged Relax Interventions 50%,Mongolia,MNG,2021-05-03,v8,TRUE
2020-12-24,hospital_demand,0.22,0.24,0.26,0.26,0.29,0.31,Surged Relax Interventions 50%,Mongolia,MNG,2021-05-03,v8,TRUE
2020-12-24,ICU_demand,0.08,0.08,0.09,0.09,0.1,0.11,Surged Relax Interventions 50%,Mongolia,MNG,2021-05-03,v8,TRUE
2020-12-24,infections,4.27,4.75,5.28,5.28,5.82,6.3,Surged Relax Interventions 50%,Mongolia,MNG,2021-05-03,v8,TRUE
2020-12-24,prevalence,28.22,31.34,34.81,34.81,38.27,41.39,Surged Relax Interventions 50%,Mongolia,MNG,2021-05-03,v8,TRUE
2020-12-24,cumulative_infections,57.35,62.42,68.05,68.05,73.69,78.76,Surged Relax Interventions 50%,Mongolia,MNG,2021-05-03,v8,TRUE
2020-12-24,cumulative_deaths,0.07,0.07,0.07,0.07,0.08,0.08,Surged Relax Interventions 50%,Mongolia,MNG,2021-05-03,v8,TRUE
2020-12-24,Rt,0.97,0.97,0.98,0.98,0.99,1,Surged Relax Interventions 50%,Mongolia,MNG,2021-05-03,v8,TRUE
2020-12-24,Reff,0.97,0.97,0.98,0.98,0.99,1,Surged Relax Interventions 50%,Mongolia,MNG,2021-05-03,v8,TRUE
2020-12-25,deaths,0,0.01,0.01,0.01,0.01,0.01,Additional 50% Reduction,Mongolia,MNG,2021-05-03,v8,TRUE
2020-12-25,hospital_demand,0.23,0.26,0.29,0.29,0.31,0.34,Additional 50% Reduction,Mongolia,MNG,2021-05-03,v8,TRUE
2020-12-25,ICU_demand,0.08,0.09,0.1,0.1,0.11,0.12,Additional 50% Reduction,Mongolia,MNG,2021-05-03,v8,TRUE
2020-12-25,infections,4.3,4.78,5.3,5.3,5.82,6.29,Additional 50% Reduction,Mongolia,MNG,2021-05-03,v8,TRUE
2020-12-25,prevalence,28.24,31.32,34.74,34.74,38.15,41.23,Additional 50% Reduction,Mongolia,MNG,2021-05-03,v8,TRUE
2020-12-25,cumulative_infections,61.65,67.19,73.35,73.35,79.51,85.05,Additional 50% Reduction,Mongolia,MNG,2021-05-03,v8,TRUE
2020-12-25,cumulative_deaths,0.07,0.08,0.08,0.08,0.09,0.09,Additional 50% Reduction,Mongolia,MNG,2021-05-03,v8,TRUE
2020-12-25,Rt,1,1.01,1.02,1.02,1.03,1.04,Additional 50% Reduction,Mongolia,MNG,2021-05-03,v8,TRUE
2020-12-25,Reff,1,1.01,1.02,1.02,1.03,1.04,Additional 50% Reduction,Mongolia,MNG,2021-05-03,v8,TRUE
2020-12-25,deaths,0,0.01,0.01,0.01,0.01,0.01,Maintain Status Quo,Mongolia,MNG,2021-05-03,v8,TRUE
2020-12-25,hospital_demand,0.23,0.26,0.29,0.29,0.31,0.34,Maintain Status Quo,Mongolia,MNG,2021-05-03,v8,TRUE
2020-12-25,ICU_demand,0.08,0.09,0.1,0.1,0.11,0.12,Maintain Status Quo,Mongolia,MNG,2021-05-03,v8,TRUE
2020-12-25,infections,4.3,4.78,5.3,5.3,5.82,6.29,Maintain Status Quo,Mongolia,MNG,2021-05-03,v8,TRUE
2020-12-25,prevalence,28.24,31.32,34.74,34.74,38.15,41.23,Maintain Status Quo,Mongolia,MNG,2021-05-03,v8,TRUE
2020-12-25,cumulative_infections,61.65,67.19,73.35,73.35,79.51,85.05,Maintain Status Quo,Mongolia,MNG,2021-05-03,v8,TRUE
2020-12-25,cumulative_deaths,0.07,0.08,0.08,0.08,0.09,0.09,Maintain Status Quo,Mongolia,MNG,2021-05-03,v8,TRUE
2020-12-25,Rt,1,1.01,1.02,1.02,1.03,1.04,Maintain Status Quo,Mongolia,MNG,2021-05-03,v8,TRUE
2020-12-25,Reff,1,1.01,1.02,1.02,1.03,1.04,Maintain Status Quo,Mongolia,MNG,2021-05-03,v8,TRUE
2020-12-25,deaths,0,0.01,0.01,0.01,0.01,0.01,Relax Interventions 50%,Mongolia,MNG,2021-05-03,v8,TRUE
2020-12-25,hospital_demand,0.23,0.26,0.29,0.29,0.31,0.34,Relax Interventions 50%,Mongolia,MNG,2021-05-03,v8,TRUE
2020-12-25,ICU_demand,0.08,0.09,0.1,0.1,0.11,0.12,Relax Interventions 50%,Mongolia,MNG,2021-05-03,v8,TRUE
2020-12-25,infections,4.3,4.78,5.3,5.3,5.82,6.29,Relax Interventions 50%,Mongolia,MNG,2021-05-03,v8,TRUE
2020-12-25,prevalence,28.24,31.32,34.74,34.74,38.15,41.23,Relax Interventions 50%,Mongolia,MNG,2021-05-03,v8,TRUE
2020-12-25,cumulative_infections,61.65,67.19,73.35,73.35,79.51,85.05,Relax Interventions 50%,Mongolia,MNG,2021-05-03,v8,TRUE
2020-12-25,cumulative_deaths,0.07,0.08,0.08,0.08,0.09,0.09,Relax Interventions 50%,Mongolia,MNG,2021-05-03,v8,TRUE
2020-12-25,Rt,1,1.01,1.02,1.02,1.03,1.04,Relax Interventions 50%,Mongolia,MNG,2021-05-03,v8,TRUE
2020-12-25,Reff,1,1.01,1.02,1.02,1.03,1.04,Relax Interventions 50%,Mongolia,MNG,2021-05-03,v8,TRUE
2020-12-25,deaths,0,0.01,0.01,0.01,0.01,0.01,Surged Additional 50% Reduction,Mongolia,MNG,2021-05-03,v8,TRUE
2020-12-25,hospital_demand,0.23,0.26,0.29,0.29,0.31,0.34,Surged Additional 50% Reduction,Mongolia,MNG,2021-05-03,v8,TRUE
2020-12-25,ICU_demand,0.08,0.09,0.1,0.1,0.11,0.12,Surged Additional 50% Reduction,Mongolia,MNG,2021-05-03,v8,TRUE
2020-12-25,infections,4.3,4.78,5.3,5.3,5.82,6.29,Surged Additional 50% Reduction,Mongolia,MNG,2021-05-03,v8,TRUE
2020-12-25,prevalence,28.24,31.32,34.74,34.74,38.15,41.23,Surged Additional 50% Reduction,Mongolia,MNG,2021-05-03,v8,TRUE
2020-12-25,cumulative_infections,61.65,67.19,73.35,73.35,79.51,85.05,Surged Additional 50% Reduction,Mongolia,MNG,2021-05-03,v8,TRUE
2020-12-25,cumulative_deaths,0.07,0.08,0.08,0.08,0.09,0.09,Surged Additional 50% Reduction,Mongolia,MNG,2021-05-03,v8,TRUE
2020-12-25,Rt,1,1.01,1.02,1.02,1.03,1.04,Surged Additional 50% Reduction,Mongolia,MNG,2021-05-03,v8,TRUE
2020-12-25,Reff,1,1.01,1.02,1.02,1.03,1.04,Surged Additional 50% Reduction,Mongolia,MNG,2021-05-03,v8,TRUE
2020-12-25,deaths,0,0.01,0.01,0.01,0.01,0.01,Surged Maintain Status Quo,Mongolia,MNG,2021-05-03,v8,TRUE
2020-12-25,hospital_demand,0.23,0.26,0.29,0.29,0.31,0.34,Surged Maintain Status Quo,Mongolia,MNG,2021-05-03,v8,TRUE
2020-12-25,ICU_demand,0.08,0.09,0.1,0.1,0.11,0.12,Surged Maintain Status Quo,Mongolia,MNG,2021-05-03,v8,TRUE
2020-12-25,infections,4.3,4.78,5.3,5.3,5.82,6.29,Surged Maintain Status Quo,Mongolia,MNG,2021-05-03,v8,TRUE
2020-12-25,prevalence,28.24,31.32,34.74,34.74,38.15,41.23,Surged Maintain Status Quo,Mongolia,MNG,2021-05-03,v8,TRUE
2020-12-25,cumulative_infections,61.65,67.19,73.35,73.35,79.51,85.05,Surged Maintain Status Quo,Mongolia,MNG,2021-05-03,v8,TRUE
2020-12-25,cumulative_deaths,0.07,0.08,0.08,0.08,0.09,0.09,Surged Maintain Status Quo,Mongolia,MNG,2021-05-03,v8,TRUE
2020-12-25,Rt,1,1.01,1.02,1.02,1.03,1.04,Surged Maintain Status Quo,Mongolia,MNG,2021-05-03,v8,TRUE
2020-12-25,Reff,1,1.01,1.02,1.02,1.03,1.04,Surged Maintain Status Quo,Mongolia,MNG,2021-05-03,v8,TRUE
2020-12-25,deaths,0,0.01,0.01,0.01,0.01,0.01,Surged Relax Interventions 50%,Mongolia,MNG,2021-05-03,v8,TRUE
2020-12-25,hospital_demand,0.23,0.26,0.29,0.29,0.31,0.34,Surged Relax Interventions 50%,Mongolia,MNG,2021-05-03,v8,TRUE
2020-12-25,ICU_demand,0.08,0.09,0.1,0.1,0.11,0.12,Surged Relax Interventions 50%,Mongolia,MNG,2021-05-03,v8,TRUE
2020-12-25,infections,4.3,4.78,5.3,5.3,5.82,6.29,Surged Relax Interventions 50%,Mongolia,MNG,2021-05-03,v8,TRUE
2020-12-25,prevalence,28.24,31.32,34.74,34.74,38.15,41.23,Surged Relax Interventions 50%,Mongolia,MNG,2021-05-03,v8,TRUE
2020-12-25,cumulative_infections,61.65,67.19,73.35,73.35,79.51,85.05,Surged Relax Interventions 50%,Mongolia,MNG,2021-05-03,v8,TRUE
2020-12-25,cumulative_deaths,0.07,0.08,0.08,0.08,0.09,0.09,Surged Relax Interventions 50%,Mongolia,MNG,2021-05-03,v8,TRUE
2020-12-25,Rt,1,1.01,1.02,1.02,1.03,1.04,Surged Relax Interventions 50%,Mongolia,MNG,2021-05-03,v8,TRUE
2020-12-25,Reff,1,1.01,1.02,1.02,1.03,1.04,Surged Relax Interventions 50%,Mongolia,MNG,2021-05-03,v8,TRUE
2020-12-26,deaths,0.01,0.01,0.01,0.01,0.01,0.01,Additional 50% Reduction,Mongolia,MNG,2021-05-03,v8,TRUE
2020-12-26,hospital_demand,0.25,0.28,0.31,0.31,0.34,0.37,Additional 50% Reduction,Mongolia,MNG,2021-05-03,v8,TRUE
2020-12-26,ICU_demand,0.09,0.1,0.11,0.11,0.12,0.13,Additional 50% Reduction,Mongolia,MNG,2021-05-03,v8,TRUE
2020-12-26,infections,4.27,4.73,5.24,5.24,5.75,6.21,Additional 50% Reduction,Mongolia,MNG,2021-05-03,v8,TRUE
2020-12-26,prevalence,28.44,31.47,34.85,34.85,38.22,41.26,Additional 50% Reduction,Mongolia,MNG,2021-05-03,v8,TRUE
2020-12-26,cumulative_infections,65.93,71.93,78.59,78.59,85.26,91.26,Additional 50% Reduction,Mongolia,MNG,2021-05-03,v8,TRUE
2020-12-26,cumulative_deaths,0.08,0.08,0.09,0.09,0.09,0.1,Additional 50% Reduction,Mongolia,MNG,2021-05-03,v8,TRUE
2020-12-26,Rt,1.09,1.1,1.12,1.12,1.13,1.14,Additional 50% Reduction,Mongolia,MNG,2021-05-03,v8,TRUE
2020-12-26,Reff,1.09,1.1,1.12,1.12,1.13,1.14,Additional 50% Reduction,Mongolia,MNG,2021-05-03,v8,TRUE
2020-12-26,deaths,0.01,0.01,0.01,0.01,0.01,0.01,Maintain Status Quo,Mongolia,MNG,2021-05-03,v8,TRUE
2020-12-26,hospital_demand,0.25,0.28,0.31,0.31,0.34,0.37,Maintain Status Quo,Mongolia,MNG,2021-05-03,v8,TRUE
2020-12-26,ICU_demand,0.09,0.1,0.11,0.11,0.12,0.13,Maintain Status Quo,Mongolia,MNG,2021-05-03,v8,TRUE
2020-12-26,infections,4.27,4.73,5.24,5.24,5.75,6.21,Maintain Status Quo,Mongolia,MNG,2021-05-03,v8,TRUE
2020-12-26,prevalence,28.44,31.47,34.85,34.85,38.22,41.26,Maintain Status Quo,Mongolia,MNG,2021-05-03,v8,TRUE
2020-12-26,cumulative_infections,65.93,71.93,78.59,78.59,85.26,91.26,Maintain Status Quo,Mongolia,MNG,2021-05-03,v8,TRUE
2020-12-26,cumulative_deaths,0.08,0.08,0.09,0.09,0.09,0.1,Maintain Status Quo,Mongolia,MNG,2021-05-03,v8,TRUE
2020-12-26,Rt,1.09,1.1,1.12,1.12,1.13,1.14,Maintain Status Quo,Mongolia,MNG,2021-05-03,v8,TRUE
2020-12-26,Reff,1.09,1.1,1.12,1.12,1.13,1.14,Maintain Status Quo,Mongolia,MNG,2021-05-03,v8,TRUE
2020-12-26,deaths,0.01,0.01,0.01,0.01,0.01,0.01,Relax Interventions 50%,Mongolia,MNG,2021-05-03,v8,TRUE
2020-12-26,hospital_demand,0.25,0.28,0.31,0.31,0.34,0.37,Relax Interventions 50%,Mongolia,MNG,2021-05-03,v8,TRUE
2020-12-26,ICU_demand,0.09,0.1,0.11,0.11,0.12,0.13,Relax Interventions 50%,Mongolia,MNG,2021-05-03,v8,TRUE
2020-12-26,infections,4.27,4.73,5.24,5.24,5.75,6.21,Relax Interventions 50%,Mongolia,MNG,2021-05-03,v8,TRUE
2020-12-26,prevalence,28.44,31.47,34.85,34.85,38.22,41.26,Relax Interventions 50%,Mongolia,MNG,2021-05-03,v8,TRUE
2020-12-26,cumulative_infections,65.93,71.93,78.59,78.59,85.26,91.26,Relax Interventions 50%,Mongolia,MNG,2021-05-03,v8,TRUE
2020-12-26,cumulative_deaths,0.08,0.08,0.09,0.09,0.09,0.1,Relax Interventions 50%,Mongolia,MNG,2021-05-03,v8,TRUE
2020-12-26,Rt,1.09,1.1,1.12,1.12,1.13,1.14,Relax Interventions 50%,Mongolia,MNG,2021-05-03,v8,TRUE
2020-12-26,Reff,1.09,1.1,1.12,1.12,1.13,1.14,Relax Interventions 50%,Mongolia,MNG,2021-05-03,v8,TRUE
2020-12-26,deaths,0.01,0.01,0.01,0.01,0.01,0.01,Surged Additional 50% Reduction,Mongolia,MNG,2021-05-03,v8,TRUE
2020-12-26,hospital_demand,0.25,0.28,0.31,0.31,0.34,0.37,Surged Additional 50% Reduction,Mongolia,MNG,2021-05-03,v8,TRUE
2020-12-26,ICU_demand,0.09,0.1,0.11,0.11,0.12,0.13,Surged Additional 50% Reduction,Mongolia,MNG,2021-05-03,v8,TRUE
2020-12-26,infections,4.27,4.73,5.24,5.24,5.75,6.21,Surged Additional 50% Reduction,Mongolia,MNG,2021-05-03,v8,TRUE
2020-12-26,prevalence,28.44,31.47,34.85,34.85,38.22,41.26,Surged Additional 50% Reduction,Mongolia,MNG,2021-05-03,v8,TRUE
2020-12-26,cumulative_infections,65.93,71.93,78.59,78.59,85.26,91.26,Surged Additional 50% Reduction,Mongolia,MNG,2021-05-03,v8,TRUE
2020-12-26,cumulative_deaths,0.08,0.08,0.09,0.09,0.09,0.1,Surged Additional 50% Reduction,Mongolia,MNG,2021-05-03,v8,TRUE
2020-12-26,Rt,1.09,1.1,1.12,1.12,1.13,1.14,Surged Additional 50% Reduction,Mongolia,MNG,2021-05-03,v8,TRUE
2020-12-26,Reff,1.09,1.1,1.12,1.12,1.13,1.14,Surged Additional 50% Reduction,Mongolia,MNG,2021-05-03,v8,TRUE
2020-12-26,deaths,0.01,0.01,0.01,0.01,0.01,0.01,Surged Maintain Status Quo,Mongolia,MNG,2021-05-03,v8,TRUE
2020-12-26,hospital_demand,0.25,0.28,0.31,0.31,0.34,0.37,Surged Maintain Status Quo,Mongolia,MNG,2021-05-03,v8,TRUE
2020-12-26,ICU_demand,0.09,0.1,0.11,0.11,0.12,0.13,Surged Maintain Status Quo,Mongolia,MNG,2021-05-03,v8,TRUE
2020-12-26,infections,4.27,4.73,5.24,5.24,5.75,6.21,Surged Maintain Status Quo,Mongolia,MNG,2021-05-03,v8,TRUE
2020-12-26,prevalence,28.44,31.47,34.85,34.85,38.22,41.26,Surged Maintain Status Quo,Mongolia,MNG,2021-05-03,v8,TRUE
2020-12-26,cumulative_infections,65.93,71.93,78.59,78.59,85.26,91.26,Surged Maintain Status Quo,Mongolia,MNG,2021-05-03,v8,TRUE
2020-12-26,cumulative_deaths,0.08,0.08,0.09,0.09,0.09,0.1,Surged Maintain Status Quo,Mongolia,MNG,2021-05-03,v8,TRUE
2020-12-26,Rt,1.09,1.1,1.12,1.12,1.13,1.14,Surged Maintain Status Quo,Mongolia,MNG,2021-05-03,v8,TRUE
2020-12-26,Reff,1.09,1.1,1.12,1.12,1.13,1.14,Surged Maintain Status Quo,Mongolia,MNG,2021-05-03,v8,TRUE
2020-12-26,deaths,0.01,0.01,0.01,0.01,0.01,0.01,Surged Relax Interventions 50%,Mongolia,MNG,2021-05-03,v8,TRUE
2020-12-26,hospital_demand,0.25,0.28,0.31,0.31,0.34,0.37,Surged Relax Interventions 50%,Mongolia,MNG,2021-05-03,v8,TRUE
2020-12-26,ICU_demand,0.09,0.1,0.11,0.11,0.12,0.13,Surged Relax Interventions 50%,Mongolia,MNG,2021-05-03,v8,TRUE
2020-12-26,infections,4.27,4.73,5.24,5.24,5.75,6.21,Surged Relax Interventions 50%,Mongolia,MNG,2021-05-03,v8,TRUE
2020-12-26,prevalence,28.44,31.47,34.85,34.85,38.22,41.26,Surged Relax Interventions 50%,Mongolia,MNG,2021-05-03,v8,TRUE
2020-12-26,cumulative_infections,65.93,71.93,78.59,78.59,85.26,91.26,Surged Relax Interventions 50%,Mongolia,MNG,2021-05-03,v8,TRUE
2020-12-26,cumulative_deaths,0.08,0.08,0.09,0.09,0.09,0.1,Surged Relax Interventions 50%,Mongolia,MNG,2021-05-03,v8,TRUE
2020-12-26,Rt,1.09,1.1,1.12,1.12,1.13,1.14,Surged Relax Interventions 50%,Mongolia,MNG,2021-05-03,v8,TRUE
2020-12-26,Reff,1.09,1.1,1.12,1.12,1.13,1.14,Surged Relax Interventions 50%,Mongolia,MNG,2021-05-03,v8,TRUE
2020-12-27,deaths,0.01,0.01,0.01,0.01,0.01,0.01,Additional 50% Reduction,Mongolia,MNG,2021-05-03,v8,TRUE
2020-12-27,hospital_demand,0.27,0.3,0.34,0.34,0.37,0.4,Additional 50% Reduction,Mongolia,MNG,2021-05-03,v8,TRUE
2020-12-27,ICU_demand,0.1,0.11,0.12,0.12,0.13,0.14,Additional 50% Reduction,Mongolia,MNG,2021-05-03,v8,TRUE
2020-12-27,infections,4.28,4.73,5.23,5.23,5.73,6.17,Additional 50% Reduction,Mongolia,MNG,2021-05-03,v8,TRUE
2020-12-27,prevalence,29.04,32.07,35.43,35.43,38.79,41.82,Additional 50% Reduction,Mongolia,MNG,2021-05-03,v8,TRUE
2020-12-27,cumulative_infections,70.21,76.65,83.82,83.82,90.99,97.44,Additional 50% Reduction,Mongolia,MNG,2021-05-03,v8,TRUE
2020-12-27,cumulative_deaths,0.08,0.09,0.09,0.09,0.1,0.11,Additional 50% Reduction,Mongolia,MNG,2021-05-03,v8,TRUE
2020-12-27,Rt,1.13,1.15,1.16,1.16,1.18,1.19,Additional 50% Reduction,Mongolia,MNG,2021-05-03,v8,TRUE
2020-12-27,Reff,1.13,1.15,1.16,1.16,1.18,1.19,Additional 50% Reduction,Mongolia,MNG,2021-05-03,v8,TRUE
2020-12-27,deaths,0.01,0.01,0.01,0.01,0.01,0.01,Maintain Status Quo,Mongolia,MNG,2021-05-03,v8,TRUE
2020-12-27,hospital_demand,0.27,0.3,0.34,0.34,0.37,0.4,Maintain Status Quo,Mongolia,MNG,2021-05-03,v8,TRUE
2020-12-27,ICU_demand,0.1,0.11,0.12,0.12,0.13,0.14,Maintain Status Quo,Mongolia,MNG,2021-05-03,v8,TRUE
2020-12-27,infections,4.28,4.73,5.23,5.23,5.73,6.17,Maintain Status Quo,Mongolia,MNG,2021-05-03,v8,TRUE
2020-12-27,prevalence,29.04,32.07,35.43,35.43,38.79,41.82,Maintain Status Quo,Mongolia,MNG,2021-05-03,v8,TRUE
2020-12-27,cumulative_infections,70.21,76.65,83.82,83.82,90.99,97.44,Maintain Status Quo,Mongolia,MNG,2021-05-03,v8,TRUE
2020-12-27,cumulative_deaths,0.08,0.09,0.09,0.09,0.1,0.11,Maintain Status Quo,Mongolia,MNG,2021-05-03,v8,TRUE
2020-12-27,Rt,1.13,1.15,1.16,1.16,1.18,1.19,Maintain Status Quo,Mongolia,MNG,2021-05-03,v8,TRUE
2020-12-27,Reff,1.13,1.15,1.16,1.16,1.18,1.19,Maintain Status Quo,Mongolia,MNG,2021-05-03,v8,TRUE
2020-12-27,deaths,0.01,0.01,0.01,0.01,0.01,0.01,Relax Interventions 50%,Mongolia,MNG,2021-05-03,v8,TRUE
2020-12-27,hospital_demand,0.27,0.3,0.34,0.34,0.37,0.4,Relax Interventions 50%,Mongolia,MNG,2021-05-03,v8,TRUE
2020-12-27,ICU_demand,0.1,0.11,0.12,0.12,0.13,0.14,Relax Interventions 50%,Mongolia,MNG,2021-05-03,v8,TRUE
2020-12-27,infections,4.28,4.73,5.23,5.23,5.73,6.17,Relax Interventions 50%,Mongolia,MNG,2021-05-03,v8,TRUE
2020-12-27,prevalence,29.04,32.07,35.43,35.43,38.79,41.82,Relax Interventions 50%,Mongolia,MNG,2021-05-03,v8,TRUE
2020-12-27,cumulative_infections,70.21,76.65,83.82,83.82,90.99,97.44,Relax Interventions 50%,Mongolia,MNG,2021-05-03,v8,TRUE
2020-12-27,cumulative_deaths,0.08,0.09,0.09,0.09,0.1,0.11,Relax Interventions 50%,Mongolia,MNG,2021-05-03,v8,TRUE
2020-12-27,Rt,1.13,1.15,1.16,1.16,1.18,1.19,Relax Interventions 50%,Mongolia,MNG,2021-05-03,v8,TRUE
2020-12-27,Reff,1.13,1.15,1.16,1.16,1.18,1.19,Relax Interventions 50%,Mongolia,MNG,2021-05-03,v8,TRUE
2020-12-27,deaths,0.01,0.01,0.01,0.01,0.01,0.01,Surged Additional 50% Reduction,Mongolia,MNG,2021-05-03,v8,TRUE
2020-12-27,hospital_demand,0.27,0.3,0.34,0.34,0.37,0.4,Surged Additional 50% Reduction,Mongolia,MNG,2021-05-03,v8,TRUE
2020-12-27,ICU_demand,0.1,0.11,0.12,0.12,0.13,0.14,Surged Additional 50% Reduction,Mongolia,MNG,2021-05-03,v8,TRUE
2020-12-27,infections,4.28,4.73,5.23,5.23,5.73,6.17,Surged Additional 50% Reduction,Mongolia,MNG,2021-05-03,v8,TRUE
2020-12-27,prevalence,29.04,32.07,35.43,35.43,38.79,41.82,Surged Additional 50% Reduction,Mongolia,MNG,2021-05-03,v8,TRUE
2020-12-27,cumulative_infections,70.21,76.65,83.82,83.82,90.99,97.44,Surged Additional 50% Reduction,Mongolia,MNG,2021-05-03,v8,TRUE
2020-12-27,cumulative_deaths,0.08,0.09,0.09,0.09,0.1,0.11,Surged Additional 50% Reduction,Mongolia,MNG,2021-05-03,v8,TRUE
2020-12-27,Rt,1.13,1.15,1.16,1.16,1.18,1.19,Surged Additional 50% Reduction,Mongolia,MNG,2021-05-03,v8,TRUE
2020-12-27,Reff,1.13,1.15,1.16,1.16,1.18,1.19,Surged Additional 50% Reduction,Mongolia,MNG,2021-05-03,v8,TRUE
2020-12-27,deaths,0.01,0.01,0.01,0.01,0.01,0.01,Surged Maintain Status Quo,Mongolia,MNG,2021-05-03,v8,TRUE
2020-12-27,hospital_demand,0.27,0.3,0.34,0.34,0.37,0.4,Surged Maintain Status Quo,Mongolia,MNG,2021-05-03,v8,TRUE
2020-12-27,ICU_demand,0.1,0.11,0.12,0.12,0.13,0.14,Surged Maintain Status Quo,Mongolia,MNG,2021-05-03,v8,TRUE
2020-12-27,infections,4.28,4.73,5.23,5.23,5.73,6.17,Surged Maintain Status Quo,Mongolia,MNG,2021-05-03,v8,TRUE
2020-12-27,prevalence,29.04,32.07,35.43,35.43,38.79,41.82,Surged Maintain Status Quo,Mongolia,MNG,2021-05-03,v8,TRUE
2020-12-27,cumulative_infections,70.21,76.65,83.82,83.82,90.99,97.44,Surged Maintain Status Quo,Mongolia,MNG,2021-05-03,v8,TRUE
2020-12-27,cumulative_deaths,0.08,0.09,0.09,0.09,0.1,0.11,Surged Maintain Status Quo,Mongolia,MNG,2021-05-03,v8,TRUE
2020-12-27,Rt,1.13,1.15,1.16,1.16,1.18,1.19,Surged Maintain Status Quo,Mongolia,MNG,2021-05-03,v8,TRUE
2020-12-27,Reff,1.13,1.15,1.16,1.16,1.18,1.19,Surged Maintain Status Quo,Mongolia,MNG,2021-05-03,v8,TRUE
2020-12-27,deaths,0.01,0.01,0.01,0.01,0.01,0.01,Surged Relax Interventions 50%,Mongolia,MNG,2021-05-03,v8,TRUE
2020-12-27,hospital_demand,0.27,0.3,0.34,0.34,0.37,0.4,Surged Relax Interventions 50%,Mongolia,MNG,2021-05-03,v8,TRUE
2020-12-27,ICU_demand,0.1,0.11,0.12,0.12,0.13,0.14,Surged Relax Interventions 50%,Mongolia,MNG,2021-05-03,v8,TRUE
2020-12-27,infections,4.28,4.73,5.23,5.23,5.73,6.17,Surged Relax Interventions 50%,Mongolia,MNG,2021-05-03,v8,TRUE
2020-12-27,prevalence,29.04,32.07,35.43,35.43,38.79,41.82,Surged Relax Interventions 50%,Mongolia,MNG,2021-05-03,v8,TRUE
2020-12-27,cumulative_infections,70.21,76.65,83.82,83.82,90.99,97.44,Surged Relax Interventions 50%,Mongolia,MNG,2021-05-03,v8,TRUE
2020-12-27,cumulative_deaths,0.08,0.09,0.09,0.09,0.1,0.11,Surged Relax Interventions 50%,Mongolia,MNG,2021-05-03,v8,TRUE
2020-12-27,Rt,1.13,1.15,1.16,1.16,1.18,1.19,Surged Relax Interventions 50%,Mongolia,MNG,2021-05-03,v8,TRUE
2020-12-27,Reff,1.13,1.15,1.16,1.16,1.18,1.19,Surged Relax Interventions 50%,Mongolia,MNG,2021-05-03,v8,TRUE
2020-12-28,deaths,0.01,0.01,0.01,0.01,0.01,0.01,Additional 50% Reduction,Mongolia,MNG,2021-05-03,v8,TRUE
2020-12-28,hospital_demand,0.29,0.33,0.36,0.36,0.4,0.43,Additional 50% Reduction,Mongolia,MNG,2021-05-03,v8,TRUE
2020-12-28,ICU_demand,0.1,0.11,0.13,0.13,0.14,0.15,Additional 50% Reduction,Mongolia,MNG,2021-05-03,v8,TRUE
2020-12-28,infections,4.35,4.79,5.29,5.29,5.78,6.22,Additional 50% Reduction,Mongolia,MNG,2021-05-03,v8,TRUE
2020-12-28,prevalence,29.84,32.88,36.25,36.25,39.63,42.66,Additional 50% Reduction,Mongolia,MNG,2021-05-03,v8,TRUE
2020-12-28,cumulative_infections,74.55,81.45,89.11,89.11,96.77,103.66,Additional 50% Reduction,Mongolia,MNG,2021-05-03,v8,TRUE
2020-12-28,cumulative_deaths,0.09,0.09,0.1,0.1,0.11,0.11,Additional 50% Reduction,Mongolia,MNG,2021-05-03,v8,TRUE
2020-12-28,Rt,1.09,1.1,1.11,1.11,1.13,1.14,Additional 50% Reduction,Mongolia,MNG,2021-05-03,v8,TRUE
2020-12-28,Reff,1.09,1.1,1.11,1.11,1.13,1.14,Additional 50% Reduction,Mongolia,MNG,2021-05-03,v8,TRUE
2020-12-28,deaths,0.01,0.01,0.01,0.01,0.01,0.01,Maintain Status Quo,Mongolia,MNG,2021-05-03,v8,TRUE
2020-12-28,hospital_demand,0.29,0.33,0.36,0.36,0.4,0.43,Maintain Status Quo,Mongolia,MNG,2021-05-03,v8,TRUE
2020-12-28,ICU_demand,0.1,0.11,0.13,0.13,0.14,0.15,Maintain Status Quo,Mongolia,MNG,2021-05-03,v8,TRUE
2020-12-28,infections,4.35,4.79,5.29,5.29,5.78,6.22,Maintain Status Quo,Mongolia,MNG,2021-05-03,v8,TRUE
2020-12-28,prevalence,29.84,32.88,36.25,36.25,39.63,42.66,Maintain Status Quo,Mongolia,MNG,2021-05-03,v8,TRUE
2020-12-28,cumulative_infections,74.55,81.45,89.11,89.11,96.77,103.66,Maintain Status Quo,Mongolia,MNG,2021-05-03,v8,TRUE
2020-12-28,cumulative_deaths,0.09,0.09,0.1,0.1,0.11,0.11,Maintain Status Quo,Mongolia,MNG,2021-05-03,v8,TRUE
2020-12-28,Rt,1.09,1.1,1.11,1.11,1.13,1.14,Maintain Status Quo,Mongolia,MNG,2021-05-03,v8,TRUE
2020-12-28,Reff,1.09,1.1,1.11,1.11,1.13,1.14,Maintain Status Quo,Mongolia,MNG,2021-05-03,v8,TRUE
2020-12-28,deaths,0.01,0.01,0.01,0.01,0.01,0.01,Relax Interventions 50%,Mongolia,MNG,2021-05-03,v8,TRUE
2020-12-28,hospital_demand,0.29,0.33,0.36,0.36,0.4,0.43,Relax Interventions 50%,Mongolia,MNG,2021-05-03,v8,TRUE
2020-12-28,ICU_demand,0.1,0.11,0.13,0.13,0.14,0.15,Relax Interventions 50%,Mongolia,MNG,2021-05-03,v8,TRUE
2020-12-28,infections,4.35,4.79,5.29,5.29,5.78,6.22,Relax Interventions 50%,Mongolia,MNG,2021-05-03,v8,TRUE
2020-12-28,prevalence,29.84,32.88,36.25,36.25,39.63,42.66,Relax Interventions 50%,Mongolia,MNG,2021-05-03,v8,TRUE
2020-12-28,cumulative_infections,74.55,81.45,89.11,89.11,96.77,103.66,Relax Interventions 50%,Mongolia,MNG,2021-05-03,v8,TRUE
2020-12-28,cumulative_deaths,0.09,0.09,0.1,0.1,0.11,0.11,Relax Interventions 50%,Mongolia,MNG,2021-05-03,v8,TRUE
2020-12-28,Rt,1.09,1.1,1.11,1.11,1.13,1.14,Relax Interventions 50%,Mongolia,MNG,2021-05-03,v8,TRUE
2020-12-28,Reff,1.09,1.1,1.11,1.11,1.13,1.14,Relax Interventions 50%,Mongolia,MNG,2021-05-03,v8,TRUE
2020-12-28,deaths,0.01,0.01,0.01,0.01,0.01,0.01,Surged Additional 50% Reduction,Mongolia,MNG,2021-05-03,v8,TRUE
2020-12-28,hospital_demand,0.29,0.33,0.36,0.36,0.4,0.43,Surged Additional 50% Reduction,Mongolia,MNG,2021-05-03,v8,TRUE
2020-12-28,ICU_demand,0.1,0.11,0.13,0.13,0.14,0.15,Surged Additional 50% Reduction,Mongolia,MNG,2021-05-03,v8,TRUE
2020-12-28,infections,4.35,4.79,5.29,5.29,5.78,6.22,Surged Additional 50% Reduction,Mongolia,MNG,2021-05-03,v8,TRUE
2020-12-28,prevalence,29.84,32.88,36.25,36.25,39.63,42.66,Surged Additional 50% Reduction,Mongolia,MNG,2021-05-03,v8,TRUE
2020-12-28,cumulative_infections,74.55,81.45,89.11,89.11,96.77,103.66,Surged Additional 50% Reduction,Mongolia,MNG,2021-05-03,v8,TRUE
2020-12-28,cumulative_deaths,0.09,0.09,0.1,0.1,0.11,0.11,Surged Additional 50% Reduction,Mongolia,MNG,2021-05-03,v8,TRUE
2020-12-28,Rt,1.09,1.1,1.11,1.11,1.13,1.14,Surged Additional 50% Reduction,Mongolia,MNG,2021-05-03,v8,TRUE
2020-12-28,Reff,1.09,1.1,1.11,1.11,1.13,1.14,Surged Additional 50% Reduction,Mongolia,MNG,2021-05-03,v8,TRUE
2020-12-28,deaths,0.01,0.01,0.01,0.01,0.01,0.01,Surged Maintain Status Quo,Mongolia,MNG,2021-05-03,v8,TRUE
2020-12-28,hospital_demand,0.29,0.33,0.36,0.36,0.4,0.43,Surged Maintain Status Quo,Mongolia,MNG,2021-05-03,v8,TRUE
2020-12-28,ICU_demand,0.1,0.11,0.13,0.13,0.14,0.15,Surged Maintain Status Quo,Mongolia,MNG,2021-05-03,v8,TRUE
2020-12-28,infections,4.35,4.79,5.29,5.29,5.78,6.22,Surged Maintain Status Quo,Mongolia,MNG,2021-05-03,v8,TRUE
2020-12-28,prevalence,29.84,32.88,36.25,36.25,39.63,42.66,Surged Maintain Status Quo,Mongolia,MNG,2021-05-03,v8,TRUE
2020-12-28,cumulative_infections,74.55,81.45,89.11,89.11,96.77,103.66,Surged Maintain Status Quo,Mongolia,MNG,2021-05-03,v8,TRUE
2020-12-28,cumulative_deaths,0.09,0.09,0.1,0.1,0.11,0.11,Surged Maintain Status Quo,Mongolia,MNG,2021-05-03,v8,TRUE
2020-12-28,Rt,1.09,1.1,1.11,1.11,1.13,1.14,Surged Maintain Status Quo,Mongolia,MNG,2021-05-03,v8,TRUE
2020-12-28,Reff,1.09,1.1,1.11,1.11,1.13,1.14,Surged Maintain Status Quo,Mongolia,MNG,2021-05-03,v8,TRUE
2020-12-28,deaths,0.01,0.01,0.01,0.01,0.01,0.01,Surged Relax Interventions 50%,Mongolia,MNG,2021-05-03,v8,TRUE
2020-12-28,hospital_demand,0.29,0.33,0.36,0.36,0.4,0.43,Surged Relax Interventions 50%,Mongolia,MNG,2021-05-03,v8,TRUE
2020-12-28,ICU_demand,0.1,0.11,0.13,0.13,0.14,0.15,Surged Relax Interventions 50%,Mongolia,MNG,2021-05-03,v8,TRUE
2020-12-28,infections,4.35,4.79,5.29,5.29,5.78,6.22,Surged Relax Interventions 50%,Mongolia,MNG,2021-05-03,v8,TRUE
2020-12-28,prevalence,29.84,32.88,36.25,36.25,39.63,42.66,Surged Relax Interventions 50%,Mongolia,MNG,2021-05-03,v8,TRUE
2020-12-28,cumulative_infections,74.55,81.45,89.11,89.11,96.77,103.66,Surged Relax Interventions 50%,Mongolia,MNG,2021-05-03,v8,TRUE
2020-12-28,cumulative_deaths,0.09,0.09,0.1,0.1,0.11,0.11,Surged Relax Interventions 50%,Mongolia,MNG,2021-05-03,v8,TRUE
2020-12-28,Rt,1.09,1.1,1.11,1.11,1.13,1.14,Surged Relax Interventions 50%,Mongolia,MNG,2021-05-03,v8,TRUE
2020-12-28,Reff,1.09,1.1,1.11,1.11,1.13,1.14,Surged Relax Interventions 50%,Mongolia,MNG,2021-05-03,v8,TRUE
2020-12-29,deaths,0.01,0.01,0.01,0.01,0.01,0.01,Additional 50% Reduction,Mongolia,MNG,2021-05-03,v8,TRUE
2020-12-29,hospital_demand,0.31,0.35,0.39,0.39,0.43,0.46,Additional 50% Reduction,Mongolia,MNG,2021-05-03,v8,TRUE
2020-12-29,ICU_demand,0.11,0.12,0.14,0.14,0.15,0.16,Additional 50% Reduction,Mongolia,MNG,2021-05-03,v8,TRUE
2020-12-29,infections,4.44,4.88,5.37,5.37,5.87,6.31,Additional 50% Reduction,Mongolia,MNG,2021-05-03,v8,TRUE
2020-12-29,prevalence,30.45,33.47,36.83,36.83,40.19,43.22,Additional 50% Reduction,Mongolia,MNG,2021-05-03,v8,TRUE
2020-12-29,cumulative_infections,78.99,86.33,94.48,94.48,102.63,109.97,Additional 50% Reduction,Mongolia,MNG,2021-05-03,v8,TRUE
2020-12-29,cumulative_deaths,0.09,0.1,0.11,0.11,0.12,0.12,Additional 50% Reduction,Mongolia,MNG,2021-05-03,v8,TRUE
2020-12-29,Rt,1.05,1.06,1.08,1.08,1.09,1.1,Additional 50% Reduction,Mongolia,MNG,2021-05-03,v8,TRUE
2020-12-29,Reff,1.05,1.06,1.08,1.08,1.09,1.1,Additional 50% Reduction,Mongolia,MNG,2021-05-03,v8,TRUE
2020-12-29,deaths,0.01,0.01,0.01,0.01,0.01,0.01,Maintain Status Quo,Mongolia,MNG,2021-05-03,v8,TRUE
2020-12-29,hospital_demand,0.31,0.35,0.39,0.39,0.43,0.46,Maintain Status Quo,Mongolia,MNG,2021-05-03,v8,TRUE
2020-12-29,ICU_demand,0.11,0.12,0.14,0.14,0.15,0.16,Maintain Status Quo,Mongolia,MNG,2021-05-03,v8,TRUE
2020-12-29,infections,4.44,4.88,5.37,5.37,5.87,6.31,Maintain Status Quo,Mongolia,MNG,2021-05-03,v8,TRUE
2020-12-29,prevalence,30.45,33.47,36.83,36.83,40.19,43.22,Maintain Status Quo,Mongolia,MNG,2021-05-03,v8,TRUE
2020-12-29,cumulative_infections,78.99,86.33,94.48,94.48,102.63,109.97,Maintain Status Quo,Mongolia,MNG,2021-05-03,v8,TRUE
2020-12-29,cumulative_deaths,0.09,0.1,0.11,0.11,0.12,0.12,Maintain Status Quo,Mongolia,MNG,2021-05-03,v8,TRUE
2020-12-29,Rt,1.05,1.06,1.08,1.08,1.09,1.1,Maintain Status Quo,Mongolia,MNG,2021-05-03,v8,TRUE
2020-12-29,Reff,1.05,1.06,1.08,1.08,1.09,1.1,Maintain Status Quo,Mongolia,MNG,2021-05-03,v8,TRUE
2020-12-29,deaths,0.01,0.01,0.01,0.01,0.01,0.01,Relax Interventions 50%,Mongolia,MNG,2021-05-03,v8,TRUE
2020-12-29,hospital_demand,0.31,0.35,0.39,0.39,0.43,0.46,Relax Interventions 50%,Mongolia,MNG,2021-05-03,v8,TRUE
2020-12-29,ICU_demand,0.11,0.12,0.14,0.14,0.15,0.16,Relax Interventions 50%,Mongolia,MNG,2021-05-03,v8,TRUE
2020-12-29,infections,4.44,4.88,5.37,5.37,5.87,6.31,Relax Interventions 50%,Mongolia,MNG,2021-05-03,v8,TRUE
2020-12-29,prevalence,30.45,33.47,36.83,36.83,40.19,43.22,Relax Interventions 50%,Mongolia,MNG,2021-05-03,v8,TRUE
2020-12-29,cumulative_infections,78.99,86.33,94.48,94.48,102.63,109.97,Relax Interventions 50%,Mongolia,MNG,2021-05-03,v8,TRUE
2020-12-29,cumulative_deaths,0.09,0.1,0.11,0.11,0.12,0.12,Relax Interventions 50%,Mongolia,MNG,2021-05-03,v8,TRUE
2020-12-29,Rt,1.05,1.06,1.08,1.08,1.09,1.1,Relax Interventions 50%,Mongolia,MNG,2021-05-03,v8,TRUE
2020-12-29,Reff,1.05,1.06,1.08,1.08,1.09,1.1,Relax Interventions 50%,Mongolia,MNG,2021-05-03,v8,TRUE
2020-12-29,deaths,0.01,0.01,0.01,0.01,0.01,0.01,Surged Additional 50% Reduction,Mongolia,MNG,2021-05-03,v8,TRUE
2020-12-29,hospital_demand,0.31,0.35,0.39,0.39,0.43,0.46,Surged Additional 50% Reduction,Mongolia,MNG,2021-05-03,v8,TRUE
2020-12-29,ICU_demand,0.11,0.12,0.14,0.14,0.15,0.16,Surged Additional 50% Reduction,Mongolia,MNG,2021-05-03,v8,TRUE
2020-12-29,infections,4.44,4.88,5.37,5.37,5.87,6.31,Surged Additional 50% Reduction,Mongolia,MNG,2021-05-03,v8,TRUE
2020-12-29,prevalence,30.45,33.47,36.83,36.83,40.19,43.22,Surged Additional 50% Reduction,Mongolia,MNG,2021-05-03,v8,TRUE
2020-12-29,cumulative_infections,78.99,86.33,94.48,94.48,102.63,109.97,Surged Additional 50% Reduction,Mongolia,MNG,2021-05-03,v8,TRUE
2020-12-29,cumulative_deaths,0.09,0.1,0.11,0.11,0.12,0.12,Surged Additional 50% Reduction,Mongolia,MNG,2021-05-03,v8,TRUE
2020-12-29,Rt,1.05,1.06,1.08,1.08,1.09,1.1,Surged Additional 50% Reduction,Mongolia,MNG,2021-05-03,v8,TRUE
2020-12-29,Reff,1.05,1.06,1.08,1.08,1.09,1.1,Surged Additional 50% Reduction,Mongolia,MNG,2021-05-03,v8,TRUE
2020-12-29,deaths,0.01,0.01,0.01,0.01,0.01,0.01,Surged Maintain Status Quo,Mongolia,MNG,2021-05-03,v8,TRUE
2020-12-29,hospital_demand,0.31,0.35,0.39,0.39,0.43,0.46,Surged Maintain Status Quo,Mongolia,MNG,2021-05-03,v8,TRUE
2020-12-29,ICU_demand,0.11,0.12,0.14,0.14,0.15,0.16,Surged Maintain Status Quo,Mongolia,MNG,2021-05-03,v8,TRUE
2020-12-29,infections,4.44,4.88,5.37,5.37,5.87,6.31,Surged Maintain Status Quo,Mongolia,MNG,2021-05-03,v8,TRUE
2020-12-29,prevalence,30.45,33.47,36.83,36.83,40.19,43.22,Surged Maintain Status Quo,Mongolia,MNG,2021-05-03,v8,TRUE
2020-12-29,cumulative_infections,78.99,86.33,94.48,94.48,102.63,109.97,Surged Maintain Status Quo,Mongolia,MNG,2021-05-03,v8,TRUE
2020-12-29,cumulative_deaths,0.09,0.1,0.11,0.11,0.12,0.12,Surged Maintain Status Quo,Mongolia,MNG,2021-05-03,v8,TRUE
2020-12-29,Rt,1.05,1.06,1.08,1.08,1.09,1.1,Surged Maintain Status Quo,Mongolia,MNG,2021-05-03,v8,TRUE
2020-12-29,Reff,1.05,1.06,1.08,1.08,1.09,1.1,Surged Maintain Status Quo,Mongolia,MNG,2021-05-03,v8,TRUE
2020-12-29,deaths,0.01,0.01,0.01,0.01,0.01,0.01,Surged Relax Interventions 50%,Mongolia,MNG,2021-05-03,v8,TRUE
2020-12-29,hospital_demand,0.31,0.35,0.39,0.39,0.43,0.46,Surged Relax Interventions 50%,Mongolia,MNG,2021-05-03,v8,TRUE
2020-12-29,ICU_demand,0.11,0.12,0.14,0.14,0.15,0.16,Surged Relax Interventions 50%,Mongolia,MNG,2021-05-03,v8,TRUE
2020-12-29,infections,4.44,4.88,5.37,5.37,5.87,6.31,Surged Relax Interventions 50%,Mongolia,MNG,2021-05-03,v8,TRUE
2020-12-29,prevalence,30.45,33.47,36.83,36.83,40.19,43.22,Surged Relax Interventions 50%,Mongolia,MNG,2021-05-03,v8,TRUE
2020-12-29,cumulative_infections,78.99,86.33,94.48,94.48,102.63,109.97,Surged Relax Interventions 50%,Mongolia,MNG,2021-05-03,v8,TRUE
2020-12-29,cumulative_deaths,0.09,0.1,0.11,0.11,0.12,0.12,Surged Relax Interventions 50%,Mongolia,MNG,2021-05-03,v8,TRUE
2020-12-29,Rt,1.05,1.06,1.08,1.08,1.09,1.1,Surged Relax Interventions 50%,Mongolia,MNG,2021-05-03,v8,TRUE
2020-12-29,Reff,1.05,1.06,1.08,1.08,1.09,1.1,Surged Relax Interventions 50%,Mongolia,MNG,2021-05-03,v8,TRUE
2020-12-30,deaths,0.01,0.01,0.01,0.01,0.01,0.01,Additional 50% Reduction,Mongolia,MNG,2021-05-03,v8,TRUE
2020-12-30,hospital_demand,0.33,0.37,0.41,0.41,0.45,0.49,Additional 50% Reduction,Mongolia,MNG,2021-05-03,v8,TRUE
2020-12-30,ICU_demand,0.12,0.13,0.14,0.14,0.16,0.17,Additional 50% Reduction,Mongolia,MNG,2021-05-03,v8,TRUE
2020-12-30,infections,4.52,4.96,5.45,5.45,5.93,6.37,Additional 50% Reduction,Mongolia,MNG,2021-05-03,v8,TRUE
2020-12-30,prevalence,30.91,33.91,37.24,37.24,40.58,43.58,Additional 50% Reduction,Mongolia,MNG,2021-05-03,v8,TRUE
2020-12-30,cumulative_infections,83.51,91.29,99.93,99.93,108.57,116.34,Additional 50% Reduction,Mongolia,MNG,2021-05-03,v8,TRUE
2020-12-30,cumulative_deaths,0.1,0.11,0.12,0.12,0.13,0.13,Additional 50% Reduction,Mongolia,MNG,2021-05-03,v8,TRUE
2020-12-30,Rt,1.32,1.35,1.37,1.37,1.39,1.41,Additional 50% Reduction,Mongolia,MNG,2021-05-03,v8,TRUE
2020-12-30,Reff,1.32,1.35,1.37,1.37,1.39,1.41,Additional 50% Reduction,Mongolia,MNG,2021-05-03,v8,TRUE
2020-12-30,deaths,0.01,0.01,0.01,0.01,0.01,0.01,Maintain Status Quo,Mongolia,MNG,2021-05-03,v8,TRUE
2020-12-30,hospital_demand,0.33,0.37,0.41,0.41,0.45,0.49,Maintain Status Quo,Mongolia,MNG,2021-05-03,v8,TRUE
2020-12-30,ICU_demand,0.12,0.13,0.14,0.14,0.16,0.17,Maintain Status Quo,Mongolia,MNG,2021-05-03,v8,TRUE
2020-12-30,infections,4.52,4.96,5.45,5.45,5.93,6.37,Maintain Status Quo,Mongolia,MNG,2021-05-03,v8,TRUE
2020-12-30,prevalence,30.91,33.91,37.24,37.24,40.58,43.58,Maintain Status Quo,Mongolia,MNG,2021-05-03,v8,TRUE
2020-12-30,cumulative_infections,83.51,91.29,99.93,99.93,108.57,116.34,Maintain Status Quo,Mongolia,MNG,2021-05-03,v8,TRUE
2020-12-30,cumulative_deaths,0.1,0.11,0.12,0.12,0.13,0.13,Maintain Status Quo,Mongolia,MNG,2021-05-03,v8,TRUE
2020-12-30,Rt,1.32,1.35,1.37,1.37,1.39,1.41,Maintain Status Quo,Mongolia,MNG,2021-05-03,v8,TRUE
2020-12-30,Reff,1.32,1.35,1.37,1.37,1.39,1.41,Maintain Status Quo,Mongolia,MNG,2021-05-03,v8,TRUE
2020-12-30,deaths,0.01,0.01,0.01,0.01,0.01,0.01,Relax Interventions 50%,Mongolia,MNG,2021-05-03,v8,TRUE
2020-12-30,hospital_demand,0.33,0.37,0.41,0.41,0.45,0.49,Relax Interventions 50%,Mongolia,MNG,2021-05-03,v8,TRUE
2020-12-30,ICU_demand,0.12,0.13,0.14,0.14,0.16,0.17,Relax Interventions 50%,Mongolia,MNG,2021-05-03,v8,TRUE
2020-12-30,infections,4.52,4.96,5.45,5.45,5.93,6.37,Relax Interventions 50%,Mongolia,MNG,2021-05-03,v8,TRUE
2020-12-30,prevalence,30.91,33.91,37.24,37.24,40.58,43.58,Relax Interventions 50%,Mongolia,MNG,2021-05-03,v8,TRUE
2020-12-30,cumulative_infections,83.51,91.29,99.93,99.93,108.57,116.34,Relax Interventions 50%,Mongolia,MNG,2021-05-03,v8,TRUE
2020-12-30,cumulative_deaths,0.1,0.11,0.12,0.12,0.13,0.13,Relax Interventions 50%,Mongolia,MNG,2021-05-03,v8,TRUE
2020-12-30,Rt,1.32,1.35,1.37,1.37,1.39,1.41,Relax Interventions 50%,Mongolia,MNG,2021-05-03,v8,TRUE
2020-12-30,Reff,1.32,1.35,1.37,1.37,1.39,1.41,Relax Interventions 50%,Mongolia,MNG,2021-05-03,v8,TRUE
2020-12-30,deaths,0.01,0.01,0.01,0.01,0.01,0.01,Surged Additional 50% Reduction,Mongolia,MNG,2021-05-03,v8,TRUE
2020-12-30,hospital_demand,0.33,0.37,0.41,0.41,0.45,0.49,Surged Additional 50% Reduction,Mongolia,MNG,2021-05-03,v8,TRUE
2020-12-30,ICU_demand,0.12,0.13,0.14,0.14,0.16,0.17,Surged Additional 50% Reduction,Mongolia,MNG,2021-05-03,v8,TRUE
2020-12-30,infections,4.52,4.96,5.45,5.45,5.93,6.37,Surged Additional 50% Reduction,Mongolia,MNG,2021-05-03,v8,TRUE
2020-12-30,prevalence,30.91,33.91,37.24,37.24,40.58,43.58,Surged Additional 50% Reduction,Mongolia,MNG,2021-05-03,v8,TRUE
2020-12-30,cumulative_infections,83.51,91.29,99.93,99.93,108.57,116.34,Surged Additional 50% Reduction,Mongolia,MNG,2021-05-03,v8,TRUE
2020-12-30,cumulative_deaths,0.1,0.11,0.12,0.12,0.13,0.13,Surged Additional 50% Reduction,Mongolia,MNG,2021-05-03,v8,TRUE
2020-12-30,Rt,1.32,1.35,1.37,1.37,1.39,1.41,Surged Additional 50% Reduction,Mongolia,MNG,2021-05-03,v8,TRUE
2020-12-30,Reff,1.32,1.35,1.37,1.37,1.39,1.41,Surged Additional 50% Reduction,Mongolia,MNG,2021-05-03,v8,TRUE
2020-12-30,deaths,0.01,0.01,0.01,0.01,0.01,0.01,Surged Maintain Status Quo,Mongolia,MNG,2021-05-03,v8,TRUE
2020-12-30,hospital_demand,0.33,0.37,0.41,0.41,0.45,0.49,Surged Maintain Status Quo,Mongolia,MNG,2021-05-03,v8,TRUE
2020-12-30,ICU_demand,0.12,0.13,0.14,0.14,0.16,0.17,Surged Maintain Status Quo,Mongolia,MNG,2021-05-03,v8,TRUE
2020-12-30,infections,4.52,4.96,5.45,5.45,5.93,6.37,Surged Maintain Status Quo,Mongolia,MNG,2021-05-03,v8,TRUE
2020-12-30,prevalence,30.91,33.91,37.24,37.24,40.58,43.58,Surged Maintain Status Quo,Mongolia,MNG,2021-05-03,v8,TRUE
2020-12-30,cumulative_infections,83.51,91.29,99.93,99.93,108.57,116.34,Surged Maintain Status Quo,Mongolia,MNG,2021-05-03,v8,TRUE
2020-12-30,cumulative_deaths,0.1,0.11,0.12,0.12,0.13,0.13,Surged Maintain Status Quo,Mongolia,MNG,2021-05-03,v8,TRUE
2020-12-30,Rt,1.32,1.35,1.37,1.37,1.39,1.41,Surged Maintain Status Quo,Mongolia,MNG,2021-05-03,v8,TRUE
2020-12-30,Reff,1.32,1.35,1.37,1.37,1.39,1.41,Surged Maintain Status Quo,Mongolia,MNG,2021-05-03,v8,TRUE
2020-12-30,deaths,0.01,0.01,0.01,0.01,0.01,0.01,Surged Relax Interventions 50%,Mongolia,MNG,2021-05-03,v8,TRUE
2020-12-30,hospital_demand,0.33,0.37,0.41,0.41,0.45,0.49,Surged Relax Interventions 50%,Mongolia,MNG,2021-05-03,v8,TRUE
2020-12-30,ICU_demand,0.12,0.13,0.14,0.14,0.16,0.17,Surged Relax Interventions 50%,Mongolia,MNG,2021-05-03,v8,TRUE
2020-12-30,infections,4.52,4.96,5.45,5.45,5.93,6.37,Surged Relax Interventions 50%,Mongolia,MNG,2021-05-03,v8,TRUE
2020-12-30,prevalence,30.91,33.91,37.24,37.24,40.58,43.58,Surged Relax Interventions 50%,Mongolia,MNG,2021-05-03,v8,TRUE
2020-12-30,cumulative_infections,83.51,91.29,99.93,99.93,108.57,116.34,Surged Relax Interventions 50%,Mongolia,MNG,2021-05-03,v8,TRUE
2020-12-30,cumulative_deaths,0.1,0.11,0.12,0.12,0.13,0.13,Surged Relax Interventions 50%,Mongolia,MNG,2021-05-03,v8,TRUE
2020-12-30,Rt,1.32,1.35,1.37,1.37,1.39,1.41,Surged Relax Interventions 50%,Mongolia,MNG,2021-05-03,v8,TRUE
2020-12-30,Reff,1.32,1.35,1.37,1.37,1.39,1.41,Surged Relax Interventions 50%,Mongolia,MNG,2021-05-03,v8,TRUE
2020-12-31,deaths,0.01,0.01,0.01,0.01,0.01,0.01,Additional 50% Reduction,Mongolia,MNG,2021-05-03,v8,TRUE
2020-12-31,hospital_demand,0.35,0.39,0.44,0.44,0.48,0.52,Additional 50% Reduction,Mongolia,MNG,2021-05-03,v8,TRUE
2020-12-31,ICU_demand,0.12,0.14,0.15,0.15,0.17,0.18,Additional 50% Reduction,Mongolia,MNG,2021-05-03,v8,TRUE
2020-12-31,infections,4.68,5.12,5.61,5.61,6.1,6.54,Additional 50% Reduction,Mongolia,MNG,2021-05-03,v8,TRUE
2020-12-31,prevalence,32.73,35.78,39.18,39.18,42.57,45.62,Additional 50% Reduction,Mongolia,MNG,2021-05-03,v8,TRUE
2020-12-31,cumulative_infections,88.19,96.41,105.54,105.54,114.67,122.89,Additional 50% Reduction,Mongolia,MNG,2021-05-03,v8,TRUE
2020-12-31,cumulative_deaths,0.11,0.12,0.13,0.13,0.14,0.14,Additional 50% Reduction,Mongolia,MNG,2021-05-03,v8,TRUE
2020-12-31,Rt,1.18,1.2,1.21,1.21,1.23,1.25,Additional 50% Reduction,Mongolia,MNG,2021-05-03,v8,TRUE
2020-12-31,Reff,1.18,1.2,1.21,1.21,1.23,1.25,Additional 50% Reduction,Mongolia,MNG,2021-05-03,v8,TRUE
2020-12-31,deaths,0.01,0.01,0.01,0.01,0.01,0.01,Maintain Status Quo,Mongolia,MNG,2021-05-03,v8,TRUE
2020-12-31,hospital_demand,0.35,0.39,0.44,0.44,0.48,0.52,Maintain Status Quo,Mongolia,MNG,2021-05-03,v8,TRUE
2020-12-31,ICU_demand,0.12,0.14,0.15,0.15,0.17,0.18,Maintain Status Quo,Mongolia,MNG,2021-05-03,v8,TRUE
2020-12-31,infections,4.68,5.12,5.61,5.61,6.1,6.54,Maintain Status Quo,Mongolia,MNG,2021-05-03,v8,TRUE
2020-12-31,prevalence,32.73,35.78,39.18,39.18,42.57,45.62,Maintain Status Quo,Mongolia,MNG,2021-05-03,v8,TRUE
2020-12-31,cumulative_infections,88.19,96.41,105.54,105.54,114.67,122.89,Maintain Status Quo,Mongolia,MNG,2021-05-03,v8,TRUE
2020-12-31,cumulative_deaths,0.11,0.12,0.13,0.13,0.14,0.14,Maintain Status Quo,Mongolia,MNG,2021-05-03,v8,TRUE
2020-12-31,Rt,1.18,1.2,1.21,1.21,1.23,1.25,Maintain Status Quo,Mongolia,MNG,2021-05-03,v8,TRUE
2020-12-31,Reff,1.18,1.2,1.21,1.21,1.23,1.25,Maintain Status Quo,Mongolia,MNG,2021-05-03,v8,TRUE
2020-12-31,deaths,0.01,0.01,0.01,0.01,0.01,0.01,Relax Interventions 50%,Mongolia,MNG,2021-05-03,v8,TRUE
2020-12-31,hospital_demand,0.35,0.39,0.44,0.44,0.48,0.52,Relax Interventions 50%,Mongolia,MNG,2021-05-03,v8,TRUE
2020-12-31,ICU_demand,0.12,0.14,0.15,0.15,0.17,0.18,Relax Interventions 50%,Mongolia,MNG,2021-05-03,v8,TRUE
2020-12-31,infections,4.68,5.12,5.61,5.61,6.1,6.54,Relax Interventions 50%,Mongolia,MNG,2021-05-03,v8,TRUE
2020-12-31,prevalence,32.73,35.78,39.18,39.18,42.57,45.62,Relax Interventions 50%,Mongolia,MNG,2021-05-03,v8,TRUE
2020-12-31,cumulative_infections,88.19,96.41,105.54,105.54,114.67,122.89,Relax Interventions 50%,Mongolia,MNG,2021-05-03,v8,TRUE
2020-12-31,cumulative_deaths,0.11,0.12,0.13,0.13,0.14,0.14,Relax Interventions 50%,Mongolia,MNG,2021-05-03,v8,TRUE
2020-12-31,Rt,1.18,1.2,1.21,1.21,1.23,1.25,Relax Interventions 50%,Mongolia,MNG,2021-05-03,v8,TRUE
2020-12-31,Reff,1.18,1.2,1.21,1.21,1.23,1.25,Relax Interventions 50%,Mongolia,MNG,2021-05-03,v8,TRUE
2020-12-31,deaths,0.01,0.01,0.01,0.01,0.01,0.01,Surged Additional 50% Reduction,Mongolia,MNG,2021-05-03,v8,TRUE
2020-12-31,hospital_demand,0.35,0.39,0.44,0.44,0.48,0.52,Surged Additional 50% Reduction,Mongolia,MNG,2021-05-03,v8,TRUE
2020-12-31,ICU_demand,0.12,0.14,0.15,0.15,0.17,0.18,Surged Additional 50% Reduction,Mongolia,MNG,2021-05-03,v8,TRUE
2020-12-31,infections,4.68,5.12,5.61,5.61,6.1,6.54,Surged Additional 50% Reduction,Mongolia,MNG,2021-05-03,v8,TRUE
2020-12-31,prevalence,32.73,35.78,39.18,39.18,42.57,45.62,Surged Additional 50% Reduction,Mongolia,MNG,2021-05-03,v8,TRUE
2020-12-31,cumulative_infections,88.19,96.41,105.54,105.54,114.67,122.89,Surged Additional 50% Reduction,Mongolia,MNG,2021-05-03,v8,TRUE
2020-12-31,cumulative_deaths,0.11,0.12,0.13,0.13,0.14,0.14,Surged Additional 50% Reduction,Mongolia,MNG,2021-05-03,v8,TRUE
2020-12-31,Rt,1.18,1.2,1.21,1.21,1.23,1.25,Surged Additional 50% Reduction,Mongolia,MNG,2021-05-03,v8,TRUE
2020-12-31,Reff,1.18,1.2,1.21,1.21,1.23,1.25,Surged Additional 50% Reduction,Mongolia,MNG,2021-05-03,v8,TRUE
2020-12-31,deaths,0.01,0.01,0.01,0.01,0.01,0.01,Surged Maintain Status Quo,Mongolia,MNG,2021-05-03,v8,TRUE
2020-12-31,hospital_demand,0.35,0.39,0.44,0.44,0.48,0.52,Surged Maintain Status Quo,Mongolia,MNG,2021-05-03,v8,TRUE
2020-12-31,ICU_demand,0.12,0.14,0.15,0.15,0.17,0.18,Surged Maintain Status Quo,Mongolia,MNG,2021-05-03,v8,TRUE
2020-12-31,infections,4.68,5.12,5.61,5.61,6.1,6.54,Surged Maintain Status Quo,Mongolia,MNG,2021-05-03,v8,TRUE
2020-12-31,prevalence,32.73,35.78,39.18,39.18,42.57,45.62,Surged Maintain Status Quo,Mongolia,MNG,2021-05-03,v8,TRUE
2020-12-31,cumulative_infections,88.19,96.41,105.54,105.54,114.67,122.89,Surged Maintain Status Quo,Mongolia,MNG,2021-05-03,v8,TRUE
2020-12-31,cumulative_deaths,0.11,0.12,0.13,0.13,0.14,0.14,Surged Maintain Status Quo,Mongolia,MNG,2021-05-03,v8,TRUE
2020-12-31,Rt,1.18,1.2,1.21,1.21,1.23,1.25,Surged Maintain Status Quo,Mongolia,MNG,2021-05-03,v8,TRUE
2020-12-31,Reff,1.18,1.2,1.21,1.21,1.23,1.25,Surged Maintain Status Quo,Mongolia,MNG,2021-05-03,v8,TRUE
2020-12-31,deaths,0.01,0.01,0.01,0.01,0.01,0.01,Surged Relax Interventions 50%,Mongolia,MNG,2021-05-03,v8,TRUE
2020-12-31,hospital_demand,0.35,0.39,0.44,0.44,0.48,0.52,Surged Relax Interventions 50%,Mongolia,MNG,2021-05-03,v8,TRUE
2020-12-31,ICU_demand,0.12,0.14,0.15,0.15,0.17,0.18,Surged Relax Interventions 50%,Mongolia,MNG,2021-05-03,v8,TRUE
2020-12-31,infections,4.68,5.12,5.61,5.61,6.1,6.54,Surged Relax Interventions 50%,Mongolia,MNG,2021-05-03,v8,TRUE
2020-12-31,prevalence,32.73,35.78,39.18,39.18,42.57,45.62,Surged Relax Interventions 50%,Mongolia,MNG,2021-05-03,v8,TRUE
2020-12-31,cumulative_infections,88.19,96.41,105.54,105.54,114.67,122.89,Surged Relax Interventions 50%,Mongolia,MNG,2021-05-03,v8,TRUE
2020-12-31,cumulative_deaths,0.11,0.12,0.13,0.13,0.14,0.14,Surged Relax Interventions 50%,Mongolia,MNG,2021-05-03,v8,TRUE
2020-12-31,Rt,1.18,1.2,1.21,1.21,1.23,1.25,Surged Relax Interventions 50%,Mongolia,MNG,2021-05-03,v8,TRUE
2020-12-31,Reff,1.18,1.2,1.21,1.21,1.23,1.25,Surged Relax Interventions 50%,Mongolia,MNG,2021-05-03,v8,TRUE
2021-01-01,deaths,0.01,0.01,0.01,0.01,0.01,0.01,Additional 50% Reduction,Mongolia,MNG,2021-05-03,v8,TRUE
2021-01-01,hospital_demand,0.37,0.41,0.46,0.46,0.5,0.54,Additional 50% Reduction,Mongolia,MNG,2021-05-03,v8,TRUE
2021-01-01,ICU_demand,0.13,0.15,0.16,0.16,0.18,0.19,Additional 50% Reduction,Mongolia,MNG,2021-05-03,v8,TRUE
2021-01-01,infections,4.9,5.34,5.84,5.84,6.33,6.77,Additional 50% Reduction,Mongolia,MNG,2021-05-03,v8,TRUE
2021-01-01,prevalence,33.87,36.93,40.33,40.33,43.73,46.79,Additional 50% Reduction,Mongolia,MNG,2021-05-03,v8,TRUE
2021-01-01,cumulative_infections,93.09,101.75,111.38,111.38,121,129.66,Additional 50% Reduction,Mongolia,MNG,2021-05-03,v8,TRUE
2021-01-01,cumulative_deaths,0.12,0.13,0.14,0.14,0.15,0.16,Additional 50% Reduction,Mongolia,MNG,2021-05-03,v8,TRUE
2021-01-01,Rt,0.64,0.64,0.64,0.64,0.65,0.65,Additional 50% Reduction,Mongolia,MNG,2021-05-03,v8,TRUE
2021-01-01,Reff,0.64,0.64,0.64,0.64,0.65,0.65,Additional 50% Reduction,Mongolia,MNG,2021-05-03,v8,TRUE
2021-01-01,deaths,0.01,0.01,0.01,0.01,0.01,0.01,Maintain Status Quo,Mongolia,MNG,2021-05-03,v8,TRUE
2021-01-01,hospital_demand,0.37,0.41,0.46,0.46,0.5,0.54,Maintain Status Quo,Mongolia,MNG,2021-05-03,v8,TRUE
2021-01-01,ICU_demand,0.13,0.15,0.16,0.16,0.18,0.19,Maintain Status Quo,Mongolia,MNG,2021-05-03,v8,TRUE
2021-01-01,infections,4.9,5.34,5.84,5.84,6.33,6.77,Maintain Status Quo,Mongolia,MNG,2021-05-03,v8,TRUE
2021-01-01,prevalence,33.87,36.93,40.33,40.33,43.73,46.79,Maintain Status Quo,Mongolia,MNG,2021-05-03,v8,TRUE
2021-01-01,cumulative_infections,93.09,101.75,111.38,111.38,121,129.66,Maintain Status Quo,Mongolia,MNG,2021-05-03,v8,TRUE
2021-01-01,cumulative_deaths,0.12,0.13,0.14,0.14,0.15,0.16,Maintain Status Quo,Mongolia,MNG,2021-05-03,v8,TRUE
2021-01-01,Rt,0.64,0.64,0.64,0.64,0.65,0.65,Maintain Status Quo,Mongolia,MNG,2021-05-03,v8,TRUE
2021-01-01,Reff,0.64,0.64,0.64,0.64,0.65,0.65,Maintain Status Quo,Mongolia,MNG,2021-05-03,v8,TRUE
2021-01-01,deaths,0.01,0.01,0.01,0.01,0.01,0.01,Relax Interventions 50%,Mongolia,MNG,2021-05-03,v8,TRUE
2021-01-01,hospital_demand,0.37,0.41,0.46,0.46,0.5,0.54,Relax Interventions 50%,Mongolia,MNG,2021-05-03,v8,TRUE
2021-01-01,ICU_demand,0.13,0.15,0.16,0.16,0.18,0.19,Relax Interventions 50%,Mongolia,MNG,2021-05-03,v8,TRUE
2021-01-01,infections,4.9,5.34,5.84,5.84,6.33,6.77,Relax Interventions 50%,Mongolia,MNG,2021-05-03,v8,TRUE
2021-01-01,prevalence,33.87,36.93,40.33,40.33,43.73,46.79,Relax Interventions 50%,Mongolia,MNG,2021-05-03,v8,TRUE
2021-01-01,cumulative_infections,93.09,101.75,111.38,111.38,121,129.66,Relax Interventions 50%,Mongolia,MNG,2021-05-03,v8,TRUE
2021-01-01,cumulative_deaths,0.12,0.13,0.14,0.14,0.15,0.16,Relax Interventions 50%,Mongolia,MNG,2021-05-03,v8,TRUE
2021-01-01,Rt,0.64,0.64,0.64,0.64,0.65,0.65,Relax Interventions 50%,Mongolia,MNG,2021-05-03,v8,TRUE
2021-01-01,Reff,0.64,0.64,0.64,0.64,0.65,0.65,Relax Interventions 50%,Mongolia,MNG,2021-05-03,v8,TRUE
2021-01-01,deaths,0.01,0.01,0.01,0.01,0.01,0.01,Surged Additional 50% Reduction,Mongolia,MNG,2021-05-03,v8,TRUE
2021-01-01,hospital_demand,0.37,0.41,0.46,0.46,0.5,0.54,Surged Additional 50% Reduction,Mongolia,MNG,2021-05-03,v8,TRUE
2021-01-01,ICU_demand,0.13,0.15,0.16,0.16,0.18,0.19,Surged Additional 50% Reduction,Mongolia,MNG,2021-05-03,v8,TRUE
2021-01-01,infections,4.9,5.34,5.84,5.84,6.33,6.77,Surged Additional 50% Reduction,Mongolia,MNG,2021-05-03,v8,TRUE
2021-01-01,prevalence,33.87,36.93,40.33,40.33,43.73,46.79,Surged Additional 50% Reduction,Mongolia,MNG,2021-05-03,v8,TRUE
2021-01-01,cumulative_infections,93.09,101.75,111.38,111.38,121,129.66,Surged Additional 50% Reduction,Mongolia,MNG,2021-05-03,v8,TRUE
2021-01-01,cumulative_deaths,0.12,0.13,0.14,0.14,0.15,0.16,Surged Additional 50% Reduction,Mongolia,MNG,2021-05-03,v8,TRUE
2021-01-01,Rt,0.64,0.64,0.64,0.64,0.65,0.65,Surged Additional 50% Reduction,Mongolia,MNG,2021-05-03,v8,TRUE
2021-01-01,Reff,0.64,0.64,0.64,0.64,0.65,0.65,Surged Additional 50% Reduction,Mongolia,MNG,2021-05-03,v8,TRUE
2021-01-01,deaths,0.01,0.01,0.01,0.01,0.01,0.01,Surged Maintain Status Quo,Mongolia,MNG,2021-05-03,v8,TRUE
2021-01-01,hospital_demand,0.37,0.41,0.46,0.46,0.5,0.54,Surged Maintain Status Quo,Mongolia,MNG,2021-05-03,v8,TRUE
2021-01-01,ICU_demand,0.13,0.15,0.16,0.16,0.18,0.19,Surged Maintain Status Quo,Mongolia,MNG,2021-05-03,v8,TRUE
2021-01-01,infections,4.9,5.34,5.84,5.84,6.33,6.77,Surged Maintain Status Quo,Mongolia,MNG,2021-05-03,v8,TRUE
2021-01-01,prevalence,33.87,36.93,40.33,40.33,43.73,46.79,Surged Maintain Status Quo,Mongolia,MNG,2021-05-03,v8,TRUE
2021-01-01,cumulative_infections,93.09,101.75,111.38,111.38,121,129.66,Surged Maintain Status Quo,Mongolia,MNG,2021-05-03,v8,TRUE
2021-01-01,cumulative_deaths,0.12,0.13,0.14,0.14,0.15,0.16,Surged Maintain Status Quo,Mongolia,MNG,2021-05-03,v8,TRUE
2021-01-01,Rt,0.64,0.64,0.64,0.64,0.65,0.65,Surged Maintain Status Quo,Mongolia,MNG,2021-05-03,v8,TRUE
2021-01-01,Reff,0.64,0.64,0.64,0.64,0.65,0.65,Surged Maintain Status Quo,Mongolia,MNG,2021-05-03,v8,TRUE
2021-01-01,deaths,0.01,0.01,0.01,0.01,0.01,0.01,Surged Relax Interventions 50%,Mongolia,MNG,2021-05-03,v8,TRUE
2021-01-01,hospital_demand,0.37,0.41,0.46,0.46,0.5,0.54,Surged Relax Interventions 50%,Mongolia,MNG,2021-05-03,v8,TRUE
2021-01-01,ICU_demand,0.13,0.15,0.16,0.16,0.18,0.19,Surged Relax Interventions 50%,Mongolia,MNG,2021-05-03,v8,TRUE
2021-01-01,infections,4.9,5.34,5.84,5.84,6.33,6.77,Surged Relax Interventions 50%,Mongolia,MNG,2021-05-03,v8,TRUE
2021-01-01,prevalence,33.87,36.93,40.33,40.33,43.73,46.79,Surged Relax Interventions 50%,Mongolia,MNG,2021-05-03,v8,TRUE
2021-01-01,cumulative_infections,93.09,101.75,111.38,111.38,121,129.66,Surged Relax Interventions 50%,Mongolia,MNG,2021-05-03,v8,TRUE
2021-01-01,cumulative_deaths,0.12,0.13,0.14,0.14,0.15,0.16,Surged Relax Interventions 50%,Mongolia,MNG,2021-05-03,v8,TRUE
2021-01-01,Rt,0.64,0.64,0.64,0.64,0.65,0.65,Surged Relax Interventions 50%,Mongolia,MNG,2021-05-03,v8,TRUE
2021-01-01,Reff,0.64,0.64,0.64,0.64,0.65,0.65,Surged Relax Interventions 50%,Mongolia,MNG,2021-05-03,v8,TRUE
2021-01-02,deaths,0.01,0.01,0.01,0.01,0.01,0.01,Additional 50% Reduction,Mongolia,MNG,2021-05-03,v8,TRUE
2021-01-02,hospital_demand,0.39,0.43,0.48,0.48,0.53,0.57,Additional 50% Reduction,Mongolia,MNG,2021-05-03,v8,TRUE
2021-01-02,ICU_demand,0.14,0.15,0.17,0.17,0.19,0.2,Additional 50% Reduction,Mongolia,MNG,2021-05-03,v8,TRUE
2021-01-02,infections,4.89,5.33,5.81,5.81,6.29,6.73,Additional 50% Reduction,Mongolia,MNG,2021-05-03,v8,TRUE
2021-01-02,prevalence,32.25,35.15,38.38,38.38,41.61,44.52,Additional 50% Reduction,Mongolia,MNG,2021-05-03,v8,TRUE
2021-01-02,cumulative_infections,97.98,107.08,117.19,117.19,127.29,136.39,Additional 50% Reduction,Mongolia,MNG,2021-05-03,v8,TRUE
2021-01-02,cumulative_deaths,0.13,0.14,0.15,0.15,0.16,0.17,Additional 50% Reduction,Mongolia,MNG,2021-05-03,v8,TRUE
2021-01-02,Rt,0.85,0.85,0.86,0.86,0.86,0.86,Additional 50% Reduction,Mongolia,MNG,2021-05-03,v8,TRUE
2021-01-02,Reff,0.85,0.85,0.86,0.86,0.86,0.86,Additional 50% Reduction,Mongolia,MNG,2021-05-03,v8,TRUE
2021-01-02,deaths,0.01,0.01,0.01,0.01,0.01,0.01,Maintain Status Quo,Mongolia,MNG,2021-05-03,v8,TRUE
2021-01-02,hospital_demand,0.39,0.43,0.48,0.48,0.53,0.57,Maintain Status Quo,Mongolia,MNG,2021-05-03,v8,TRUE
2021-01-02,ICU_demand,0.14,0.15,0.17,0.17,0.19,0.2,Maintain Status Quo,Mongolia,MNG,2021-05-03,v8,TRUE
2021-01-02,infections,4.89,5.33,5.81,5.81,6.29,6.73,Maintain Status Quo,Mongolia,MNG,2021-05-03,v8,TRUE
2021-01-02,prevalence,32.25,35.15,38.38,38.38,41.61,44.52,Maintain Status Quo,Mongolia,MNG,2021-05-03,v8,TRUE
2021-01-02,cumulative_infections,97.98,107.08,117.19,117.19,127.29,136.39,Maintain Status Quo,Mongolia,MNG,2021-05-03,v8,TRUE
2021-01-02,cumulative_deaths,0.13,0.14,0.15,0.15,0.16,0.17,Maintain Status Quo,Mongolia,MNG,2021-05-03,v8,TRUE
2021-01-02,Rt,0.85,0.85,0.86,0.86,0.86,0.86,Maintain Status Quo,Mongolia,MNG,2021-05-03,v8,TRUE
2021-01-02,Reff,0.85,0.85,0.86,0.86,0.86,0.86,Maintain Status Quo,Mongolia,MNG,2021-05-03,v8,TRUE
2021-01-02,deaths,0.01,0.01,0.01,0.01,0.01,0.01,Relax Interventions 50%,Mongolia,MNG,2021-05-03,v8,TRUE
2021-01-02,hospital_demand,0.39,0.43,0.48,0.48,0.53,0.57,Relax Interventions 50%,Mongolia,MNG,2021-05-03,v8,TRUE
2021-01-02,ICU_demand,0.14,0.15,0.17,0.17,0.19,0.2,Relax Interventions 50%,Mongolia,MNG,2021-05-03,v8,TRUE
2021-01-02,infections,4.89,5.33,5.81,5.81,6.29,6.73,Relax Interventions 50%,Mongolia,MNG,2021-05-03,v8,TRUE
2021-01-02,prevalence,32.25,35.15,38.38,38.38,41.61,44.52,Relax Interventions 50%,Mongolia,MNG,2021-05-03,v8,TRUE
2021-01-02,cumulative_infections,97.98,107.08,117.19,117.19,127.29,136.39,Relax Interventions 50%,Mongolia,MNG,2021-05-03,v8,TRUE
2021-01-02,cumulative_deaths,0.13,0.14,0.15,0.15,0.16,0.17,Relax Interventions 50%,Mongolia,MNG,2021-05-03,v8,TRUE
2021-01-02,Rt,0.85,0.85,0.86,0.86,0.86,0.86,Relax Interventions 50%,Mongolia,MNG,2021-05-03,v8,TRUE
2021-01-02,Reff,0.85,0.85,0.86,0.86,0.86,0.86,Relax Interventions 50%,Mongolia,MNG,2021-05-03,v8,TRUE
2021-01-02,deaths,0.01,0.01,0.01,0.01,0.01,0.01,Surged Additional 50% Reduction,Mongolia,MNG,2021-05-03,v8,TRUE
2021-01-02,hospital_demand,0.39,0.43,0.48,0.48,0.53,0.57,Surged Additional 50% Reduction,Mongolia,MNG,2021-05-03,v8,TRUE
2021-01-02,ICU_demand,0.14,0.15,0.17,0.17,0.19,0.2,Surged Additional 50% Reduction,Mongolia,MNG,2021-05-03,v8,TRUE
2021-01-02,infections,4.89,5.33,5.81,5.81,6.29,6.73,Surged Additional 50% Reduction,Mongolia,MNG,2021-05-03,v8,TRUE
2021-01-02,prevalence,32.25,35.15,38.38,38.38,41.61,44.52,Surged Additional 50% Reduction,Mongolia,MNG,2021-05-03,v8,TRUE
2021-01-02,cumulative_infections,97.98,107.08,117.19,117.19,127.29,136.39,Surged Additional 50% Reduction,Mongolia,MNG,2021-05-03,v8,TRUE
2021-01-02,cumulative_deaths,0.13,0.14,0.15,0.15,0.16,0.17,Surged Additional 50% Reduction,Mongolia,MNG,2021-05-03,v8,TRUE
2021-01-02,Rt,0.85,0.85,0.86,0.86,0.86,0.86,Surged Additional 50% Reduction,Mongolia,MNG,2021-05-03,v8,TRUE
2021-01-02,Reff,0.85,0.85,0.86,0.86,0.86,0.86,Surged Additional 50% Reduction,Mongolia,MNG,2021-05-03,v8,TRUE
2021-01-02,deaths,0.01,0.01,0.01,0.01,0.01,0.01,Surged Maintain Status Quo,Mongolia,MNG,2021-05-03,v8,TRUE
2021-01-02,hospital_demand,0.39,0.43,0.48,0.48,0.53,0.57,Surged Maintain Status Quo,Mongolia,MNG,2021-05-03,v8,TRUE
2021-01-02,ICU_demand,0.14,0.15,0.17,0.17,0.19,0.2,Surged Maintain Status Quo,Mongolia,MNG,2021-05-03,v8,TRUE
2021-01-02,infections,4.89,5.33,5.81,5.81,6.29,6.73,Surged Maintain Status Quo,Mongolia,MNG,2021-05-03,v8,TRUE
2021-01-02,prevalence,32.25,35.15,38.38,38.38,41.61,44.52,Surged Maintain Status Quo,Mongolia,MNG,2021-05-03,v8,TRUE
2021-01-02,cumulative_infections,97.98,107.08,117.19,117.19,127.29,136.39,Surged Maintain Status Quo,Mongolia,MNG,2021-05-03,v8,TRUE
2021-01-02,cumulative_deaths,0.13,0.14,0.15,0.15,0.16,0.17,Surged Maintain Status Quo,Mongolia,MNG,2021-05-03,v8,TRUE
2021-01-02,Rt,0.85,0.85,0.86,0.86,0.86,0.86,Surged Maintain Status Quo,Mongolia,MNG,2021-05-03,v8,TRUE
2021-01-02,Reff,0.85,0.85,0.86,0.86,0.86,0.86,Surged Maintain Status Quo,Mongolia,MNG,2021-05-03,v8,TRUE
2021-01-02,deaths,0.01,0.01,0.01,0.01,0.01,0.01,Surged Relax Interventions 50%,Mongolia,MNG,2021-05-03,v8,TRUE
2021-01-02,hospital_demand,0.39,0.43,0.48,0.48,0.53,0.57,Surged Relax Interventions 50%,Mongolia,MNG,2021-05-03,v8,TRUE
2021-01-02,ICU_demand,0.14,0.15,0.17,0.17,0.19,0.2,Surged Relax Interventions 50%,Mongolia,MNG,2021-05-03,v8,TRUE
2021-01-02,infections,4.89,5.33,5.81,5.81,6.29,6.73,Surged Relax Interventions 50%,Mongolia,MNG,2021-05-03,v8,TRUE
2021-01-02,prevalence,32.25,35.15,38.38,38.38,41.61,44.52,Surged Relax Interventions 50%,Mongolia,MNG,2021-05-03,v8,TRUE
2021-01-02,cumulative_infections,97.98,107.08,117.19,117.19,127.29,136.39,Surged Relax Interventions 50%,Mongolia,MNG,2021-05-03,v8,TRUE
2021-01-02,cumulative_deaths,0.13,0.14,0.15,0.15,0.16,0.17,Surged Relax Interventions 50%,Mongolia,MNG,2021-05-03,v8,TRUE
2021-01-02,Rt,0.85,0.85,0.86,0.86,0.86,0.86,Surged Relax Interventions 50%,Mongolia,MNG,2021-05-03,v8,TRUE
2021-01-02,Reff,0.85,0.85,0.86,0.86,0.86,0.86,Surged Relax Interventions 50%,Mongolia,MNG,2021-05-03,v8,TRUE
2021-01-03,deaths,0.01,0.01,0.01,0.01,0.01,0.01,Additional 50% Reduction,Mongolia,MNG,2021-05-03,v8,TRUE
2021-01-03,hospital_demand,0.41,0.45,0.5,0.5,0.55,0.59,Additional 50% Reduction,Mongolia,MNG,2021-05-03,v8,TRUE
2021-01-03,ICU_demand,0.15,0.16,0.18,0.18,0.19,0.21,Additional 50% Reduction,Mongolia,MNG,2021-05-03,v8,TRUE
2021-01-03,infections,4.73,5.15,5.61,5.61,6.07,6.49,Additional 50% Reduction,Mongolia,MNG,2021-05-03,v8,TRUE
2021-01-03,prevalence,31.63,34.44,37.57,37.57,40.69,43.51,Additional 50% Reduction,Mongolia,MNG,2021-05-03,v8,TRUE
2021-01-03,cumulative_infections,102.71,112.22,122.79,122.79,133.36,142.88,Additional 50% Reduction,Mongolia,MNG,2021-05-03,v8,TRUE
2021-01-03,cumulative_deaths,0.13,0.15,0.16,0.16,0.17,0.18,Additional 50% Reduction,Mongolia,MNG,2021-05-03,v8,TRUE
2021-01-03,Rt,0.93,0.94,0.95,0.95,0.96,0.96,Additional 50% Reduction,Mongolia,MNG,2021-05-03,v8,TRUE
2021-01-03,Reff,0.93,0.94,0.95,0.95,0.96,0.96,Additional 50% Reduction,Mongolia,MNG,2021-05-03,v8,TRUE
2021-01-03,deaths,0.01,0.01,0.01,0.01,0.01,0.01,Maintain Status Quo,Mongolia,MNG,2021-05-03,v8,TRUE
2021-01-03,hospital_demand,0.41,0.45,0.5,0.5,0.55,0.59,Maintain Status Quo,Mongolia,MNG,2021-05-03,v8,TRUE
2021-01-03,ICU_demand,0.15,0.16,0.18,0.18,0.19,0.21,Maintain Status Quo,Mongolia,MNG,2021-05-03,v8,TRUE
2021-01-03,infections,4.73,5.15,5.61,5.61,6.07,6.49,Maintain Status Quo,Mongolia,MNG,2021-05-03,v8,TRUE
2021-01-03,prevalence,31.63,34.44,37.57,37.57,40.69,43.51,Maintain Status Quo,Mongolia,MNG,2021-05-03,v8,TRUE
2021-01-03,cumulative_infections,102.71,112.22,122.79,122.79,133.36,142.88,Maintain Status Quo,Mongolia,MNG,2021-05-03,v8,TRUE
2021-01-03,cumulative_deaths,0.13,0.15,0.16,0.16,0.17,0.18,Maintain Status Quo,Mongolia,MNG,2021-05-03,v8,TRUE
2021-01-03,Rt,0.93,0.94,0.95,0.95,0.96,0.96,Maintain Status Quo,Mongolia,MNG,2021-05-03,v8,TRUE
2021-01-03,Reff,0.93,0.94,0.95,0.95,0.96,0.96,Maintain Status Quo,Mongolia,MNG,2021-05-03,v8,TRUE
2021-01-03,deaths,0.01,0.01,0.01,0.01,0.01,0.01,Relax Interventions 50%,Mongolia,MNG,2021-05-03,v8,TRUE
2021-01-03,hospital_demand,0.41,0.45,0.5,0.5,0.55,0.59,Relax Interventions 50%,Mongolia,MNG,2021-05-03,v8,TRUE
2021-01-03,ICU_demand,0.15,0.16,0.18,0.18,0.19,0.21,Relax Interventions 50%,Mongolia,MNG,2021-05-03,v8,TRUE
2021-01-03,infections,4.73,5.15,5.61,5.61,6.07,6.49,Relax Interventions 50%,Mongolia,MNG,2021-05-03,v8,TRUE
2021-01-03,prevalence,31.63,34.44,37.57,37.57,40.69,43.51,Relax Interventions 50%,Mongolia,MNG,2021-05-03,v8,TRUE
2021-01-03,cumulative_infections,102.71,112.22,122.79,122.79,133.36,142.88,Relax Interventions 50%,Mongolia,MNG,2021-05-03,v8,TRUE
2021-01-03,cumulative_deaths,0.13,0.15,0.16,0.16,0.17,0.18,Relax Interventions 50%,Mongolia,MNG,2021-05-03,v8,TRUE
2021-01-03,Rt,0.93,0.94,0.95,0.95,0.96,0.96,Relax Interventions 50%,Mongolia,MNG,2021-05-03,v8,TRUE
2021-01-03,Reff,0.93,0.94,0.95,0.95,0.96,0.96,Relax Interventions 50%,Mongolia,MNG,2021-05-03,v8,TRUE
2021-01-03,deaths,0.01,0.01,0.01,0.01,0.01,0.01,Surged Additional 50% Reduction,Mongolia,MNG,2021-05-03,v8,TRUE
2021-01-03,hospital_demand,0.41,0.45,0.5,0.5,0.55,0.59,Surged Additional 50% Reduction,Mongolia,MNG,2021-05-03,v8,TRUE
2021-01-03,ICU_demand,0.15,0.16,0.18,0.18,0.19,0.21,Surged Additional 50% Reduction,Mongolia,MNG,2021-05-03,v8,TRUE
2021-01-03,infections,4.73,5.15,5.61,5.61,6.07,6.49,Surged Additional 50% Reduction,Mongolia,MNG,2021-05-03,v8,TRUE
2021-01-03,prevalence,31.63,34.44,37.57,37.57,40.69,43.51,Surged Additional 50% Reduction,Mongolia,MNG,2021-05-03,v8,TRUE
2021-01-03,cumulative_infections,102.71,112.22,122.79,122.79,133.36,142.88,Surged Additional 50% Reduction,Mongolia,MNG,2021-05-03,v8,TRUE
2021-01-03,cumulative_deaths,0.13,0.15,0.16,0.16,0.17,0.18,Surged Additional 50% Reduction,Mongolia,MNG,2021-05-03,v8,TRUE
2021-01-03,Rt,0.93,0.94,0.95,0.95,0.96,0.96,Surged Additional 50% Reduction,Mongolia,MNG,2021-05-03,v8,TRUE
2021-01-03,Reff,0.93,0.94,0.95,0.95,0.96,0.96,Surged Additional 50% Reduction,Mongolia,MNG,2021-05-03,v8,TRUE
2021-01-03,deaths,0.01,0.01,0.01,0.01,0.01,0.01,Surged Maintain Status Quo,Mongolia,MNG,2021-05-03,v8,TRUE
2021-01-03,hospital_demand,0.41,0.45,0.5,0.5,0.55,0.59,Surged Maintain Status Quo,Mongolia,MNG,2021-05-03,v8,TRUE
2021-01-03,ICU_demand,0.15,0.16,0.18,0.18,0.19,0.21,Surged Maintain Status Quo,Mongolia,MNG,2021-05-03,v8,TRUE
2021-01-03,infections,4.73,5.15,5.61,5.61,6.07,6.49,Surged Maintain Status Quo,Mongolia,MNG,2021-05-03,v8,TRUE
2021-01-03,prevalence,31.63,34.44,37.57,37.57,40.69,43.51,Surged Maintain Status Quo,Mongolia,MNG,2021-05-03,v8,TRUE
2021-01-03,cumulative_infections,102.71,112.22,122.79,122.79,133.36,142.88,Surged Maintain Status Quo,Mongolia,MNG,2021-05-03,v8,TRUE
2021-01-03,cumulative_deaths,0.13,0.15,0.16,0.16,0.17,0.18,Surged Maintain Status Quo,Mongolia,MNG,2021-05-03,v8,TRUE
2021-01-03,Rt,0.93,0.94,0.95,0.95,0.96,0.96,Surged Maintain Status Quo,Mongolia,MNG,2021-05-03,v8,TRUE
2021-01-03,Reff,0.93,0.94,0.95,0.95,0.96,0.96,Surged Maintain Status Quo,Mongolia,MNG,2021-05-03,v8,TRUE
2021-01-03,deaths,0.01,0.01,0.01,0.01,0.01,0.01,Surged Relax Interventions 50%,Mongolia,MNG,2021-05-03,v8,TRUE
2021-01-03,hospital_demand,0.41,0.45,0.5,0.5,0.55,0.59,Surged Relax Interventions 50%,Mongolia,MNG,2021-05-03,v8,TRUE
2021-01-03,ICU_demand,0.15,0.16,0.18,0.18,0.19,0.21,Surged Relax Interventions 50%,Mongolia,MNG,2021-05-03,v8,TRUE
2021-01-03,infections,4.73,5.15,5.61,5.61,6.07,6.49,Surged Relax Interventions 50%,Mongolia,MNG,2021-05-03,v8,TRUE
2021-01-03,prevalence,31.63,34.44,37.57,37.57,40.69,43.51,Surged Relax Interventions 50%,Mongolia,MNG,2021-05-03,v8,TRUE
2021-01-03,cumulative_infections,102.71,112.22,122.79,122.79,133.36,142.88,Surged Relax Interventions 50%,Mongolia,MNG,2021-05-03,v8,TRUE
2021-01-03,cumulative_deaths,0.13,0.15,0.16,0.16,0.17,0.18,Surged Relax Interventions 50%,Mongolia,MNG,2021-05-03,v8,TRUE
2021-01-03,Rt,0.93,0.94,0.95,0.95,0.96,0.96,Surged Relax Interventions 50%,Mongolia,MNG,2021-05-03,v8,TRUE
2021-01-03,Reff,0.93,0.94,0.95,0.95,0.96,0.96,Surged Relax Interventions 50%,Mongolia,MNG,2021-05-03,v8,TRUE
2021-01-04,deaths,0.01,0.01,0.01,0.01,0.01,0.01,Additional 50% Reduction,Mongolia,MNG,2021-05-03,v8,TRUE
2021-01-04,hospital_demand,0.42,0.47,0.52,0.52,0.57,0.61,Additional 50% Reduction,Mongolia,MNG,2021-05-03,v8,TRUE
2021-01-04,ICU_demand,0.15,0.17,0.19,0.19,0.2,0.22,Additional 50% Reduction,Mongolia,MNG,2021-05-03,v8,TRUE
2021-01-04,infections,4.62,5.02,5.47,5.47,5.91,6.31,Additional 50% Reduction,Mongolia,MNG,2021-05-03,v8,TRUE
2021-01-04,prevalence,31.48,34.23,37.28,37.28,40.34,43.09,Additional 50% Reduction,Mongolia,MNG,2021-05-03,v8,TRUE
2021-01-04,cumulative_infections,107.33,117.24,128.26,128.26,139.27,149.19,Additional 50% Reduction,Mongolia,MNG,2021-05-03,v8,TRUE
2021-01-04,cumulative_deaths,0.14,0.16,0.17,0.17,0.18,0.2,Additional 50% Reduction,Mongolia,MNG,2021-05-03,v8,TRUE
2021-01-04,Rt,0.97,0.98,0.99,0.99,1,1.01,Additional 50% Reduction,Mongolia,MNG,2021-05-03,v8,TRUE
2021-01-04,Reff,0.97,0.98,0.99,0.99,1,1,Additional 50% Reduction,Mongolia,MNG,2021-05-03,v8,TRUE
2021-01-04,deaths,0.01,0.01,0.01,0.01,0.01,0.01,Maintain Status Quo,Mongolia,MNG,2021-05-03,v8,TRUE
2021-01-04,hospital_demand,0.42,0.47,0.52,0.52,0.57,0.61,Maintain Status Quo,Mongolia,MNG,2021-05-03,v8,TRUE
2021-01-04,ICU_demand,0.15,0.17,0.19,0.19,0.2,0.22,Maintain Status Quo,Mongolia,MNG,2021-05-03,v8,TRUE
2021-01-04,infections,4.62,5.02,5.47,5.47,5.91,6.31,Maintain Status Quo,Mongolia,MNG,2021-05-03,v8,TRUE
2021-01-04,prevalence,31.48,34.23,37.28,37.28,40.34,43.09,Maintain Status Quo,Mongolia,MNG,2021-05-03,v8,TRUE
2021-01-04,cumulative_infections,107.33,117.24,128.26,128.26,139.27,149.19,Maintain Status Quo,Mongolia,MNG,2021-05-03,v8,TRUE
2021-01-04,cumulative_deaths,0.14,0.16,0.17,0.17,0.18,0.2,Maintain Status Quo,Mongolia,MNG,2021-05-03,v8,TRUE
2021-01-04,Rt,0.97,0.98,0.99,0.99,1,1.01,Maintain Status Quo,Mongolia,MNG,2021-05-03,v8,TRUE
2021-01-04,Reff,0.97,0.98,0.99,0.99,1,1,Maintain Status Quo,Mongolia,MNG,2021-05-03,v8,TRUE
2021-01-04,deaths,0.01,0.01,0.01,0.01,0.01,0.01,Relax Interventions 50%,Mongolia,MNG,2021-05-03,v8,TRUE
2021-01-04,hospital_demand,0.42,0.47,0.52,0.52,0.57,0.61,Relax Interventions 50%,Mongolia,MNG,2021-05-03,v8,TRUE
2021-01-04,ICU_demand,0.15,0.17,0.19,0.19,0.2,0.22,Relax Interventions 50%,Mongolia,MNG,2021-05-03,v8,TRUE
2021-01-04,infections,4.62,5.02,5.47,5.47,5.91,6.31,Relax Interventions 50%,Mongolia,MNG,2021-05-03,v8,TRUE
2021-01-04,prevalence,31.48,34.23,37.28,37.28,40.34,43.09,Relax Interventions 50%,Mongolia,MNG,2021-05-03,v8,TRUE
2021-01-04,cumulative_infections,107.33,117.24,128.26,128.26,139.27,149.19,Relax Interventions 50%,Mongolia,MNG,2021-05-03,v8,TRUE
2021-01-04,cumulative_deaths,0.14,0.16,0.17,0.17,0.18,0.2,Relax Interventions 50%,Mongolia,MNG,2021-05-03,v8,TRUE
2021-01-04,Rt,0.97,0.98,0.99,0.99,1,1.01,Relax Interventions 50%,Mongolia,MNG,2021-05-03,v8,TRUE
2021-01-04,Reff,0.97,0.98,0.99,0.99,1,1,Relax Interventions 50%,Mongolia,MNG,2021-05-03,v8,TRUE
2021-01-04,deaths,0.01,0.01,0.01,0.01,0.01,0.01,Surged Additional 50% Reduction,Mongolia,MNG,2021-05-03,v8,TRUE
2021-01-04,hospital_demand,0.42,0.47,0.52,0.52,0.57,0.61,Surged Additional 50% Reduction,Mongolia,MNG,2021-05-03,v8,TRUE
2021-01-04,ICU_demand,0.15,0.17,0.19,0.19,0.2,0.22,Surged Additional 50% Reduction,Mongolia,MNG,2021-05-03,v8,TRUE
2021-01-04,infections,4.62,5.02,5.47,5.47,5.91,6.31,Surged Additional 50% Reduction,Mongolia,MNG,2021-05-03,v8,TRUE
2021-01-04,prevalence,31.48,34.23,37.28,37.28,40.34,43.09,Surged Additional 50% Reduction,Mongolia,MNG,2021-05-03,v8,TRUE
2021-01-04,cumulative_infections,107.33,117.24,128.26,128.26,139.27,149.19,Surged Additional 50% Reduction,Mongolia,MNG,2021-05-03,v8,TRUE
2021-01-04,cumulative_deaths,0.14,0.16,0.17,0.17,0.18,0.2,Surged Additional 50% Reduction,Mongolia,MNG,2021-05-03,v8,TRUE
2021-01-04,Rt,0.97,0.98,0.99,0.99,1,1.01,Surged Additional 50% Reduction,Mongolia,MNG,2021-05-03,v8,TRUE
2021-01-04,Reff,0.97,0.98,0.99,0.99,1,1,Surged Additional 50% Reduction,Mongolia,MNG,2021-05-03,v8,TRUE
2021-01-04,deaths,0.01,0.01,0.01,0.01,0.01,0.01,Surged Maintain Status Quo,Mongolia,MNG,2021-05-03,v8,TRUE
2021-01-04,hospital_demand,0.42,0.47,0.52,0.52,0.57,0.61,Surged Maintain Status Quo,Mongolia,MNG,2021-05-03,v8,TRUE
2021-01-04,ICU_demand,0.15,0.17,0.19,0.19,0.2,0.22,Surged Maintain Status Quo,Mongolia,MNG,2021-05-03,v8,TRUE
2021-01-04,infections,4.62,5.02,5.47,5.47,5.91,6.31,Surged Maintain Status Quo,Mongolia,MNG,2021-05-03,v8,TRUE
2021-01-04,prevalence,31.48,34.23,37.28,37.28,40.34,43.09,Surged Maintain Status Quo,Mongolia,MNG,2021-05-03,v8,TRUE
2021-01-04,cumulative_infections,107.33,117.24,128.26,128.26,139.27,149.19,Surged Maintain Status Quo,Mongolia,MNG,2021-05-03,v8,TRUE
2021-01-04,cumulative_deaths,0.14,0.16,0.17,0.17,0.18,0.2,Surged Maintain Status Quo,Mongolia,MNG,2021-05-03,v8,TRUE
2021-01-04,Rt,0.97,0.98,0.99,0.99,1,1.01,Surged Maintain Status Quo,Mongolia,MNG,2021-05-03,v8,TRUE
2021-01-04,Reff,0.97,0.98,0.99,0.99,1,1,Surged Maintain Status Quo,Mongolia,MNG,2021-05-03,v8,TRUE
2021-01-04,deaths,0.01,0.01,0.01,0.01,0.01,0.01,Surged Relax Interventions 50%,Mongolia,MNG,2021-05-03,v8,TRUE
2021-01-04,hospital_demand,0.42,0.47,0.52,0.52,0.57,0.61,Surged Relax Interventions 50%,Mongolia,MNG,2021-05-03,v8,TRUE
2021-01-04,ICU_demand,0.15,0.17,0.19,0.19,0.2,0.22,Surged Relax Interventions 50%,Mongolia,MNG,2021-05-03,v8,TRUE
2021-01-04,infections,4.62,5.02,5.47,5.47,5.91,6.31,Surged Relax Interventions 50%,Mongolia,MNG,2021-05-03,v8,TRUE
2021-01-04,prevalence,31.48,34.23,37.28,37.28,40.34,43.09,Surged Relax Interventions 50%,Mongolia,MNG,2021-05-03,v8,TRUE
2021-01-04,cumulative_infections,107.33,117.24,128.26,128.26,139.27,149.19,Surged Relax Interventions 50%,Mongolia,MNG,2021-05-03,v8,TRUE
2021-01-04,cumulative_deaths,0.14,0.16,0.17,0.17,0.18,0.2,Surged Relax Interventions 50%,Mongolia,MNG,2021-05-03,v8,TRUE
2021-01-04,Rt,0.97,0.98,0.99,0.99,1,1.01,Surged Relax Interventions 50%,Mongolia,MNG,2021-05-03,v8,TRUE
2021-01-04,Reff,0.97,0.98,0.99,0.99,1,1,Surged Relax Interventions 50%,Mongolia,MNG,2021-05-03,v8,TRUE
2021-01-05,deaths,0.01,0.01,0.01,0.01,0.01,0.01,Additional 50% Reduction,Mongolia,MNG,2021-05-03,v8,TRUE
2021-01-05,hospital_demand,0.44,0.48,0.54,0.54,0.59,0.63,Additional 50% Reduction,Mongolia,MNG,2021-05-03,v8,TRUE
2021-01-05,ICU_demand,0.16,0.17,0.19,0.19,0.21,0.23,Additional 50% Reduction,Mongolia,MNG,2021-05-03,v8,TRUE
2021-01-05,infections,4.57,4.96,5.4,5.4,5.83,6.22,Additional 50% Reduction,Mongolia,MNG,2021-05-03,v8,TRUE
2021-01-05,prevalence,31.5,34.2,37.2,37.2,40.19,42.89,Additional 50% Reduction,Mongolia,MNG,2021-05-03,v8,TRUE
2021-01-05,cumulative_infections,111.9,122.21,133.66,133.66,145.11,155.41,Additional 50% Reduction,Mongolia,MNG,2021-05-03,v8,TRUE
2021-01-05,cumulative_deaths,0.15,0.17,0.18,0.18,0.2,0.21,Additional 50% Reduction,Mongolia,MNG,2021-05-03,v8,TRUE
2021-01-05,Rt,0.87,0.87,0.87,0.87,0.88,0.88,Additional 50% Reduction,Mongolia,MNG,2021-05-03,v8,TRUE
2021-01-05,Reff,0.87,0.87,0.87,0.87,0.88,0.88,Additional 50% Reduction,Mongolia,MNG,2021-05-03,v8,TRUE
2021-01-05,deaths,0.01,0.01,0.01,0.01,0.01,0.01,Maintain Status Quo,Mongolia,MNG,2021-05-03,v8,TRUE
2021-01-05,hospital_demand,0.44,0.48,0.54,0.54,0.59,0.63,Maintain Status Quo,Mongolia,MNG,2021-05-03,v8,TRUE
2021-01-05,ICU_demand,0.16,0.17,0.19,0.19,0.21,0.23,Maintain Status Quo,Mongolia,MNG,2021-05-03,v8,TRUE
2021-01-05,infections,4.57,4.96,5.4,5.4,5.83,6.22,Maintain Status Quo,Mongolia,MNG,2021-05-03,v8,TRUE
2021-01-05,prevalence,31.5,34.2,37.2,37.2,40.19,42.89,Maintain Status Quo,Mongolia,MNG,2021-05-03,v8,TRUE
2021-01-05,cumulative_infections,111.9,122.21,133.66,133.66,145.11,155.41,Maintain Status Quo,Mongolia,MNG,2021-05-03,v8,TRUE
2021-01-05,cumulative_deaths,0.15,0.17,0.18,0.18,0.2,0.21,Maintain Status Quo,Mongolia,MNG,2021-05-03,v8,TRUE
2021-01-05,Rt,0.87,0.87,0.87,0.87,0.88,0.88,Maintain Status Quo,Mongolia,MNG,2021-05-03,v8,TRUE
2021-01-05,Reff,0.87,0.87,0.87,0.87,0.88,0.88,Maintain Status Quo,Mongolia,MNG,2021-05-03,v8,TRUE
2021-01-05,deaths,0.01,0.01,0.01,0.01,0.01,0.01,Relax Interventions 50%,Mongolia,MNG,2021-05-03,v8,TRUE
2021-01-05,hospital_demand,0.44,0.48,0.54,0.54,0.59,0.63,Relax Interventions 50%,Mongolia,MNG,2021-05-03,v8,TRUE
2021-01-05,ICU_demand,0.16,0.17,0.19,0.19,0.21,0.23,Relax Interventions 50%,Mongolia,MNG,2021-05-03,v8,TRUE
2021-01-05,infections,4.57,4.96,5.4,5.4,5.83,6.22,Relax Interventions 50%,Mongolia,MNG,2021-05-03,v8,TRUE
2021-01-05,prevalence,31.5,34.2,37.2,37.2,40.19,42.89,Relax Interventions 50%,Mongolia,MNG,2021-05-03,v8,TRUE
2021-01-05,cumulative_infections,111.9,122.21,133.66,133.66,145.11,155.41,Relax Interventions 50%,Mongolia,MNG,2021-05-03,v8,TRUE
2021-01-05,cumulative_deaths,0.15,0.17,0.18,0.18,0.2,0.21,Relax Interventions 50%,Mongolia,MNG,2021-05-03,v8,TRUE
2021-01-05,Rt,0.87,0.87,0.87,0.87,0.88,0.88,Relax Interventions 50%,Mongolia,MNG,2021-05-03,v8,TRUE
2021-01-05,Reff,0.87,0.87,0.87,0.87,0.88,0.88,Relax Interventions 50%,Mongolia,MNG,2021-05-03,v8,TRUE
2021-01-05,deaths,0.01,0.01,0.01,0.01,0.01,0.01,Surged Additional 50% Reduction,Mongolia,MNG,2021-05-03,v8,TRUE
2021-01-05,hospital_demand,0.44,0.48,0.54,0.54,0.59,0.63,Surged Additional 50% Reduction,Mongolia,MNG,2021-05-03,v8,TRUE
2021-01-05,ICU_demand,0.16,0.17,0.19,0.19,0.21,0.23,Surged Additional 50% Reduction,Mongolia,MNG,2021-05-03,v8,TRUE
2021-01-05,infections,4.57,4.96,5.4,5.4,5.83,6.22,Surged Additional 50% Reduction,Mongolia,MNG,2021-05-03,v8,TRUE
2021-01-05,prevalence,31.5,34.2,37.2,37.2,40.19,42.89,Surged Additional 50% Reduction,Mongolia,MNG,2021-05-03,v8,TRUE
2021-01-05,cumulative_infections,111.9,122.21,133.66,133.66,145.11,155.41,Surged Additional 50% Reduction,Mongolia,MNG,2021-05-03,v8,TRUE
2021-01-05,cumulative_deaths,0.15,0.17,0.18,0.18,0.2,0.21,Surged Additional 50% Reduction,Mongolia,MNG,2021-05-03,v8,TRUE
2021-01-05,Rt,0.87,0.87,0.87,0.87,0.88,0.88,Surged Additional 50% Reduction,Mongolia,MNG,2021-05-03,v8,TRUE
2021-01-05,Reff,0.87,0.87,0.87,0.87,0.88,0.88,Surged Additional 50% Reduction,Mongolia,MNG,2021-05-03,v8,TRUE
2021-01-05,deaths,0.01,0.01,0.01,0.01,0.01,0.01,Surged Maintain Status Quo,Mongolia,MNG,2021-05-03,v8,TRUE
2021-01-05,hospital_demand,0.44,0.48,0.54,0.54,0.59,0.63,Surged Maintain Status Quo,Mongolia,MNG,2021-05-03,v8,TRUE
2021-01-05,ICU_demand,0.16,0.17,0.19,0.19,0.21,0.23,Surged Maintain Status Quo,Mongolia,MNG,2021-05-03,v8,TRUE
2021-01-05,infections,4.57,4.96,5.4,5.4,5.83,6.22,Surged Maintain Status Quo,Mongolia,MNG,2021-05-03,v8,TRUE
2021-01-05,prevalence,31.5,34.2,37.2,37.2,40.19,42.89,Surged Maintain Status Quo,Mongolia,MNG,2021-05-03,v8,TRUE
2021-01-05,cumulative_infections,111.9,122.21,133.66,133.66,145.11,155.41,Surged Maintain Status Quo,Mongolia,MNG,2021-05-03,v8,TRUE
2021-01-05,cumulative_deaths,0.15,0.17,0.18,0.18,0.2,0.21,Surged Maintain Status Quo,Mongolia,MNG,2021-05-03,v8,TRUE
2021-01-05,Rt,0.87,0.87,0.87,0.87,0.88,0.88,Surged Maintain Status Quo,Mongolia,MNG,2021-05-03,v8,TRUE
2021-01-05,Reff,0.87,0.87,0.87,0.87,0.88,0.88,Surged Maintain Status Quo,Mongolia,MNG,2021-05-03,v8,TRUE
2021-01-05,deaths,0.01,0.01,0.01,0.01,0.01,0.01,Surged Relax Interventions 50%,Mongolia,MNG,2021-05-03,v8,TRUE
2021-01-05,hospital_demand,0.44,0.48,0.54,0.54,0.59,0.63,Surged Relax Interventions 50%,Mongolia,MNG,2021-05-03,v8,TRUE
2021-01-05,ICU_demand,0.16,0.17,0.19,0.19,0.21,0.23,Surged Relax Interventions 50%,Mongolia,MNG,2021-05-03,v8,TRUE
2021-01-05,infections,4.57,4.96,5.4,5.4,5.83,6.22,Surged Relax Interventions 50%,Mongolia,MNG,2021-05-03,v8,TRUE
2021-01-05,prevalence,31.5,34.2,37.2,37.2,40.19,42.89,Surged Relax Interventions 50%,Mongolia,MNG,2021-05-03,v8,TRUE
2021-01-05,cumulative_infections,111.9,122.21,133.66,133.66,145.11,155.41,Surged Relax Interventions 50%,Mongolia,MNG,2021-05-03,v8,TRUE
2021-01-05,cumulative_deaths,0.15,0.17,0.18,0.18,0.2,0.21,Surged Relax Interventions 50%,Mongolia,MNG,2021-05-03,v8,TRUE
2021-01-05,Rt,0.87,0.87,0.87,0.87,0.88,0.88,Surged Relax Interventions 50%,Mongolia,MNG,2021-05-03,v8,TRUE
2021-01-05,Reff,0.87,0.87,0.87,0.87,0.88,0.88,Surged Relax Interventions 50%,Mongolia,MNG,2021-05-03,v8,TRUE
2021-01-06,deaths,0.01,0.01,0.01,0.01,0.01,0.01,Additional 50% Reduction,Mongolia,MNG,2021-05-03,v8,TRUE
2021-01-06,hospital_demand,0.45,0.5,0.55,0.55,0.6,0.65,Additional 50% Reduction,Mongolia,MNG,2021-05-03,v8,TRUE
2021-01-06,ICU_demand,0.16,0.18,0.2,0.2,0.22,0.23,Additional 50% Reduction,Mongolia,MNG,2021-05-03,v8,TRUE
2021-01-06,infections,4.52,4.91,5.33,5.33,5.76,6.14,Additional 50% Reduction,Mongolia,MNG,2021-05-03,v8,TRUE
2021-01-06,prevalence,30.9,33.57,36.54,36.54,39.51,42.18,Additional 50% Reduction,Mongolia,MNG,2021-05-03,v8,TRUE
2021-01-06,cumulative_infections,116.43,127.11,138.99,138.99,150.87,161.56,Additional 50% Reduction,Mongolia,MNG,2021-05-03,v8,TRUE
2021-01-06,cumulative_deaths,0.16,0.18,0.19,0.19,0.21,0.22,Additional 50% Reduction,Mongolia,MNG,2021-05-03,v8,TRUE
2021-01-06,Rt,0.9,0.9,0.9,0.9,0.9,0.91,Additional 50% Reduction,Mongolia,MNG,2021-05-03,v8,TRUE
2021-01-06,Reff,0.9,0.9,0.9,0.9,0.9,0.91,Additional 50% Reduction,Mongolia,MNG,2021-05-03,v8,TRUE
2021-01-06,deaths,0.01,0.01,0.01,0.01,0.01,0.01,Maintain Status Quo,Mongolia,MNG,2021-05-03,v8,TRUE
2021-01-06,hospital_demand,0.45,0.5,0.55,0.55,0.6,0.65,Maintain Status Quo,Mongolia,MNG,2021-05-03,v8,TRUE
2021-01-06,ICU_demand,0.16,0.18,0.2,0.2,0.22,0.23,Maintain Status Quo,Mongolia,MNG,2021-05-03,v8,TRUE
2021-01-06,infections,4.52,4.91,5.33,5.33,5.76,6.14,Maintain Status Quo,Mongolia,MNG,2021-05-03,v8,TRUE
2021-01-06,prevalence,30.9,33.57,36.54,36.54,39.51,42.18,Maintain Status Quo,Mongolia,MNG,2021-05-03,v8,TRUE
2021-01-06,cumulative_infections,116.43,127.11,138.99,138.99,150.87,161.56,Maintain Status Quo,Mongolia,MNG,2021-05-03,v8,TRUE
2021-01-06,cumulative_deaths,0.16,0.18,0.19,0.19,0.21,0.22,Maintain Status Quo,Mongolia,MNG,2021-05-03,v8,TRUE
2021-01-06,Rt,0.9,0.9,0.9,0.9,0.9,0.91,Maintain Status Quo,Mongolia,MNG,2021-05-03,v8,TRUE
2021-01-06,Reff,0.9,0.9,0.9,0.9,0.9,0.91,Maintain Status Quo,Mongolia,MNG,2021-05-03,v8,TRUE
2021-01-06,deaths,0.01,0.01,0.01,0.01,0.01,0.01,Relax Interventions 50%,Mongolia,MNG,2021-05-03,v8,TRUE
2021-01-06,hospital_demand,0.45,0.5,0.55,0.55,0.6,0.65,Relax Interventions 50%,Mongolia,MNG,2021-05-03,v8,TRUE
2021-01-06,ICU_demand,0.16,0.18,0.2,0.2,0.22,0.23,Relax Interventions 50%,Mongolia,MNG,2021-05-03,v8,TRUE
2021-01-06,infections,4.52,4.91,5.33,5.33,5.76,6.14,Relax Interventions 50%,Mongolia,MNG,2021-05-03,v8,TRUE
2021-01-06,prevalence,30.9,33.57,36.54,36.54,39.51,42.18,Relax Interventions 50%,Mongolia,MNG,2021-05-03,v8,TRUE
2021-01-06,cumulative_infections,116.43,127.11,138.99,138.99,150.87,161.56,Relax Interventions 50%,Mongolia,MNG,2021-05-03,v8,TRUE
2021-01-06,cumulative_deaths,0.16,0.18,0.19,0.19,0.21,0.22,Relax Interventions 50%,Mongolia,MNG,2021-05-03,v8,TRUE
2021-01-06,Rt,0.9,0.9,0.9,0.9,0.9,0.91,Relax Interventions 50%,Mongolia,MNG,2021-05-03,v8,TRUE
2021-01-06,Reff,0.9,0.9,0.9,0.9,0.9,0.91,Relax Interventions 50%,Mongolia,MNG,2021-05-03,v8,TRUE
2021-01-06,deaths,0.01,0.01,0.01,0.01,0.01,0.01,Surged Additional 50% Reduction,Mongolia,MNG,2021-05-03,v8,TRUE
2021-01-06,hospital_demand,0.45,0.5,0.55,0.55,0.6,0.65,Surged Additional 50% Reduction,Mongolia,MNG,2021-05-03,v8,TRUE
2021-01-06,ICU_demand,0.16,0.18,0.2,0.2,0.22,0.23,Surged Additional 50% Reduction,Mongolia,MNG,2021-05-03,v8,TRUE
2021-01-06,infections,4.52,4.91,5.33,5.33,5.76,6.14,Surged Additional 50% Reduction,Mongolia,MNG,2021-05-03,v8,TRUE
2021-01-06,prevalence,30.9,33.57,36.54,36.54,39.51,42.18,Surged Additional 50% Reduction,Mongolia,MNG,2021-05-03,v8,TRUE
2021-01-06,cumulative_infections,116.43,127.11,138.99,138.99,150.87,161.56,Surged Additional 50% Reduction,Mongolia,MNG,2021-05-03,v8,TRUE
2021-01-06,cumulative_deaths,0.16,0.18,0.19,0.19,0.21,0.22,Surged Additional 50% Reduction,Mongolia,MNG,2021-05-03,v8,TRUE
2021-01-06,Rt,0.9,0.9,0.9,0.9,0.9,0.91,Surged Additional 50% Reduction,Mongolia,MNG,2021-05-03,v8,TRUE
2021-01-06,Reff,0.9,0.9,0.9,0.9,0.9,0.91,Surged Additional 50% Reduction,Mongolia,MNG,2021-05-03,v8,TRUE
2021-01-06,deaths,0.01,0.01,0.01,0.01,0.01,0.01,Surged Maintain Status Quo,Mongolia,MNG,2021-05-03,v8,TRUE
2021-01-06,hospital_demand,0.45,0.5,0.55,0.55,0.6,0.65,Surged Maintain Status Quo,Mongolia,MNG,2021-05-03,v8,TRUE
2021-01-06,ICU_demand,0.16,0.18,0.2,0.2,0.22,0.23,Surged Maintain Status Quo,Mongolia,MNG,2021-05-03,v8,TRUE
2021-01-06,infections,4.52,4.91,5.33,5.33,5.76,6.14,Surged Maintain Status Quo,Mongolia,MNG,2021-05-03,v8,TRUE
2021-01-06,prevalence,30.9,33.57,36.54,36.54,39.51,42.18,Surged Maintain Status Quo,Mongolia,MNG,2021-05-03,v8,TRUE
2021-01-06,cumulative_infections,116.43,127.11,138.99,138.99,150.87,161.56,Surged Maintain Status Quo,Mongolia,MNG,2021-05-03,v8,TRUE
2021-01-06,cumulative_deaths,0.16,0.18,0.19,0.19,0.21,0.22,Surged Maintain Status Quo,Mongolia,MNG,2021-05-03,v8,TRUE
2021-01-06,Rt,0.9,0.9,0.9,0.9,0.9,0.91,Surged Maintain Status Quo,Mongolia,MNG,2021-05-03,v8,TRUE
2021-01-06,Reff,0.9,0.9,0.9,0.9,0.9,0.91,Surged Maintain Status Quo,Mongolia,MNG,2021-05-03,v8,TRUE
2021-01-06,deaths,0.01,0.01,0.01,0.01,0.01,0.01,Surged Relax Interventions 50%,Mongolia,MNG,2021-05-03,v8,TRUE
2021-01-06,hospital_demand,0.45,0.5,0.55,0.55,0.6,0.65,Surged Relax Interventions 50%,Mongolia,MNG,2021-05-03,v8,TRUE
2021-01-06,ICU_demand,0.16,0.18,0.2,0.2,0.22,0.23,Surged Relax Interventions 50%,Mongolia,MNG,2021-05-03,v8,TRUE
2021-01-06,infections,4.52,4.91,5.33,5.33,5.76,6.14,Surged Relax Interventions 50%,Mongolia,MNG,2021-05-03,v8,TRUE
2021-01-06,prevalence,30.9,33.57,36.54,36.54,39.51,42.18,Surged Relax Interventions 50%,Mongolia,MNG,2021-05-03,v8,TRUE
2021-01-06,cumulative_infections,116.43,127.11,138.99,138.99,150.87,161.56,Surged Relax Interventions 50%,Mongolia,MNG,2021-05-03,v8,TRUE
2021-01-06,cumulative_deaths,0.16,0.18,0.19,0.19,0.21,0.22,Surged Relax Interventions 50%,Mongolia,MNG,2021-05-03,v8,TRUE
2021-01-06,Rt,0.9,0.9,0.9,0.9,0.9,0.91,Surged Relax Interventions 50%,Mongolia,MNG,2021-05-03,v8,TRUE
2021-01-06,Reff,0.9,0.9,0.9,0.9,0.9,0.91,Surged Relax Interventions 50%,Mongolia,MNG,2021-05-03,v8,TRUE
2021-01-07,deaths,0.01,0.01,0.01,0.01,0.01,0.02,Additional 50% Reduction,Mongolia,MNG,2021-05-03,v8,TRUE
2021-01-07,hospital_demand,0.47,0.51,0.56,0.56,0.61,0.66,Additional 50% Reduction,Mongolia,MNG,2021-05-03,v8,TRUE
2021-01-07,ICU_demand,0.17,0.19,0.2,0.2,0.22,0.24,Additional 50% Reduction,Mongolia,MNG,2021-05-03,v8,TRUE
2021-01-07,infections,4.44,4.82,5.25,5.25,5.67,6.05,Additional 50% Reduction,Mongolia,MNG,2021-05-03,v8,TRUE
2021-01-07,prevalence,30.44,33.09,36.03,36.03,38.97,41.61,Additional 50% Reduction,Mongolia,MNG,2021-05-03,v8,TRUE
2021-01-07,cumulative_infections,120.87,131.94,144.24,144.24,156.54,167.61,Additional 50% Reduction,Mongolia,MNG,2021-05-03,v8,TRUE
2021-01-07,cumulative_deaths,0.17,0.19,0.21,0.21,0.22,0.24,Additional 50% Reduction,Mongolia,MNG,2021-05-03,v8,TRUE
2021-01-07,Rt,0.95,0.95,0.95,0.95,0.96,0.96,Additional 50% Reduction,Mongolia,MNG,2021-05-03,v8,TRUE
2021-01-07,Reff,0.95,0.95,0.95,0.95,0.96,0.96,Additional 50% Reduction,Mongolia,MNG,2021-05-03,v8,TRUE
2021-01-07,deaths,0.01,0.01,0.01,0.01,0.01,0.02,Maintain Status Quo,Mongolia,MNG,2021-05-03,v8,TRUE
2021-01-07,hospital_demand,0.47,0.51,0.56,0.56,0.61,0.66,Maintain Status Quo,Mongolia,MNG,2021-05-03,v8,TRUE
2021-01-07,ICU_demand,0.17,0.19,0.2,0.2,0.22,0.24,Maintain Status Quo,Mongolia,MNG,2021-05-03,v8,TRUE
2021-01-07,infections,4.44,4.82,5.25,5.25,5.67,6.05,Maintain Status Quo,Mongolia,MNG,2021-05-03,v8,TRUE
2021-01-07,prevalence,30.44,33.09,36.03,36.03,38.97,41.61,Maintain Status Quo,Mongolia,MNG,2021-05-03,v8,TRUE
2021-01-07,cumulative_infections,120.87,131.94,144.24,144.24,156.54,167.61,Maintain Status Quo,Mongolia,MNG,2021-05-03,v8,TRUE
2021-01-07,cumulative_deaths,0.17,0.19,0.21,0.21,0.22,0.24,Maintain Status Quo,Mongolia,MNG,2021-05-03,v8,TRUE
2021-01-07,Rt,0.95,0.95,0.95,0.95,0.96,0.96,Maintain Status Quo,Mongolia,MNG,2021-05-03,v8,TRUE
2021-01-07,Reff,0.95,0.95,0.95,0.95,0.96,0.96,Maintain Status Quo,Mongolia,MNG,2021-05-03,v8,TRUE
2021-01-07,deaths,0.01,0.01,0.01,0.01,0.01,0.02,Relax Interventions 50%,Mongolia,MNG,2021-05-03,v8,TRUE
2021-01-07,hospital_demand,0.47,0.51,0.56,0.56,0.61,0.66,Relax Interventions 50%,Mongolia,MNG,2021-05-03,v8,TRUE
2021-01-07,ICU_demand,0.17,0.19,0.2,0.2,0.22,0.24,Relax Interventions 50%,Mongolia,MNG,2021-05-03,v8,TRUE
2021-01-07,infections,4.44,4.82,5.25,5.25,5.67,6.05,Relax Interventions 50%,Mongolia,MNG,2021-05-03,v8,TRUE
2021-01-07,prevalence,30.44,33.09,36.03,36.03,38.97,41.61,Relax Interventions 50%,Mongolia,MNG,2021-05-03,v8,TRUE
2021-01-07,cumulative_infections,120.87,131.94,144.24,144.24,156.54,167.61,Relax Interventions 50%,Mongolia,MNG,2021-05-03,v8,TRUE
2021-01-07,cumulative_deaths,0.17,0.19,0.21,0.21,0.22,0.24,Relax Interventions 50%,Mongolia,MNG,2021-05-03,v8,TRUE
2021-01-07,Rt,0.95,0.95,0.95,0.95,0.96,0.96,Relax Interventions 50%,Mongolia,MNG,2021-05-03,v8,TRUE
2021-01-07,Reff,0.95,0.95,0.95,0.95,0.96,0.96,Relax Interventions 50%,Mongolia,MNG,2021-05-03,v8,TRUE
2021-01-07,deaths,0.01,0.01,0.01,0.01,0.01,0.02,Surged Additional 50% Reduction,Mongolia,MNG,2021-05-03,v8,TRUE
2021-01-07,hospital_demand,0.47,0.51,0.56,0.56,0.61,0.66,Surged Additional 50% Reduction,Mongolia,MNG,2021-05-03,v8,TRUE
2021-01-07,ICU_demand,0.17,0.19,0.2,0.2,0.22,0.24,Surged Additional 50% Reduction,Mongolia,MNG,2021-05-03,v8,TRUE
2021-01-07,infections,4.44,4.82,5.25,5.25,5.67,6.05,Surged Additional 50% Reduction,Mongolia,MNG,2021-05-03,v8,TRUE
2021-01-07,prevalence,30.44,33.09,36.03,36.03,38.97,41.61,Surged Additional 50% Reduction,Mongolia,MNG,2021-05-03,v8,TRUE
2021-01-07,cumulative_infections,120.87,131.94,144.24,144.24,156.54,167.61,Surged Additional 50% Reduction,Mongolia,MNG,2021-05-03,v8,TRUE
2021-01-07,cumulative_deaths,0.17,0.19,0.21,0.21,0.22,0.24,Surged Additional 50% Reduction,Mongolia,MNG,2021-05-03,v8,TRUE
2021-01-07,Rt,0.95,0.95,0.95,0.95,0.96,0.96,Surged Additional 50% Reduction,Mongolia,MNG,2021-05-03,v8,TRUE
2021-01-07,Reff,0.95,0.95,0.95,0.95,0.96,0.96,Surged Additional 50% Reduction,Mongolia,MNG,2021-05-03,v8,TRUE
2021-01-07,deaths,0.01,0.01,0.01,0.01,0.01,0.02,Surged Maintain Status Quo,Mongolia,MNG,2021-05-03,v8,TRUE
2021-01-07,hospital_demand,0.47,0.51,0.56,0.56,0.61,0.66,Surged Maintain Status Quo,Mongolia,MNG,2021-05-03,v8,TRUE
2021-01-07,ICU_demand,0.17,0.19,0.2,0.2,0.22,0.24,Surged Maintain Status Quo,Mongolia,MNG,2021-05-03,v8,TRUE
2021-01-07,infections,4.44,4.82,5.25,5.25,5.67,6.05,Surged Maintain Status Quo,Mongolia,MNG,2021-05-03,v8,TRUE
2021-01-07,prevalence,30.44,33.09,36.03,36.03,38.97,41.61,Surged Maintain Status Quo,Mongolia,MNG,2021-05-03,v8,TRUE
2021-01-07,cumulative_infections,120.87,131.94,144.24,144.24,156.54,167.61,Surged Maintain Status Quo,Mongolia,MNG,2021-05-03,v8,TRUE
2021-01-07,cumulative_deaths,0.17,0.19,0.21,0.21,0.22,0.24,Surged Maintain Status Quo,Mongolia,MNG,2021-05-03,v8,TRUE
2021-01-07,Rt,0.95,0.95,0.95,0.95,0.96,0.96,Surged Maintain Status Quo,Mongolia,MNG,2021-05-03,v8,TRUE
2021-01-07,Reff,0.95,0.95,0.95,0.95,0.96,0.96,Surged Maintain Status Quo,Mongolia,MNG,2021-05-03,v8,TRUE
2021-01-07,deaths,0.01,0.01,0.01,0.01,0.01,0.02,Surged Relax Interventions 50%,Mongolia,MNG,2021-05-03,v8,TRUE
2021-01-07,hospital_demand,0.47,0.51,0.56,0.56,0.61,0.66,Surged Relax Interventions 50%,Mongolia,MNG,2021-05-03,v8,TRUE
2021-01-07,ICU_demand,0.17,0.19,0.2,0.2,0.22,0.24,Surged Relax Interventions 50%,Mongolia,MNG,2021-05-03,v8,TRUE
2021-01-07,infections,4.44,4.82,5.25,5.25,5.67,6.05,Surged Relax Interventions 50%,Mongolia,MNG,2021-05-03,v8,TRUE
2021-01-07,prevalence,30.44,33.09,36.03,36.03,38.97,41.61,Surged Relax Interventions 50%,Mongolia,MNG,2021-05-03,v8,TRUE
2021-01-07,cumulative_infections,120.87,131.94,144.24,144.24,156.54,167.61,Surged Relax Interventions 50%,Mongolia,MNG,2021-05-03,v8,TRUE
2021-01-07,cumulative_deaths,0.17,0.19,0.21,0.21,0.22,0.24,Surged Relax Interventions 50%,Mongolia,MNG,2021-05-03,v8,TRUE
2021-01-07,Rt,0.95,0.95,0.95,0.95,0.96,0.96,Surged Relax Interventions 50%,Mongolia,MNG,2021-05-03,v8,TRUE
2021-01-07,Reff,0.95,0.95,0.95,0.95,0.96,0.96,Surged Relax Interventions 50%,Mongolia,MNG,2021-05-03,v8,TRUE
2021-01-08,deaths,0.01,0.01,0.01,0.01,0.01,0.02,Additional 50% Reduction,Mongolia,MNG,2021-05-03,v8,TRUE
2021-01-08,hospital_demand,0.48,0.52,0.57,0.57,0.63,0.67,Additional 50% Reduction,Mongolia,MNG,2021-05-03,v8,TRUE
2021-01-08,ICU_demand,0.17,0.19,0.21,0.21,0.23,0.25,Additional 50% Reduction,Mongolia,MNG,2021-05-03,v8,TRUE
2021-01-08,infections,4.39,4.76,5.18,5.18,5.6,5.98,Additional 50% Reduction,Mongolia,MNG,2021-05-03,v8,TRUE
2021-01-08,prevalence,30.24,32.87,35.79,35.79,38.71,41.33,Additional 50% Reduction,Mongolia,MNG,2021-05-03,v8,TRUE
2021-01-08,cumulative_infections,125.26,136.7,149.42,149.42,162.14,173.59,Additional 50% Reduction,Mongolia,MNG,2021-05-03,v8,TRUE
2021-01-08,cumulative_deaths,0.19,0.2,0.22,0.22,0.24,0.26,Additional 50% Reduction,Mongolia,MNG,2021-05-03,v8,TRUE
2021-01-08,Rt,0.86,0.86,0.87,0.87,0.87,0.87,Additional 50% Reduction,Mongolia,MNG,2021-05-03,v8,TRUE
2021-01-08,Reff,0.86,0.86,0.87,0.87,0.87,0.87,Additional 50% Reduction,Mongolia,MNG,2021-05-03,v8,TRUE
2021-01-08,deaths,0.01,0.01,0.01,0.01,0.01,0.02,Maintain Status Quo,Mongolia,MNG,2021-05-03,v8,TRUE
2021-01-08,hospital_demand,0.48,0.52,0.57,0.57,0.63,0.67,Maintain Status Quo,Mongolia,MNG,2021-05-03,v8,TRUE
2021-01-08,ICU_demand,0.17,0.19,0.21,0.21,0.23,0.25,Maintain Status Quo,Mongolia,MNG,2021-05-03,v8,TRUE
2021-01-08,infections,4.39,4.76,5.18,5.18,5.6,5.98,Maintain Status Quo,Mongolia,MNG,2021-05-03,v8,TRUE
2021-01-08,prevalence,30.24,32.87,35.79,35.79,38.71,41.33,Maintain Status Quo,Mongolia,MNG,2021-05-03,v8,TRUE
2021-01-08,cumulative_infections,125.26,136.7,149.42,149.42,162.14,173.59,Maintain Status Quo,Mongolia,MNG,2021-05-03,v8,TRUE
2021-01-08,cumulative_deaths,0.19,0.2,0.22,0.22,0.24,0.26,Maintain Status Quo,Mongolia,MNG,2021-05-03,v8,TRUE
2021-01-08,Rt,0.86,0.86,0.87,0.87,0.87,0.87,Maintain Status Quo,Mongolia,MNG,2021-05-03,v8,TRUE
2021-01-08,Reff,0.86,0.86,0.87,0.87,0.87,0.87,Maintain Status Quo,Mongolia,MNG,2021-05-03,v8,TRUE
2021-01-08,deaths,0.01,0.01,0.01,0.01,0.01,0.02,Relax Interventions 50%,Mongolia,MNG,2021-05-03,v8,TRUE
2021-01-08,hospital_demand,0.48,0.52,0.57,0.57,0.63,0.67,Relax Interventions 50%,Mongolia,MNG,2021-05-03,v8,TRUE
2021-01-08,ICU_demand,0.17,0.19,0.21,0.21,0.23,0.25,Relax Interventions 50%,Mongolia,MNG,2021-05-03,v8,TRUE
2021-01-08,infections,4.39,4.76,5.18,5.18,5.6,5.98,Relax Interventions 50%,Mongolia,MNG,2021-05-03,v8,TRUE
2021-01-08,prevalence,30.24,32.87,35.79,35.79,38.71,41.33,Relax Interventions 50%,Mongolia,MNG,2021-05-03,v8,TRUE
2021-01-08,cumulative_infections,125.26,136.7,149.42,149.42,162.14,173.59,Relax Interventions 50%,Mongolia,MNG,2021-05-03,v8,TRUE
2021-01-08,cumulative_deaths,0.19,0.2,0.22,0.22,0.24,0.26,Relax Interventions 50%,Mongolia,MNG,2021-05-03,v8,TRUE
2021-01-08,Rt,0.86,0.86,0.87,0.87,0.87,0.87,Relax Interventions 50%,Mongolia,MNG,2021-05-03,v8,TRUE
2021-01-08,Reff,0.86,0.86,0.87,0.87,0.87,0.87,Relax Interventions 50%,Mongolia,MNG,2021-05-03,v8,TRUE
2021-01-08,deaths,0.01,0.01,0.01,0.01,0.01,0.02,Surged Additional 50% Reduction,Mongolia,MNG,2021-05-03,v8,TRUE
2021-01-08,hospital_demand,0.48,0.52,0.57,0.57,0.63,0.67,Surged Additional 50% Reduction,Mongolia,MNG,2021-05-03,v8,TRUE
2021-01-08,ICU_demand,0.17,0.19,0.21,0.21,0.23,0.25,Surged Additional 50% Reduction,Mongolia,MNG,2021-05-03,v8,TRUE
2021-01-08,infections,4.39,4.76,5.18,5.18,5.6,5.98,Surged Additional 50% Reduction,Mongolia,MNG,2021-05-03,v8,TRUE
2021-01-08,prevalence,30.24,32.87,35.79,35.79,38.71,41.33,Surged Additional 50% Reduction,Mongolia,MNG,2021-05-03,v8,TRUE
2021-01-08,cumulative_infections,125.26,136.7,149.42,149.42,162.14,173.59,Surged Additional 50% Reduction,Mongolia,MNG,2021-05-03,v8,TRUE
2021-01-08,cumulative_deaths,0.19,0.2,0.22,0.22,0.24,0.26,Surged Additional 50% Reduction,Mongolia,MNG,2021-05-03,v8,TRUE
2021-01-08,Rt,0.86,0.86,0.87,0.87,0.87,0.87,Surged Additional 50% Reduction,Mongolia,MNG,2021-05-03,v8,TRUE
2021-01-08,Reff,0.86,0.86,0.87,0.87,0.87,0.87,Surged Additional 50% Reduction,Mongolia,MNG,2021-05-03,v8,TRUE
2021-01-08,deaths,0.01,0.01,0.01,0.01,0.01,0.02,Surged Maintain Status Quo,Mongolia,MNG,2021-05-03,v8,TRUE
2021-01-08,hospital_demand,0.48,0.52,0.57,0.57,0.63,0.67,Surged Maintain Status Quo,Mongolia,MNG,2021-05-03,v8,TRUE
2021-01-08,ICU_demand,0.17,0.19,0.21,0.21,0.23,0.25,Surged Maintain Status Quo,Mongolia,MNG,2021-05-03,v8,TRUE
2021-01-08,infections,4.39,4.76,5.18,5.18,5.6,5.98,Surged Maintain Status Quo,Mongolia,MNG,2021-05-03,v8,TRUE
2021-01-08,prevalence,30.24,32.87,35.79,35.79,38.71,41.33,Surged Maintain Status Quo,Mongolia,MNG,2021-05-03,v8,TRUE
2021-01-08,cumulative_infections,125.26,136.7,149.42,149.42,162.14,173.59,Surged Maintain Status Quo,Mongolia,MNG,2021-05-03,v8,TRUE
2021-01-08,cumulative_deaths,0.19,0.2,0.22,0.22,0.24,0.26,Surged Maintain Status Quo,Mongolia,MNG,2021-05-03,v8,TRUE
2021-01-08,Rt,0.86,0.86,0.87,0.87,0.87,0.87,Surged Maintain Status Quo,Mongolia,MNG,2021-05-03,v8,TRUE
2021-01-08,Reff,0.86,0.86,0.87,0.87,0.87,0.87,Surged Maintain Status Quo,Mongolia,MNG,2021-05-03,v8,TRUE
2021-01-08,deaths,0.01,0.01,0.01,0.01,0.01,0.02,Surged Relax Interventions 50%,Mongolia,MNG,2021-05-03,v8,TRUE
2021-01-08,hospital_demand,0.48,0.52,0.57,0.57,0.63,0.67,Surged Relax Interventions 50%,Mongolia,MNG,2021-05-03,v8,TRUE
2021-01-08,ICU_demand,0.17,0.19,0.21,0.21,0.23,0.25,Surged Relax Interventions 50%,Mongolia,MNG,2021-05-03,v8,TRUE
2021-01-08,infections,4.39,4.76,5.18,5.18,5.6,5.98,Surged Relax Interventions 50%,Mongolia,MNG,2021-05-03,v8,TRUE
2021-01-08,prevalence,30.24,32.87,35.79,35.79,38.71,41.33,Surged Relax Interventions 50%,Mongolia,MNG,2021-05-03,v8,TRUE
2021-01-08,cumulative_infections,125.26,136.7,149.42,149.42,162.14,173.59,Surged Relax Interventions 50%,Mongolia,MNG,2021-05-03,v8,TRUE
2021-01-08,cumulative_deaths,0.19,0.2,0.22,0.22,0.24,0.26,Surged Relax Interventions 50%,Mongolia,MNG,2021-05-03,v8,TRUE
2021-01-08,Rt,0.86,0.86,0.87,0.87,0.87,0.87,Surged Relax Interventions 50%,Mongolia,MNG,2021-05-03,v8,TRUE
2021-01-08,Reff,0.86,0.86,0.87,0.87,0.87,0.87,Surged Relax Interventions 50%,Mongolia,MNG,2021-05-03,v8,TRUE
2021-01-09,deaths,0.01,0.01,0.01,0.01,0.02,0.02,Additional 50% Reduction,Mongolia,MNG,2021-05-03,v8,TRUE
2021-01-09,hospital_demand,0.48,0.53,0.58,0.58,0.63,0.68,Additional 50% Reduction,Mongolia,MNG,2021-05-03,v8,TRUE
2021-01-09,ICU_demand,0.18,0.19,0.21,0.21,0.23,0.25,Additional 50% Reduction,Mongolia,MNG,2021-05-03,v8,TRUE
2021-01-09,infections,4.32,4.7,5.11,5.11,5.53,5.91,Additional 50% Reduction,Mongolia,MNG,2021-05-03,v8,TRUE
2021-01-09,prevalence,29.63,32.23,35.11,35.11,37.99,40.58,Additional 50% Reduction,Mongolia,MNG,2021-05-03,v8,TRUE
2021-01-09,cumulative_infections,129.58,141.4,154.54,154.54,167.67,179.5,Additional 50% Reduction,Mongolia,MNG,2021-05-03,v8,TRUE
2021-01-09,cumulative_deaths,0.2,0.21,0.23,0.23,0.25,0.27,Additional 50% Reduction,Mongolia,MNG,2021-05-03,v8,TRUE
2021-01-09,Rt,0.89,0.89,0.89,0.89,0.89,0.9,Additional 50% Reduction,Mongolia,MNG,2021-05-03,v8,TRUE
2021-01-09,Reff,0.89,0.89,0.89,0.89,0.89,0.9,Additional 50% Reduction,Mongolia,MNG,2021-05-03,v8,TRUE
2021-01-09,deaths,0.01,0.01,0.01,0.01,0.02,0.02,Maintain Status Quo,Mongolia,MNG,2021-05-03,v8,TRUE
2021-01-09,hospital_demand,0.48,0.53,0.58,0.58,0.63,0.68,Maintain Status Quo,Mongolia,MNG,2021-05-03,v8,TRUE
2021-01-09,ICU_demand,0.18,0.19,0.21,0.21,0.23,0.25,Maintain Status Quo,Mongolia,MNG,2021-05-03,v8,TRUE
2021-01-09,infections,4.32,4.7,5.11,5.11,5.53,5.91,Maintain Status Quo,Mongolia,MNG,2021-05-03,v8,TRUE
2021-01-09,prevalence,29.63,32.23,35.11,35.11,37.99,40.58,Maintain Status Quo,Mongolia,MNG,2021-05-03,v8,TRUE
2021-01-09,cumulative_infections,129.58,141.4,154.54,154.54,167.67,179.5,Maintain Status Quo,Mongolia,MNG,2021-05-03,v8,TRUE
2021-01-09,cumulative_deaths,0.2,0.21,0.23,0.23,0.25,0.27,Maintain Status Quo,Mongolia,MNG,2021-05-03,v8,TRUE
2021-01-09,Rt,0.89,0.89,0.89,0.89,0.89,0.9,Maintain Status Quo,Mongolia,MNG,2021-05-03,v8,TRUE
2021-01-09,Reff,0.89,0.89,0.89,0.89,0.89,0.9,Maintain Status Quo,Mongolia,MNG,2021-05-03,v8,TRUE
2021-01-09,deaths,0.01,0.01,0.01,0.01,0.02,0.02,Relax Interventions 50%,Mongolia,MNG,2021-05-03,v8,TRUE
2021-01-09,hospital_demand,0.48,0.53,0.58,0.58,0.63,0.68,Relax Interventions 50%,Mongolia,MNG,2021-05-03,v8,TRUE
2021-01-09,ICU_demand,0.18,0.19,0.21,0.21,0.23,0.25,Relax Interventions 50%,Mongolia,MNG,2021-05-03,v8,TRUE
2021-01-09,infections,4.32,4.7,5.11,5.11,5.53,5.91,Relax Interventions 50%,Mongolia,MNG,2021-05-03,v8,TRUE
2021-01-09,prevalence,29.63,32.23,35.11,35.11,37.99,40.58,Relax Interventions 50%,Mongolia,MNG,2021-05-03,v8,TRUE
2021-01-09,cumulative_infections,129.58,141.4,154.54,154.54,167.67,179.5,Relax Interventions 50%,Mongolia,MNG,2021-05-03,v8,TRUE
2021-01-09,cumulative_deaths,0.2,0.21,0.23,0.23,0.25,0.27,Relax Interventions 50%,Mongolia,MNG,2021-05-03,v8,TRUE
2021-01-09,Rt,0.89,0.89,0.89,0.89,0.89,0.9,Relax Interventions 50%,Mongolia,MNG,2021-05-03,v8,TRUE
2021-01-09,Reff,0.89,0.89,0.89,0.89,0.89,0.9,Relax Interventions 50%,Mongolia,MNG,2021-05-03,v8,TRUE
2021-01-09,deaths,0.01,0.01,0.01,0.01,0.02,0.02,Surged Additional 50% Reduction,Mongolia,MNG,2021-05-03,v8,TRUE
2021-01-09,hospital_demand,0.48,0.53,0.58,0.58,0.63,0.68,Surged Additional 50% Reduction,Mongolia,MNG,2021-05-03,v8,TRUE
2021-01-09,ICU_demand,0.18,0.19,0.21,0.21,0.23,0.25,Surged Additional 50% Reduction,Mongolia,MNG,2021-05-03,v8,TRUE
2021-01-09,infections,4.32,4.7,5.11,5.11,5.53,5.91,Surged Additional 50% Reduction,Mongolia,MNG,2021-05-03,v8,TRUE
2021-01-09,prevalence,29.63,32.23,35.11,35.11,37.99,40.58,Surged Additional 50% Reduction,Mongolia,MNG,2021-05-03,v8,TRUE
2021-01-09,cumulative_infections,129.58,141.4,154.54,154.54,167.67,179.5,Surged Additional 50% Reduction,Mongolia,MNG,2021-05-03,v8,TRUE
2021-01-09,cumulative_deaths,0.2,0.21,0.23,0.23,0.25,0.27,Surged Additional 50% Reduction,Mongolia,MNG,2021-05-03,v8,TRUE
2021-01-09,Rt,0.89,0.89,0.89,0.89,0.89,0.9,Surged Additional 50% Reduction,Mongolia,MNG,2021-05-03,v8,TRUE
2021-01-09,Reff,0.89,0.89,0.89,0.89,0.89,0.9,Surged Additional 50% Reduction,Mongolia,MNG,2021-05-03,v8,TRUE
2021-01-09,deaths,0.01,0.01,0.01,0.01,0.02,0.02,Surged Maintain Status Quo,Mongolia,MNG,2021-05-03,v8,TRUE
2021-01-09,hospital_demand,0.48,0.53,0.58,0.58,0.63,0.68,Surged Maintain Status Quo,Mongolia,MNG,2021-05-03,v8,TRUE
2021-01-09,ICU_demand,0.18,0.19,0.21,0.21,0.23,0.25,Surged Maintain Status Quo,Mongolia,MNG,2021-05-03,v8,TRUE
2021-01-09,infections,4.32,4.7,5.11,5.11,5.53,5.91,Surged Maintain Status Quo,Mongolia,MNG,2021-05-03,v8,TRUE
2021-01-09,prevalence,29.63,32.23,35.11,35.11,37.99,40.58,Surged Maintain Status Quo,Mongolia,MNG,2021-05-03,v8,TRUE
2021-01-09,cumulative_infections,129.58,141.4,154.54,154.54,167.67,179.5,Surged Maintain Status Quo,Mongolia,MNG,2021-05-03,v8,TRUE
2021-01-09,cumulative_deaths,0.2,0.21,0.23,0.23,0.25,0.27,Surged Maintain Status Quo,Mongolia,MNG,2021-05-03,v8,TRUE
2021-01-09,Rt,0.89,0.89,0.89,0.89,0.89,0.9,Surged Maintain Status Quo,Mongolia,MNG,2021-05-03,v8,TRUE
2021-01-09,Reff,0.89,0.89,0.89,0.89,0.89,0.9,Surged Maintain Status Quo,Mongolia,MNG,2021-05-03,v8,TRUE
2021-01-09,deaths,0.01,0.01,0.01,0.01,0.02,0.02,Surged Relax Interventions 50%,Mongolia,MNG,2021-05-03,v8,TRUE
2021-01-09,hospital_demand,0.48,0.53,0.58,0.58,0.63,0.68,Surged Relax Interventions 50%,Mongolia,MNG,2021-05-03,v8,TRUE
2021-01-09,ICU_demand,0.18,0.19,0.21,0.21,0.23,0.25,Surged Relax Interventions 50%,Mongolia,MNG,2021-05-03,v8,TRUE
2021-01-09,infections,4.32,4.7,5.11,5.11,5.53,5.91,Surged Relax Interventions 50%,Mongolia,MNG,2021-05-03,v8,TRUE
2021-01-09,prevalence,29.63,32.23,35.11,35.11,37.99,40.58,Surged Relax Interventions 50%,Mongolia,MNG,2021-05-03,v8,TRUE
2021-01-09,cumulative_infections,129.58,141.4,154.54,154.54,167.67,179.5,Surged Relax Interventions 50%,Mongolia,MNG,2021-05-03,v8,TRUE
2021-01-09,cumulative_deaths,0.2,0.21,0.23,0.23,0.25,0.27,Surged Relax Interventions 50%,Mongolia,MNG,2021-05-03,v8,TRUE
2021-01-09,Rt,0.89,0.89,0.89,0.89,0.89,0.9,Surged Relax Interventions 50%,Mongolia,MNG,2021-05-03,v8,TRUE
2021-01-09,Reff,0.89,0.89,0.89,0.89,0.89,0.9,Surged Relax Interventions 50%,Mongolia,MNG,2021-05-03,v8,TRUE
2021-01-10,deaths,0.01,0.01,0.01,0.01,0.02,0.02,Additional 50% Reduction,Mongolia,MNG,2021-05-03,v8,TRUE
2021-01-10,hospital_demand,0.49,0.54,0.59,0.59,0.64,0.69,Additional 50% Reduction,Mongolia,MNG,2021-05-03,v8,TRUE
2021-01-10,ICU_demand,0.18,0.2,0.22,0.22,0.24,0.25,Additional 50% Reduction,Mongolia,MNG,2021-05-03,v8,TRUE
2021-01-10,infections,4.24,4.61,5.02,5.02,5.44,5.81,Additional 50% Reduction,Mongolia,MNG,2021-05-03,v8,TRUE
2021-01-10,prevalence,29.13,31.7,34.55,34.55,37.4,39.97,Additional 50% Reduction,Mongolia,MNG,2021-05-03,v8,TRUE
2021-01-10,cumulative_infections,133.82,146.01,159.56,159.56,173.11,185.31,Additional 50% Reduction,Mongolia,MNG,2021-05-03,v8,TRUE
2021-01-10,cumulative_deaths,0.21,0.23,0.25,0.25,0.27,0.29,Additional 50% Reduction,Mongolia,MNG,2021-05-03,v8,TRUE
2021-01-10,Rt,0.9,0.9,0.91,0.91,0.91,0.91,Additional 50% Reduction,Mongolia,MNG,2021-05-03,v8,TRUE
2021-01-10,Reff,0.9,0.9,0.91,0.91,0.91,0.91,Additional 50% Reduction,Mongolia,MNG,2021-05-03,v8,TRUE
2021-01-10,deaths,0.01,0.01,0.01,0.01,0.02,0.02,Maintain Status Quo,Mongolia,MNG,2021-05-03,v8,TRUE
2021-01-10,hospital_demand,0.49,0.54,0.59,0.59,0.64,0.69,Maintain Status Quo,Mongolia,MNG,2021-05-03,v8,TRUE
2021-01-10,ICU_demand,0.18,0.2,0.22,0.22,0.24,0.25,Maintain Status Quo,Mongolia,MNG,2021-05-03,v8,TRUE
2021-01-10,infections,4.24,4.61,5.02,5.02,5.44,5.81,Maintain Status Quo,Mongolia,MNG,2021-05-03,v8,TRUE
2021-01-10,prevalence,29.13,31.7,34.55,34.55,37.4,39.97,Maintain Status Quo,Mongolia,MNG,2021-05-03,v8,TRUE
2021-01-10,cumulative_infections,133.82,146.01,159.56,159.56,173.11,185.31,Maintain Status Quo,Mongolia,MNG,2021-05-03,v8,TRUE
2021-01-10,cumulative_deaths,0.21,0.23,0.25,0.25,0.27,0.29,Maintain Status Quo,Mongolia,MNG,2021-05-03,v8,TRUE
2021-01-10,Rt,0.9,0.9,0.91,0.91,0.91,0.91,Maintain Status Quo,Mongolia,MNG,2021-05-03,v8,TRUE
2021-01-10,Reff,0.9,0.9,0.91,0.91,0.91,0.91,Maintain Status Quo,Mongolia,MNG,2021-05-03,v8,TRUE
2021-01-10,deaths,0.01,0.01,0.01,0.01,0.02,0.02,Relax Interventions 50%,Mongolia,MNG,2021-05-03,v8,TRUE
2021-01-10,hospital_demand,0.49,0.54,0.59,0.59,0.64,0.69,Relax Interventions 50%,Mongolia,MNG,2021-05-03,v8,TRUE
2021-01-10,ICU_demand,0.18,0.2,0.22,0.22,0.24,0.25,Relax Interventions 50%,Mongolia,MNG,2021-05-03,v8,TRUE
2021-01-10,infections,4.24,4.61,5.02,5.02,5.44,5.81,Relax Interventions 50%,Mongolia,MNG,2021-05-03,v8,TRUE
2021-01-10,prevalence,29.13,31.7,34.55,34.55,37.4,39.97,Relax Interventions 50%,Mongolia,MNG,2021-05-03,v8,TRUE
2021-01-10,cumulative_infections,133.82,146.01,159.56,159.56,173.11,185.31,Relax Interventions 50%,Mongolia,MNG,2021-05-03,v8,TRUE
2021-01-10,cumulative_deaths,0.21,0.23,0.25,0.25,0.27,0.29,Relax Interventions 50%,Mongolia,MNG,2021-05-03,v8,TRUE
2021-01-10,Rt,0.9,0.9,0.91,0.91,0.91,0.91,Relax Interventions 50%,Mongolia,MNG,2021-05-03,v8,TRUE
2021-01-10,Reff,0.9,0.9,0.91,0.91,0.91,0.91,Relax Interventions 50%,Mongolia,MNG,2021-05-03,v8,TRUE
2021-01-10,deaths,0.01,0.01,0.01,0.01,0.02,0.02,Surged Additional 50% Reduction,Mongolia,MNG,2021-05-03,v8,TRUE
2021-01-10,hospital_demand,0.49,0.54,0.59,0.59,0.64,0.69,Surged Additional 50% Reduction,Mongolia,MNG,2021-05-03,v8,TRUE
2021-01-10,ICU_demand,0.18,0.2,0.22,0.22,0.24,0.25,Surged Additional 50% Reduction,Mongolia,MNG,2021-05-03,v8,TRUE
2021-01-10,infections,4.24,4.61,5.02,5.02,5.44,5.81,Surged Additional 50% Reduction,Mongolia,MNG,2021-05-03,v8,TRUE
2021-01-10,prevalence,29.13,31.7,34.55,34.55,37.4,39.97,Surged Additional 50% Reduction,Mongolia,MNG,2021-05-03,v8,TRUE
2021-01-10,cumulative_infections,133.82,146.01,159.56,159.56,173.11,185.31,Surged Additional 50% Reduction,Mongolia,MNG,2021-05-03,v8,TRUE
2021-01-10,cumulative_deaths,0.21,0.23,0.25,0.25,0.27,0.29,Surged Additional 50% Reduction,Mongolia,MNG,2021-05-03,v8,TRUE
2021-01-10,Rt,0.9,0.9,0.91,0.91,0.91,0.91,Surged Additional 50% Reduction,Mongolia,MNG,2021-05-03,v8,TRUE
2021-01-10,Reff,0.9,0.9,0.91,0.91,0.91,0.91,Surged Additional 50% Reduction,Mongolia,MNG,2021-05-03,v8,TRUE
2021-01-10,deaths,0.01,0.01,0.01,0.01,0.02,0.02,Surged Maintain Status Quo,Mongolia,MNG,2021-05-03,v8,TRUE
2021-01-10,hospital_demand,0.49,0.54,0.59,0.59,0.64,0.69,Surged Maintain Status Quo,Mongolia,MNG,2021-05-03,v8,TRUE
2021-01-10,ICU_demand,0.18,0.2,0.22,0.22,0.24,0.25,Surged Maintain Status Quo,Mongolia,MNG,2021-05-03,v8,TRUE
2021-01-10,infections,4.24,4.61,5.02,5.02,5.44,5.81,Surged Maintain Status Quo,Mongolia,MNG,2021-05-03,v8,TRUE
2021-01-10,prevalence,29.13,31.7,34.55,34.55,37.4,39.97,Surged Maintain Status Quo,Mongolia,MNG,2021-05-03,v8,TRUE
2021-01-10,cumulative_infections,133.82,146.01,159.56,159.56,173.11,185.31,Surged Maintain Status Quo,Mongolia,MNG,2021-05-03,v8,TRUE
2021-01-10,cumulative_deaths,0.21,0.23,0.25,0.25,0.27,0.29,Surged Maintain Status Quo,Mongolia,MNG,2021-05-03,v8,TRUE
2021-01-10,Rt,0.9,0.9,0.91,0.91,0.91,0.91,Surged Maintain Status Quo,Mongolia,MNG,2021-05-03,v8,TRUE
2021-01-10,Reff,0.9,0.9,0.91,0.91,0.91,0.91,Surged Maintain Status Quo,Mongolia,MNG,2021-05-03,v8,TRUE
2021-01-10,deaths,0.01,0.01,0.01,0.01,0.02,0.02,Surged Relax Interventions 50%,Mongolia,MNG,2021-05-03,v8,TRUE
2021-01-10,hospital_demand,0.49,0.54,0.59,0.59,0.64,0.69,Surged Relax Interventions 50%,Mongolia,MNG,2021-05-03,v8,TRUE
2021-01-10,ICU_demand,0.18,0.2,0.22,0.22,0.24,0.25,Surged Relax Interventions 50%,Mongolia,MNG,2021-05-03,v8,TRUE
2021-01-10,infections,4.24,4.61,5.02,5.02,5.44,5.81,Surged Relax Interventions 50%,Mongolia,MNG,2021-05-03,v8,TRUE
2021-01-10,prevalence,29.13,31.7,34.55,34.55,37.4,39.97,Surged Relax Interventions 50%,Mongolia,MNG,2021-05-03,v8,TRUE
2021-01-10,cumulative_infections,133.82,146.01,159.56,159.56,173.11,185.31,Surged Relax Interventions 50%,Mongolia,MNG,2021-05-03,v8,TRUE
2021-01-10,cumulative_deaths,0.21,0.23,0.25,0.25,0.27,0.29,Surged Relax Interventions 50%,Mongolia,MNG,2021-05-03,v8,TRUE
2021-01-10,Rt,0.9,0.9,0.91,0.91,0.91,0.91,Surged Relax Interventions 50%,Mongolia,MNG,2021-05-03,v8,TRUE
2021-01-10,Reff,0.9,0.9,0.91,0.91,0.91,0.91,Surged Relax Interventions 50%,Mongolia,MNG,2021-05-03,v8,TRUE
2021-01-11,deaths,0.01,0.01,0.01,0.01,0.02,0.02,Additional 50% Reduction,Mongolia,MNG,2021-05-03,v8,TRUE
2021-01-11,hospital_demand,0.49,0.54,0.59,0.59,0.65,0.69,Additional 50% Reduction,Mongolia,MNG,2021-05-03,v8,TRUE
2021-01-11,ICU_demand,0.18,0.2,0.22,0.22,0.24,0.26,Additional 50% Reduction,Mongolia,MNG,2021-05-03,v8,TRUE
2021-01-11,infections,4.17,4.53,4.94,4.94,5.35,5.72,Additional 50% Reduction,Mongolia,MNG,2021-05-03,v8,TRUE
2021-01-11,prevalence,28.73,31.28,34.11,34.11,36.94,39.48,Additional 50% Reduction,Mongolia,MNG,2021-05-03,v8,TRUE
2021-01-11,cumulative_infections,137.98,150.55,164.51,164.51,178.46,191.03,Additional 50% Reduction,Mongolia,MNG,2021-05-03,v8,TRUE
2021-01-11,cumulative_deaths,0.22,0.24,0.26,0.26,0.29,0.31,Additional 50% Reduction,Mongolia,MNG,2021-05-03,v8,TRUE
2021-01-11,Rt,1.17,1.18,1.18,1.18,1.18,1.19,Additional 50% Reduction,Mongolia,MNG,2021-05-03,v8,TRUE
2021-01-11,Reff,1.17,1.18,1.18,1.18,1.18,1.19,Additional 50% Reduction,Mongolia,MNG,2021-05-03,v8,TRUE
2021-01-11,deaths,0.01,0.01,0.01,0.01,0.02,0.02,Maintain Status Quo,Mongolia,MNG,2021-05-03,v8,TRUE
2021-01-11,hospital_demand,0.49,0.54,0.59,0.59,0.65,0.69,Maintain Status Quo,Mongolia,MNG,2021-05-03,v8,TRUE
2021-01-11,ICU_demand,0.18,0.2,0.22,0.22,0.24,0.26,Maintain Status Quo,Mongolia,MNG,2021-05-03,v8,TRUE
2021-01-11,infections,4.17,4.53,4.94,4.94,5.35,5.72,Maintain Status Quo,Mongolia,MNG,2021-05-03,v8,TRUE
2021-01-11,prevalence,28.73,31.28,34.11,34.11,36.94,39.48,Maintain Status Quo,Mongolia,MNG,2021-05-03,v8,TRUE
2021-01-11,cumulative_infections,137.98,150.55,164.51,164.51,178.46,191.03,Maintain Status Quo,Mongolia,MNG,2021-05-03,v8,TRUE
2021-01-11,cumulative_deaths,0.22,0.24,0.26,0.26,0.29,0.31,Maintain Status Quo,Mongolia,MNG,2021-05-03,v8,TRUE
2021-01-11,Rt,1.17,1.18,1.18,1.18,1.18,1.19,Maintain Status Quo,Mongolia,MNG,2021-05-03,v8,TRUE
2021-01-11,Reff,1.17,1.18,1.18,1.18,1.18,1.19,Maintain Status Quo,Mongolia,MNG,2021-05-03,v8,TRUE
2021-01-11,deaths,0.01,0.01,0.01,0.01,0.02,0.02,Relax Interventions 50%,Mongolia,MNG,2021-05-03,v8,TRUE
2021-01-11,hospital_demand,0.49,0.54,0.59,0.59,0.65,0.69,Relax Interventions 50%,Mongolia,MNG,2021-05-03,v8,TRUE
2021-01-11,ICU_demand,0.18,0.2,0.22,0.22,0.24,0.26,Relax Interventions 50%,Mongolia,MNG,2021-05-03,v8,TRUE
2021-01-11,infections,4.17,4.53,4.94,4.94,5.35,5.72,Relax Interventions 50%,Mongolia,MNG,2021-05-03,v8,TRUE
2021-01-11,prevalence,28.73,31.28,34.11,34.11,36.94,39.48,Relax Interventions 50%,Mongolia,MNG,2021-05-03,v8,TRUE
2021-01-11,cumulative_infections,137.98,150.55,164.51,164.51,178.46,191.03,Relax Interventions 50%,Mongolia,MNG,2021-05-03,v8,TRUE
2021-01-11,cumulative_deaths,0.22,0.24,0.26,0.26,0.29,0.31,Relax Interventions 50%,Mongolia,MNG,2021-05-03,v8,TRUE
2021-01-11,Rt,1.17,1.18,1.18,1.18,1.18,1.19,Relax Interventions 50%,Mongolia,MNG,2021-05-03,v8,TRUE
2021-01-11,Reff,1.17,1.18,1.18,1.18,1.18,1.19,Relax Interventions 50%,Mongolia,MNG,2021-05-03,v8,TRUE
2021-01-11,deaths,0.01,0.01,0.01,0.01,0.02,0.02,Surged Additional 50% Reduction,Mongolia,MNG,2021-05-03,v8,TRUE
2021-01-11,hospital_demand,0.49,0.54,0.59,0.59,0.65,0.69,Surged Additional 50% Reduction,Mongolia,MNG,2021-05-03,v8,TRUE
2021-01-11,ICU_demand,0.18,0.2,0.22,0.22,0.24,0.26,Surged Additional 50% Reduction,Mongolia,MNG,2021-05-03,v8,TRUE
2021-01-11,infections,4.17,4.53,4.94,4.94,5.35,5.72,Surged Additional 50% Reduction,Mongolia,MNG,2021-05-03,v8,TRUE
2021-01-11,prevalence,28.73,31.28,34.11,34.11,36.94,39.48,Surged Additional 50% Reduction,Mongolia,MNG,2021-05-03,v8,TRUE
2021-01-11,cumulative_infections,137.98,150.55,164.51,164.51,178.46,191.03,Surged Additional 50% Reduction,Mongolia,MNG,2021-05-03,v8,TRUE
2021-01-11,cumulative_deaths,0.22,0.24,0.26,0.26,0.29,0.31,Surged Additional 50% Reduction,Mongolia,MNG,2021-05-03,v8,TRUE
2021-01-11,Rt,1.17,1.18,1.18,1.18,1.18,1.19,Surged Additional 50% Reduction,Mongolia,MNG,2021-05-03,v8,TRUE
2021-01-11,Reff,1.17,1.18,1.18,1.18,1.18,1.19,Surged Additional 50% Reduction,Mongolia,MNG,2021-05-03,v8,TRUE
2021-01-11,deaths,0.01,0.01,0.01,0.01,0.02,0.02,Surged Maintain Status Quo,Mongolia,MNG,2021-05-03,v8,TRUE
2021-01-11,hospital_demand,0.49,0.54,0.59,0.59,0.65,0.69,Surged Maintain Status Quo,Mongolia,MNG,2021-05-03,v8,TRUE
2021-01-11,ICU_demand,0.18,0.2,0.22,0.22,0.24,0.26,Surged Maintain Status Quo,Mongolia,MNG,2021-05-03,v8,TRUE
2021-01-11,infections,4.17,4.53,4.94,4.94,5.35,5.72,Surged Maintain Status Quo,Mongolia,MNG,2021-05-03,v8,TRUE
2021-01-11,prevalence,28.73,31.28,34.11,34.11,36.94,39.48,Surged Maintain Status Quo,Mongolia,MNG,2021-05-03,v8,TRUE
2021-01-11,cumulative_infections,137.98,150.55,164.51,164.51,178.46,191.03,Surged Maintain Status Quo,Mongolia,MNG,2021-05-03,v8,TRUE
2021-01-11,cumulative_deaths,0.22,0.24,0.26,0.26,0.29,0.31,Surged Maintain Status Quo,Mongolia,MNG,2021-05-03,v8,TRUE
2021-01-11,Rt,1.17,1.18,1.18,1.18,1.18,1.19,Surged Maintain Status Quo,Mongolia,MNG,2021-05-03,v8,TRUE
2021-01-11,Reff,1.17,1.18,1.18,1.18,1.18,1.19,Surged Maintain Status Quo,Mongolia,MNG,2021-05-03,v8,TRUE
2021-01-11,deaths,0.01,0.01,0.01,0.01,0.02,0.02,Surged Relax Interventions 50%,Mongolia,MNG,2021-05-03,v8,TRUE
2021-01-11,hospital_demand,0.49,0.54,0.59,0.59,0.65,0.69,Surged Relax Interventions 50%,Mongolia,MNG,2021-05-03,v8,TRUE
2021-01-11,ICU_demand,0.18,0.2,0.22,0.22,0.24,0.26,Surged Relax Interventions 50%,Mongolia,MNG,2021-05-03,v8,TRUE
2021-01-11,infections,4.17,4.53,4.94,4.94,5.35,5.72,Surged Relax Interventions 50%,Mongolia,MNG,2021-05-03,v8,TRUE
2021-01-11,prevalence,28.73,31.28,34.11,34.11,36.94,39.48,Surged Relax Interventions 50%,Mongolia,MNG,2021-05-03,v8,TRUE
2021-01-11,cumulative_infections,137.98,150.55,164.51,164.51,178.46,191.03,Surged Relax Interventions 50%,Mongolia,MNG,2021-05-03,v8,TRUE
2021-01-11,cumulative_deaths,0.22,0.24,0.26,0.26,0.29,0.31,Surged Relax Interventions 50%,Mongolia,MNG,2021-05-03,v8,TRUE
2021-01-11,Rt,1.17,1.18,1.18,1.18,1.18,1.19,Surged Relax Interventions 50%,Mongolia,MNG,2021-05-03,v8,TRUE
2021-01-11,Reff,1.17,1.18,1.18,1.18,1.18,1.19,Surged Relax Interventions 50%,Mongolia,MNG,2021-05-03,v8,TRUE
2021-01-12,deaths,0.01,0.01,0.01,0.01,0.02,0.02,Additional 50% Reduction,Mongolia,MNG,2021-05-03,v8,TRUE
2021-01-12,hospital_demand,0.5,0.54,0.6,0.6,0.65,0.69,Additional 50% Reduction,Mongolia,MNG,2021-05-03,v8,TRUE
2021-01-12,ICU_demand,0.19,0.2,0.22,0.22,0.24,0.26,Additional 50% Reduction,Mongolia,MNG,2021-05-03,v8,TRUE
2021-01-12,infections,4.19,4.56,4.97,4.97,5.38,5.75,Additional 50% Reduction,Mongolia,MNG,2021-05-03,v8,TRUE
2021-01-12,prevalence,29.55,32.14,35.02,35.02,37.9,40.49,Additional 50% Reduction,Mongolia,MNG,2021-05-03,v8,TRUE
2021-01-12,cumulative_infections,142.18,155.11,169.48,169.48,183.85,196.78,Additional 50% Reduction,Mongolia,MNG,2021-05-03,v8,TRUE
2021-01-12,cumulative_deaths,0.23,0.25,0.28,0.28,0.3,0.32,Additional 50% Reduction,Mongolia,MNG,2021-05-03,v8,TRUE
2021-01-12,Rt,1.2,1.21,1.21,1.21,1.22,1.23,Additional 50% Reduction,Mongolia,MNG,2021-05-03,v8,TRUE
2021-01-12,Reff,1.2,1.21,1.21,1.21,1.22,1.23,Additional 50% Reduction,Mongolia,MNG,2021-05-03,v8,TRUE
2021-01-12,deaths,0.01,0.01,0.01,0.01,0.02,0.02,Maintain Status Quo,Mongolia,MNG,2021-05-03,v8,TRUE
2021-01-12,hospital_demand,0.5,0.54,0.6,0.6,0.65,0.69,Maintain Status Quo,Mongolia,MNG,2021-05-03,v8,TRUE
2021-01-12,ICU_demand,0.19,0.2,0.22,0.22,0.24,0.26,Maintain Status Quo,Mongolia,MNG,2021-05-03,v8,TRUE
2021-01-12,infections,4.19,4.56,4.97,4.97,5.38,5.75,Maintain Status Quo,Mongolia,MNG,2021-05-03,v8,TRUE
2021-01-12,prevalence,29.55,32.14,35.02,35.02,37.9,40.49,Maintain Status Quo,Mongolia,MNG,2021-05-03,v8,TRUE
2021-01-12,cumulative_infections,142.18,155.11,169.48,169.48,183.85,196.78,Maintain Status Quo,Mongolia,MNG,2021-05-03,v8,TRUE
2021-01-12,cumulative_deaths,0.23,0.25,0.28,0.28,0.3,0.32,Maintain Status Quo,Mongolia,MNG,2021-05-03,v8,TRUE
2021-01-12,Rt,1.2,1.21,1.21,1.21,1.22,1.23,Maintain Status Quo,Mongolia,MNG,2021-05-03,v8,TRUE
2021-01-12,Reff,1.2,1.21,1.21,1.21,1.22,1.23,Maintain Status Quo,Mongolia,MNG,2021-05-03,v8,TRUE
2021-01-12,deaths,0.01,0.01,0.01,0.01,0.02,0.02,Relax Interventions 50%,Mongolia,MNG,2021-05-03,v8,TRUE
2021-01-12,hospital_demand,0.5,0.54,0.6,0.6,0.65,0.69,Relax Interventions 50%,Mongolia,MNG,2021-05-03,v8,TRUE
2021-01-12,ICU_demand,0.19,0.2,0.22,0.22,0.24,0.26,Relax Interventions 50%,Mongolia,MNG,2021-05-03,v8,TRUE
2021-01-12,infections,4.19,4.56,4.97,4.97,5.38,5.75,Relax Interventions 50%,Mongolia,MNG,2021-05-03,v8,TRUE
2021-01-12,prevalence,29.55,32.14,35.02,35.02,37.9,40.49,Relax Interventions 50%,Mongolia,MNG,2021-05-03,v8,TRUE
2021-01-12,cumulative_infections,142.18,155.11,169.48,169.48,183.85,196.78,Relax Interventions 50%,Mongolia,MNG,2021-05-03,v8,TRUE
2021-01-12,cumulative_deaths,0.23,0.25,0.28,0.28,0.3,0.32,Relax Interventions 50%,Mongolia,MNG,2021-05-03,v8,TRUE
2021-01-12,Rt,1.2,1.21,1.21,1.21,1.22,1.23,Relax Interventions 50%,Mongolia,MNG,2021-05-03,v8,TRUE
2021-01-12,Reff,1.2,1.21,1.21,1.21,1.22,1.23,Relax Interventions 50%,Mongolia,MNG,2021-05-03,v8,TRUE
2021-01-12,deaths,0.01,0.01,0.01,0.01,0.02,0.02,Surged Additional 50% Reduction,Mongolia,MNG,2021-05-03,v8,TRUE
2021-01-12,hospital_demand,0.5,0.54,0.6,0.6,0.65,0.69,Surged Additional 50% Reduction,Mongolia,MNG,2021-05-03,v8,TRUE
2021-01-12,ICU_demand,0.19,0.2,0.22,0.22,0.24,0.26,Surged Additional 50% Reduction,Mongolia,MNG,2021-05-03,v8,TRUE
2021-01-12,infections,4.19,4.56,4.97,4.97,5.38,5.75,Surged Additional 50% Reduction,Mongolia,MNG,2021-05-03,v8,TRUE
2021-01-12,prevalence,29.55,32.14,35.02,35.02,37.9,40.49,Surged Additional 50% Reduction,Mongolia,MNG,2021-05-03,v8,TRUE
2021-01-12,cumulative_infections,142.18,155.11,169.48,169.48,183.85,196.78,Surged Additional 50% Reduction,Mongolia,MNG,2021-05-03,v8,TRUE
2021-01-12,cumulative_deaths,0.23,0.25,0.28,0.28,0.3,0.32,Surged Additional 50% Reduction,Mongolia,MNG,2021-05-03,v8,TRUE
2021-01-12,Rt,1.2,1.21,1.21,1.21,1.22,1.23,Surged Additional 50% Reduction,Mongolia,MNG,2021-05-03,v8,TRUE
2021-01-12,Reff,1.2,1.21,1.21,1.21,1.22,1.23,Surged Additional 50% Reduction,Mongolia,MNG,2021-05-03,v8,TRUE
2021-01-12,deaths,0.01,0.01,0.01,0.01,0.02,0.02,Surged Maintain Status Quo,Mongolia,MNG,2021-05-03,v8,TRUE
2021-01-12,hospital_demand,0.5,0.54,0.6,0.6,0.65,0.69,Surged Maintain Status Quo,Mongolia,MNG,2021-05-03,v8,TRUE
2021-01-12,ICU_demand,0.19,0.2,0.22,0.22,0.24,0.26,Surged Maintain Status Quo,Mongolia,MNG,2021-05-03,v8,TRUE
2021-01-12,infections,4.19,4.56,4.97,4.97,5.38,5.75,Surged Maintain Status Quo,Mongolia,MNG,2021-05-03,v8,TRUE
2021-01-12,prevalence,29.55,32.14,35.02,35.02,37.9,40.49,Surged Maintain Status Quo,Mongolia,MNG,2021-05-03,v8,TRUE
2021-01-12,cumulative_infections,142.18,155.11,169.48,169.48,183.85,196.78,Surged Maintain Status Quo,Mongolia,MNG,2021-05-03,v8,TRUE
2021-01-12,cumulative_deaths,0.23,0.25,0.28,0.28,0.3,0.32,Surged Maintain Status Quo,Mongolia,MNG,2021-05-03,v8,TRUE
2021-01-12,Rt,1.2,1.21,1.21,1.21,1.22,1.23,Surged Maintain Status Quo,Mongolia,MNG,2021-05-03,v8,TRUE
2021-01-12,Reff,1.2,1.21,1.21,1.21,1.22,1.23,Surged Maintain Status Quo,Mongolia,MNG,2021-05-03,v8,TRUE
2021-01-12,deaths,0.01,0.01,0.01,0.01,0.02,0.02,Surged Relax Interventions 50%,Mongolia,MNG,2021-05-03,v8,TRUE
2021-01-12,hospital_demand,0.5,0.54,0.6,0.6,0.65,0.69,Surged Relax Interventions 50%,Mongolia,MNG,2021-05-03,v8,TRUE
2021-01-12,ICU_demand,0.19,0.2,0.22,0.22,0.24,0.26,Surged Relax Interventions 50%,Mongolia,MNG,2021-05-03,v8,TRUE
2021-01-12,infections,4.19,4.56,4.97,4.97,5.38,5.75,Surged Relax Interventions 50%,Mongolia,MNG,2021-05-03,v8,TRUE
2021-01-12,prevalence,29.55,32.14,35.02,35.02,37.9,40.49,Surged Relax Interventions 50%,Mongolia,MNG,2021-05-03,v8,TRUE
2021-01-12,cumulative_infections,142.18,155.11,169.48,169.48,183.85,196.78,Surged Relax Interventions 50%,Mongolia,MNG,2021-05-03,v8,TRUE
2021-01-12,cumulative_deaths,0.23,0.25,0.28,0.28,0.3,0.32,Surged Relax Interventions 50%,Mongolia,MNG,2021-05-03,v8,TRUE
2021-01-12,Rt,1.2,1.21,1.21,1.21,1.22,1.23,Surged Relax Interventions 50%,Mongolia,MNG,2021-05-03,v8,TRUE
2021-01-12,Reff,1.2,1.21,1.21,1.21,1.22,1.23,Surged Relax Interventions 50%,Mongolia,MNG,2021-05-03,v8,TRUE
2021-01-13,deaths,0.01,0.01,0.01,0.01,0.02,0.02,Additional 50% Reduction,Mongolia,MNG,2021-05-03,v8,TRUE
2021-01-13,hospital_demand,0.5,0.55,0.6,0.6,0.65,0.7,Additional 50% Reduction,Mongolia,MNG,2021-05-03,v8,TRUE
2021-01-13,ICU_demand,0.19,0.21,0.23,0.23,0.24,0.26,Additional 50% Reduction,Mongolia,MNG,2021-05-03,v8,TRUE
2021-01-13,infections,4.32,4.7,5.12,5.12,5.54,5.91,Additional 50% Reduction,Mongolia,MNG,2021-05-03,v8,TRUE
2021-01-13,prevalence,30.52,33.16,36.09,36.09,39.03,41.67,Additional 50% Reduction,Mongolia,MNG,2021-05-03,v8,TRUE
2021-01-13,cumulative_infections,146.5,159.81,174.6,174.6,189.38,202.69,Additional 50% Reduction,Mongolia,MNG,2021-05-03,v8,TRUE
2021-01-13,cumulative_deaths,0.25,0.27,0.29,0.29,0.32,0.34,Additional 50% Reduction,Mongolia,MNG,2021-05-03,v8,TRUE
2021-01-13,Rt,1.17,1.17,1.18,1.18,1.18,1.19,Additional 50% Reduction,Mongolia,MNG,2021-05-03,v8,TRUE
2021-01-13,Reff,1.17,1.17,1.18,1.18,1.18,1.19,Additional 50% Reduction,Mongolia,MNG,2021-05-03,v8,TRUE
2021-01-13,deaths,0.01,0.01,0.01,0.01,0.02,0.02,Maintain Status Quo,Mongolia,MNG,2021-05-03,v8,TRUE
2021-01-13,hospital_demand,0.5,0.55,0.6,0.6,0.65,0.7,Maintain Status Quo,Mongolia,MNG,2021-05-03,v8,TRUE
2021-01-13,ICU_demand,0.19,0.21,0.23,0.23,0.24,0.26,Maintain Status Quo,Mongolia,MNG,2021-05-03,v8,TRUE
2021-01-13,infections,4.32,4.7,5.12,5.12,5.54,5.91,Maintain Status Quo,Mongolia,MNG,2021-05-03,v8,TRUE
2021-01-13,prevalence,30.52,33.16,36.09,36.09,39.03,41.67,Maintain Status Quo,Mongolia,MNG,2021-05-03,v8,TRUE
2021-01-13,cumulative_infections,146.5,159.81,174.6,174.6,189.38,202.69,Maintain Status Quo,Mongolia,MNG,2021-05-03,v8,TRUE
2021-01-13,cumulative_deaths,0.25,0.27,0.29,0.29,0.32,0.34,Maintain Status Quo,Mongolia,MNG,2021-05-03,v8,TRUE
2021-01-13,Rt,1.17,1.17,1.18,1.18,1.18,1.19,Maintain Status Quo,Mongolia,MNG,2021-05-03,v8,TRUE
2021-01-13,Reff,1.17,1.17,1.18,1.18,1.18,1.19,Maintain Status Quo,Mongolia,MNG,2021-05-03,v8,TRUE
2021-01-13,deaths,0.01,0.01,0.01,0.01,0.02,0.02,Relax Interventions 50%,Mongolia,MNG,2021-05-03,v8,TRUE
2021-01-13,hospital_demand,0.5,0.55,0.6,0.6,0.65,0.7,Relax Interventions 50%,Mongolia,MNG,2021-05-03,v8,TRUE
2021-01-13,ICU_demand,0.19,0.21,0.23,0.23,0.24,0.26,Relax Interventions 50%,Mongolia,MNG,2021-05-03,v8,TRUE
2021-01-13,infections,4.32,4.7,5.12,5.12,5.54,5.91,Relax Interventions 50%,Mongolia,MNG,2021-05-03,v8,TRUE
2021-01-13,prevalence,30.52,33.16,36.09,36.09,39.03,41.67,Relax Interventions 50%,Mongolia,MNG,2021-05-03,v8,TRUE
2021-01-13,cumulative_infections,146.5,159.81,174.6,174.6,189.38,202.69,Relax Interventions 50%,Mongolia,MNG,2021-05-03,v8,TRUE
2021-01-13,cumulative_deaths,0.25,0.27,0.29,0.29,0.32,0.34,Relax Interventions 50%,Mongolia,MNG,2021-05-03,v8,TRUE
2021-01-13,Rt,1.17,1.17,1.18,1.18,1.18,1.19,Relax Interventions 50%,Mongolia,MNG,2021-05-03,v8,TRUE
2021-01-13,Reff,1.17,1.17,1.18,1.18,1.18,1.19,Relax Interventions 50%,Mongolia,MNG,2021-05-03,v8,TRUE
2021-01-13,deaths,0.01,0.01,0.01,0.01,0.02,0.02,Surged Additional 50% Reduction,Mongolia,MNG,2021-05-03,v8,TRUE
2021-01-13,hospital_demand,0.5,0.55,0.6,0.6,0.65,0.7,Surged Additional 50% Reduction,Mongolia,MNG,2021-05-03,v8,TRUE
2021-01-13,ICU_demand,0.19,0.21,0.23,0.23,0.24,0.26,Surged Additional 50% Reduction,Mongolia,MNG,2021-05-03,v8,TRUE
2021-01-13,infections,4.32,4.7,5.12,5.12,5.54,5.91,Surged Additional 50% Reduction,Mongolia,MNG,2021-05-03,v8,TRUE
2021-01-13,prevalence,30.52,33.16,36.09,36.09,39.03,41.67,Surged Additional 50% Reduction,Mongolia,MNG,2021-05-03,v8,TRUE
2021-01-13,cumulative_infections,146.5,159.81,174.6,174.6,189.38,202.69,Surged Additional 50% Reduction,Mongolia,MNG,2021-05-03,v8,TRUE
2021-01-13,cumulative_deaths,0.25,0.27,0.29,0.29,0.32,0.34,Surged Additional 50% Reduction,Mongolia,MNG,2021-05-03,v8,TRUE
2021-01-13,Rt,1.17,1.17,1.18,1.18,1.18,1.19,Surged Additional 50% Reduction,Mongolia,MNG,2021-05-03,v8,TRUE
2021-01-13,Reff,1.17,1.17,1.18,1.18,1.18,1.19,Surged Additional 50% Reduction,Mongolia,MNG,2021-05-03,v8,TRUE
2021-01-13,deaths,0.01,0.01,0.01,0.01,0.02,0.02,Surged Maintain Status Quo,Mongolia,MNG,2021-05-03,v8,TRUE
2021-01-13,hospital_demand,0.5,0.55,0.6,0.6,0.65,0.7,Surged Maintain Status Quo,Mongolia,MNG,2021-05-03,v8,TRUE
2021-01-13,ICU_demand,0.19,0.21,0.23,0.23,0.24,0.26,Surged Maintain Status Quo,Mongolia,MNG,2021-05-03,v8,TRUE
2021-01-13,infections,4.32,4.7,5.12,5.12,5.54,5.91,Surged Maintain Status Quo,Mongolia,MNG,2021-05-03,v8,TRUE
2021-01-13,prevalence,30.52,33.16,36.09,36.09,39.03,41.67,Surged Maintain Status Quo,Mongolia,MNG,2021-05-03,v8,TRUE
2021-01-13,cumulative_infections,146.5,159.81,174.6,174.6,189.38,202.69,Surged Maintain Status Quo,Mongolia,MNG,2021-05-03,v8,TRUE
2021-01-13,cumulative_deaths,0.25,0.27,0.29,0.29,0.32,0.34,Surged Maintain Status Quo,Mongolia,MNG,2021-05-03,v8,TRUE
2021-01-13,Rt,1.17,1.17,1.18,1.18,1.18,1.19,Surged Maintain Status Quo,Mongolia,MNG,2021-05-03,v8,TRUE
2021-01-13,Reff,1.17,1.17,1.18,1.18,1.18,1.19,Surged Maintain Status Quo,Mongolia,MNG,2021-05-03,v8,TRUE
2021-01-13,deaths,0.01,0.01,0.01,0.01,0.02,0.02,Surged Relax Interventions 50%,Mongolia,MNG,2021-05-03,v8,TRUE
2021-01-13,hospital_demand,0.5,0.55,0.6,0.6,0.65,0.7,Surged Relax Interventions 50%,Mongolia,MNG,2021-05-03,v8,TRUE
2021-01-13,ICU_demand,0.19,0.21,0.23,0.23,0.24,0.26,Surged Relax Interventions 50%,Mongolia,MNG,2021-05-03,v8,TRUE
2021-01-13,infections,4.32,4.7,5.12,5.12,5.54,5.91,Surged Relax Interventions 50%,Mongolia,MNG,2021-05-03,v8,TRUE
2021-01-13,prevalence,30.52,33.16,36.09,36.09,39.03,41.67,Surged Relax Interventions 50%,Mongolia,MNG,2021-05-03,v8,TRUE
2021-01-13,cumulative_infections,146.5,159.81,174.6,174.6,189.38,202.69,Surged Relax Interventions 50%,Mongolia,MNG,2021-05-03,v8,TRUE
2021-01-13,cumulative_deaths,0.25,0.27,0.29,0.29,0.32,0.34,Surged Relax Interventions 50%,Mongolia,MNG,2021-05-03,v8,TRUE
2021-01-13,Rt,1.17,1.17,1.18,1.18,1.18,1.19,Surged Relax Interventions 50%,Mongolia,MNG,2021-05-03,v8,TRUE
2021-01-13,Reff,1.17,1.17,1.18,1.18,1.18,1.19,Surged Relax Interventions 50%,Mongolia,MNG,2021-05-03,v8,TRUE
2021-01-14,deaths,0.01,0.01,0.02,0.02,0.02,0.02,Additional 50% Reduction,Mongolia,MNG,2021-05-03,v8,TRUE
2021-01-14,hospital_demand,0.5,0.55,0.6,0.6,0.65,0.7,Additional 50% Reduction,Mongolia,MNG,2021-05-03,v8,TRUE
2021-01-14,ICU_demand,0.19,0.21,0.23,0.23,0.25,0.26,Additional 50% Reduction,Mongolia,MNG,2021-05-03,v8,TRUE
2021-01-14,infections,4.48,4.87,5.29,5.29,5.72,6.11,Additional 50% Reduction,Mongolia,MNG,2021-05-03,v8,TRUE
2021-01-14,prevalence,31.31,34,36.99,36.99,39.99,42.68,Additional 50% Reduction,Mongolia,MNG,2021-05-03,v8,TRUE
2021-01-14,cumulative_infections,150.98,164.67,179.89,179.89,195.11,208.8,Additional 50% Reduction,Mongolia,MNG,2021-05-03,v8,TRUE
2021-01-14,cumulative_deaths,0.26,0.28,0.31,0.31,0.33,0.36,Additional 50% Reduction,Mongolia,MNG,2021-05-03,v8,TRUE
2021-01-14,Rt,1.1,1.1,1.1,1.1,1.1,1.11,Additional 50% Reduction,Mongolia,MNG,2021-05-03,v8,TRUE
2021-01-14,Reff,1.1,1.1,1.1,1.1,1.1,1.11,Additional 50% Reduction,Mongolia,MNG,2021-05-03,v8,TRUE
2021-01-14,deaths,0.01,0.01,0.02,0.02,0.02,0.02,Maintain Status Quo,Mongolia,MNG,2021-05-03,v8,TRUE
2021-01-14,hospital_demand,0.5,0.55,0.6,0.6,0.65,0.7,Maintain Status Quo,Mongolia,MNG,2021-05-03,v8,TRUE
2021-01-14,ICU_demand,0.19,0.21,0.23,0.23,0.25,0.26,Maintain Status Quo,Mongolia,MNG,2021-05-03,v8,TRUE
2021-01-14,infections,4.48,4.87,5.29,5.29,5.72,6.11,Maintain Status Quo,Mongolia,MNG,2021-05-03,v8,TRUE
2021-01-14,prevalence,31.31,34,36.99,36.99,39.99,42.68,Maintain Status Quo,Mongolia,MNG,2021-05-03,v8,TRUE
2021-01-14,cumulative_infections,150.98,164.67,179.89,179.89,195.11,208.8,Maintain Status Quo,Mongolia,MNG,2021-05-03,v8,TRUE
2021-01-14,cumulative_deaths,0.26,0.28,0.31,0.31,0.33,0.36,Maintain Status Quo,Mongolia,MNG,2021-05-03,v8,TRUE
2021-01-14,Rt,1.1,1.1,1.1,1.1,1.1,1.11,Maintain Status Quo,Mongolia,MNG,2021-05-03,v8,TRUE
2021-01-14,Reff,1.1,1.1,1.1,1.1,1.1,1.11,Maintain Status Quo,Mongolia,MNG,2021-05-03,v8,TRUE
2021-01-14,deaths,0.01,0.01,0.02,0.02,0.02,0.02,Relax Interventions 50%,Mongolia,MNG,2021-05-03,v8,TRUE
2021-01-14,hospital_demand,0.5,0.55,0.6,0.6,0.65,0.7,Relax Interventions 50%,Mongolia,MNG,2021-05-03,v8,TRUE
2021-01-14,ICU_demand,0.19,0.21,0.23,0.23,0.25,0.26,Relax Interventions 50%,Mongolia,MNG,2021-05-03,v8,TRUE
2021-01-14,infections,4.48,4.87,5.29,5.29,5.72,6.11,Relax Interventions 50%,Mongolia,MNG,2021-05-03,v8,TRUE
2021-01-14,prevalence,31.31,34,36.99,36.99,39.99,42.68,Relax Interventions 50%,Mongolia,MNG,2021-05-03,v8,TRUE
2021-01-14,cumulative_infections,150.98,164.67,179.89,179.89,195.11,208.8,Relax Interventions 50%,Mongolia,MNG,2021-05-03,v8,TRUE
2021-01-14,cumulative_deaths,0.26,0.28,0.31,0.31,0.33,0.36,Relax Interventions 50%,Mongolia,MNG,2021-05-03,v8,TRUE
2021-01-14,Rt,1.1,1.1,1.1,1.1,1.1,1.11,Relax Interventions 50%,Mongolia,MNG,2021-05-03,v8,TRUE
2021-01-14,Reff,1.1,1.1,1.1,1.1,1.1,1.11,Relax Interventions 50%,Mongolia,MNG,2021-05-03,v8,TRUE
2021-01-14,deaths,0.01,0.01,0.02,0.02,0.02,0.02,Surged Additional 50% Reduction,Mongolia,MNG,2021-05-03,v8,TRUE
2021-01-14,hospital_demand,0.5,0.55,0.6,0.6,0.65,0.7,Surged Additional 50% Reduction,Mongolia,MNG,2021-05-03,v8,TRUE
2021-01-14,ICU_demand,0.19,0.21,0.23,0.23,0.25,0.26,Surged Additional 50% Reduction,Mongolia,MNG,2021-05-03,v8,TRUE
2021-01-14,infections,4.48,4.87,5.29,5.29,5.72,6.11,Surged Additional 50% Reduction,Mongolia,MNG,2021-05-03,v8,TRUE
2021-01-14,prevalence,31.31,34,36.99,36.99,39.99,42.68,Surged Additional 50% Reduction,Mongolia,MNG,2021-05-03,v8,TRUE
2021-01-14,cumulative_infections,150.98,164.67,179.89,179.89,195.11,208.8,Surged Additional 50% Reduction,Mongolia,MNG,2021-05-03,v8,TRUE
2021-01-14,cumulative_deaths,0.26,0.28,0.31,0.31,0.33,0.36,Surged Additional 50% Reduction,Mongolia,MNG,2021-05-03,v8,TRUE
2021-01-14,Rt,1.1,1.1,1.1,1.1,1.1,1.11,Surged Additional 50% Reduction,Mongolia,MNG,2021-05-03,v8,TRUE
2021-01-14,Reff,1.1,1.1,1.1,1.1,1.1,1.11,Surged Additional 50% Reduction,Mongolia,MNG,2021-05-03,v8,TRUE
2021-01-14,deaths,0.01,0.01,0.02,0.02,0.02,0.02,Surged Maintain Status Quo,Mongolia,MNG,2021-05-03,v8,TRUE
2021-01-14,hospital_demand,0.5,0.55,0.6,0.6,0.65,0.7,Surged Maintain Status Quo,Mongolia,MNG,2021-05-03,v8,TRUE
2021-01-14,ICU_demand,0.19,0.21,0.23,0.23,0.25,0.26,Surged Maintain Status Quo,Mongolia,MNG,2021-05-03,v8,TRUE
2021-01-14,infections,4.48,4.87,5.29,5.29,5.72,6.11,Surged Maintain Status Quo,Mongolia,MNG,2021-05-03,v8,TRUE
2021-01-14,prevalence,31.31,34,36.99,36.99,39.99,42.68,Surged Maintain Status Quo,Mongolia,MNG,2021-05-03,v8,TRUE
2021-01-14,cumulative_infections,150.98,164.67,179.89,179.89,195.11,208.8,Surged Maintain Status Quo,Mongolia,MNG,2021-05-03,v8,TRUE
2021-01-14,cumulative_deaths,0.26,0.28,0.31,0.31,0.33,0.36,Surged Maintain Status Quo,Mongolia,MNG,2021-05-03,v8,TRUE
2021-01-14,Rt,1.1,1.1,1.1,1.1,1.1,1.11,Surged Maintain Status Quo,Mongolia,MNG,2021-05-03,v8,TRUE
2021-01-14,Reff,1.1,1.1,1.1,1.1,1.1,1.11,Surged Maintain Status Quo,Mongolia,MNG,2021-05-03,v8,TRUE
2021-01-14,deaths,0.01,0.01,0.02,0.02,0.02,0.02,Surged Relax Interventions 50%,Mongolia,MNG,2021-05-03,v8,TRUE
2021-01-14,hospital_demand,0.5,0.55,0.6,0.6,0.65,0.7,Surged Relax Interventions 50%,Mongolia,MNG,2021-05-03,v8,TRUE
2021-01-14,ICU_demand,0.19,0.21,0.23,0.23,0.25,0.26,Surged Relax Interventions 50%,Mongolia,MNG,2021-05-03,v8,TRUE
2021-01-14,infections,4.48,4.87,5.29,5.29,5.72,6.11,Surged Relax Interventions 50%,Mongolia,MNG,2021-05-03,v8,TRUE
2021-01-14,prevalence,31.31,34,36.99,36.99,39.99,42.68,Surged Relax Interventions 50%,Mongolia,MNG,2021-05-03,v8,TRUE
2021-01-14,cumulative_infections,150.98,164.67,179.89,179.89,195.11,208.8,Surged Relax Interventions 50%,Mongolia,MNG,2021-05-03,v8,TRUE
2021-01-14,cumulative_deaths,0.26,0.28,0.31,0.31,0.33,0.36,Surged Relax Interventions 50%,Mongolia,MNG,2021-05-03,v8,TRUE
2021-01-14,Rt,1.1,1.1,1.1,1.1,1.1,1.11,Surged Relax Interventions 50%,Mongolia,MNG,2021-05-03,v8,TRUE
2021-01-14,Reff,1.1,1.1,1.1,1.1,1.1,1.11,Surged Relax Interventions 50%,Mongolia,MNG,2021-05-03,v8,TRUE
2021-01-15,deaths,0.01,0.01,0.02,0.02,0.02,0.02,Additional 50% Reduction,Mongolia,MNG,2021-05-03,v8,TRUE
2021-01-15,hospital_demand,0.5,0.55,0.6,0.6,0.65,0.69,Additional 50% Reduction,Mongolia,MNG,2021-05-03,v8,TRUE
2021-01-15,ICU_demand,0.19,0.21,0.23,0.23,0.25,0.27,Additional 50% Reduction,Mongolia,MNG,2021-05-03,v8,TRUE
2021-01-15,infections,4.6,4.99,5.43,5.43,5.87,6.26,Additional 50% Reduction,Mongolia,MNG,2021-05-03,v8,TRUE
2021-01-15,prevalence,31.77,34.49,37.51,37.51,40.52,43.24,Additional 50% Reduction,Mongolia,MNG,2021-05-03,v8,TRUE
2021-01-15,cumulative_infections,155.58,169.66,185.32,185.32,200.97,215.06,Additional 50% Reduction,Mongolia,MNG,2021-05-03,v8,TRUE
2021-01-15,cumulative_deaths,0.27,0.3,0.32,0.32,0.35,0.37,Additional 50% Reduction,Mongolia,MNG,2021-05-03,v8,TRUE
2021-01-15,Rt,1.07,1.07,1.07,1.07,1.07,1.07,Additional 50% Reduction,Mongolia,MNG,2021-05-03,v8,TRUE
2021-01-15,Reff,1.07,1.07,1.07,1.07,1.07,1.07,Additional 50% Reduction,Mongolia,MNG,2021-05-03,v8,TRUE
2021-01-15,deaths,0.01,0.01,0.02,0.02,0.02,0.02,Maintain Status Quo,Mongolia,MNG,2021-05-03,v8,TRUE
2021-01-15,hospital_demand,0.5,0.55,0.6,0.6,0.65,0.69,Maintain Status Quo,Mongolia,MNG,2021-05-03,v8,TRUE
2021-01-15,ICU_demand,0.19,0.21,0.23,0.23,0.25,0.27,Maintain Status Quo,Mongolia,MNG,2021-05-03,v8,TRUE
2021-01-15,infections,4.6,4.99,5.43,5.43,5.87,6.26,Maintain Status Quo,Mongolia,MNG,2021-05-03,v8,TRUE
2021-01-15,prevalence,31.77,34.49,37.51,37.51,40.52,43.24,Maintain Status Quo,Mongolia,MNG,2021-05-03,v8,TRUE
2021-01-15,cumulative_infections,155.58,169.66,185.32,185.32,200.97,215.06,Maintain Status Quo,Mongolia,MNG,2021-05-03,v8,TRUE
2021-01-15,cumulative_deaths,0.27,0.3,0.32,0.32,0.35,0.37,Maintain Status Quo,Mongolia,MNG,2021-05-03,v8,TRUE
2021-01-15,Rt,1.07,1.07,1.07,1.07,1.07,1.07,Maintain Status Quo,Mongolia,MNG,2021-05-03,v8,TRUE
2021-01-15,Reff,1.07,1.07,1.07,1.07,1.07,1.07,Maintain Status Quo,Mongolia,MNG,2021-05-03,v8,TRUE
2021-01-15,deaths,0.01,0.01,0.02,0.02,0.02,0.02,Relax Interventions 50%,Mongolia,MNG,2021-05-03,v8,TRUE
2021-01-15,hospital_demand,0.5,0.55,0.6,0.6,0.65,0.69,Relax Interventions 50%,Mongolia,MNG,2021-05-03,v8,TRUE
2021-01-15,ICU_demand,0.19,0.21,0.23,0.23,0.25,0.27,Relax Interventions 50%,Mongolia,MNG,2021-05-03,v8,TRUE
2021-01-15,infections,4.6,4.99,5.43,5.43,5.87,6.26,Relax Interventions 50%,Mongolia,MNG,2021-05-03,v8,TRUE
2021-01-15,prevalence,31.77,34.49,37.51,37.51,40.52,43.24,Relax Interventions 50%,Mongolia,MNG,2021-05-03,v8,TRUE
2021-01-15,cumulative_infections,155.58,169.66,185.32,185.32,200.97,215.06,Relax Interventions 50%,Mongolia,MNG,2021-05-03,v8,TRUE
2021-01-15,cumulative_deaths,0.27,0.3,0.32,0.32,0.35,0.37,Relax Interventions 50%,Mongolia,MNG,2021-05-03,v8,TRUE
2021-01-15,Rt,1.07,1.07,1.07,1.07,1.07,1.07,Relax Interventions 50%,Mongolia,MNG,2021-05-03,v8,TRUE
2021-01-15,Reff,1.07,1.07,1.07,1.07,1.07,1.07,Relax Interventions 50%,Mongolia,MNG,2021-05-03,v8,TRUE
2021-01-15,deaths,0.01,0.01,0.02,0.02,0.02,0.02,Surged Additional 50% Reduction,Mongolia,MNG,2021-05-03,v8,TRUE
2021-01-15,hospital_demand,0.5,0.55,0.6,0.6,0.65,0.69,Surged Additional 50% Reduction,Mongolia,MNG,2021-05-03,v8,TRUE
2021-01-15,ICU_demand,0.19,0.21,0.23,0.23,0.25,0.27,Surged Additional 50% Reduction,Mongolia,MNG,2021-05-03,v8,TRUE
2021-01-15,infections,4.6,4.99,5.43,5.43,5.87,6.26,Surged Additional 50% Reduction,Mongolia,MNG,2021-05-03,v8,TRUE
2021-01-15,prevalence,31.77,34.49,37.51,37.51,40.52,43.24,Surged Additional 50% Reduction,Mongolia,MNG,2021-05-03,v8,TRUE
2021-01-15,cumulative_infections,155.58,169.66,185.32,185.32,200.97,215.06,Surged Additional 50% Reduction,Mongolia,MNG,2021-05-03,v8,TRUE
2021-01-15,cumulative_deaths,0.27,0.3,0.32,0.32,0.35,0.37,Surged Additional 50% Reduction,Mongolia,MNG,2021-05-03,v8,TRUE
2021-01-15,Rt,1.07,1.07,1.07,1.07,1.07,1.07,Surged Additional 50% Reduction,Mongolia,MNG,2021-05-03,v8,TRUE
2021-01-15,Reff,1.07,1.07,1.07,1.07,1.07,1.07,Surged Additional 50% Reduction,Mongolia,MNG,2021-05-03,v8,TRUE
2021-01-15,deaths,0.01,0.01,0.02,0.02,0.02,0.02,Surged Maintain Status Quo,Mongolia,MNG,2021-05-03,v8,TRUE
2021-01-15,hospital_demand,0.5,0.55,0.6,0.6,0.65,0.69,Surged Maintain Status Quo,Mongolia,MNG,2021-05-03,v8,TRUE
2021-01-15,ICU_demand,0.19,0.21,0.23,0.23,0.25,0.27,Surged Maintain Status Quo,Mongolia,MNG,2021-05-03,v8,TRUE
2021-01-15,infections,4.6,4.99,5.43,5.43,5.87,6.26,Surged Maintain Status Quo,Mongolia,MNG,2021-05-03,v8,TRUE
2021-01-15,prevalence,31.77,34.49,37.51,37.51,40.52,43.24,Surged Maintain Status Quo,Mongolia,MNG,2021-05-03,v8,TRUE
2021-01-15,cumulative_infections,155.58,169.66,185.32,185.32,200.97,215.06,Surged Maintain Status Quo,Mongolia,MNG,2021-05-03,v8,TRUE
2021-01-15,cumulative_deaths,0.27,0.3,0.32,0.32,0.35,0.37,Surged Maintain Status Quo,Mongolia,MNG,2021-05-03,v8,TRUE
2021-01-15,Rt,1.07,1.07,1.07,1.07,1.07,1.07,Surged Maintain Status Quo,Mongolia,MNG,2021-05-03,v8,TRUE
2021-01-15,Reff,1.07,1.07,1.07,1.07,1.07,1.07,Surged Maintain Status Quo,Mongolia,MNG,2021-05-03,v8,TRUE
2021-01-15,deaths,0.01,0.01,0.02,0.02,0.02,0.02,Surged Relax Interventions 50%,Mongolia,MNG,2021-05-03,v8,TRUE
2021-01-15,hospital_demand,0.5,0.55,0.6,0.6,0.65,0.69,Surged Relax Interventions 50%,Mongolia,MNG,2021-05-03,v8,TRUE
2021-01-15,ICU_demand,0.19,0.21,0.23,0.23,0.25,0.27,Surged Relax Interventions 50%,Mongolia,MNG,2021-05-03,v8,TRUE
2021-01-15,infections,4.6,4.99,5.43,5.43,5.87,6.26,Surged Relax Interventions 50%,Mongolia,MNG,2021-05-03,v8,TRUE
2021-01-15,prevalence,31.77,34.49,37.51,37.51,40.52,43.24,Surged Relax Interventions 50%,Mongolia,MNG,2021-05-03,v8,TRUE
2021-01-15,cumulative_infections,155.58,169.66,185.32,185.32,200.97,215.06,Surged Relax Interventions 50%,Mongolia,MNG,2021-05-03,v8,TRUE
2021-01-15,cumulative_deaths,0.27,0.3,0.32,0.32,0.35,0.37,Surged Relax Interventions 50%,Mongolia,MNG,2021-05-03,v8,TRUE
2021-01-15,Rt,1.07,1.07,1.07,1.07,1.07,1.07,Surged Relax Interventions 50%,Mongolia,MNG,2021-05-03,v8,TRUE
2021-01-15,Reff,1.07,1.07,1.07,1.07,1.07,1.07,Surged Relax Interventions 50%,Mongolia,MNG,2021-05-03,v8,TRUE
2021-01-16,deaths,0.01,0.01,0.02,0.02,0.02,0.02,Additional 50% Reduction,Mongolia,MNG,2021-05-03,v8,TRUE
2021-01-16,hospital_demand,0.5,0.55,0.6,0.6,0.65,0.69,Additional 50% Reduction,Mongolia,MNG,2021-05-03,v8,TRUE
2021-01-16,ICU_demand,0.19,0.21,0.23,0.23,0.25,0.27,Additional 50% Reduction,Mongolia,MNG,2021-05-03,v8,TRUE
2021-01-16,infections,4.67,5.07,5.51,5.51,5.95,6.35,Additional 50% Reduction,Mongolia,MNG,2021-05-03,v8,TRUE
2021-01-16,prevalence,32.12,34.85,37.88,37.88,40.91,43.64,Additional 50% Reduction,Mongolia,MNG,2021-05-03,v8,TRUE
2021-01-16,cumulative_infections,160.25,174.74,190.83,190.83,206.93,221.41,Additional 50% Reduction,Mongolia,MNG,2021-05-03,v8,TRUE
2021-01-16,cumulative_deaths,0.28,0.31,0.34,0.34,0.37,0.39,Additional 50% Reduction,Mongolia,MNG,2021-05-03,v8,TRUE
2021-01-16,Rt,1.1,1.1,1.1,1.1,1.1,1.11,Additional 50% Reduction,Mongolia,MNG,2021-05-03,v8,TRUE
2021-01-16,Reff,1.1,1.1,1.1,1.1,1.1,1.11,Additional 50% Reduction,Mongolia,MNG,2021-05-03,v8,TRUE
2021-01-16,deaths,0.01,0.01,0.02,0.02,0.02,0.02,Maintain Status Quo,Mongolia,MNG,2021-05-03,v8,TRUE
2021-01-16,hospital_demand,0.5,0.55,0.6,0.6,0.65,0.69,Maintain Status Quo,Mongolia,MNG,2021-05-03,v8,TRUE
2021-01-16,ICU_demand,0.19,0.21,0.23,0.23,0.25,0.27,Maintain Status Quo,Mongolia,MNG,2021-05-03,v8,TRUE
2021-01-16,infections,4.67,5.07,5.51,5.51,5.95,6.35,Maintain Status Quo,Mongolia,MNG,2021-05-03,v8,TRUE
2021-01-16,prevalence,32.12,34.85,37.88,37.88,40.91,43.64,Maintain Status Quo,Mongolia,MNG,2021-05-03,v8,TRUE
2021-01-16,cumulative_infections,160.25,174.74,190.83,190.83,206.93,221.41,Maintain Status Quo,Mongolia,MNG,2021-05-03,v8,TRUE
2021-01-16,cumulative_deaths,0.28,0.31,0.34,0.34,0.37,0.39,Maintain Status Quo,Mongolia,MNG,2021-05-03,v8,TRUE
2021-01-16,Rt,1.1,1.1,1.1,1.1,1.1,1.11,Maintain Status Quo,Mongolia,MNG,2021-05-03,v8,TRUE
2021-01-16,Reff,1.1,1.1,1.1,1.1,1.1,1.11,Maintain Status Quo,Mongolia,MNG,2021-05-03,v8,TRUE
2021-01-16,deaths,0.01,0.01,0.02,0.02,0.02,0.02,Relax Interventions 50%,Mongolia,MNG,2021-05-03,v8,TRUE
2021-01-16,hospital_demand,0.5,0.55,0.6,0.6,0.65,0.69,Relax Interventions 50%,Mongolia,MNG,2021-05-03,v8,TRUE
2021-01-16,ICU_demand,0.19,0.21,0.23,0.23,0.25,0.27,Relax Interventions 50%,Mongolia,MNG,2021-05-03,v8,TRUE
2021-01-16,infections,4.67,5.07,5.51,5.51,5.95,6.35,Relax Interventions 50%,Mongolia,MNG,2021-05-03,v8,TRUE
2021-01-16,prevalence,32.12,34.85,37.88,37.88,40.91,43.64,Relax Interventions 50%,Mongolia,MNG,2021-05-03,v8,TRUE
2021-01-16,cumulative_infections,160.25,174.74,190.83,190.83,206.93,221.41,Relax Interventions 50%,Mongolia,MNG,2021-05-03,v8,TRUE
2021-01-16,cumulative_deaths,0.28,0.31,0.34,0.34,0.37,0.39,Relax Interventions 50%,Mongolia,MNG,2021-05-03,v8,TRUE
2021-01-16,Rt,1.1,1.1,1.1,1.1,1.1,1.11,Relax Interventions 50%,Mongolia,MNG,2021-05-03,v8,TRUE
2021-01-16,Reff,1.1,1.1,1.1,1.1,1.1,1.11,Relax Interventions 50%,Mongolia,MNG,2021-05-03,v8,TRUE
2021-01-16,deaths,0.01,0.01,0.02,0.02,0.02,0.02,Surged Additional 50% Reduction,Mongolia,MNG,2021-05-03,v8,TRUE
2021-01-16,hospital_demand,0.5,0.55,0.6,0.6,0.65,0.69,Surged Additional 50% Reduction,Mongolia,MNG,2021-05-03,v8,TRUE
2021-01-16,ICU_demand,0.19,0.21,0.23,0.23,0.25,0.27,Surged Additional 50% Reduction,Mongolia,MNG,2021-05-03,v8,TRUE
2021-01-16,infections,4.67,5.07,5.51,5.51,5.95,6.35,Surged Additional 50% Reduction,Mongolia,MNG,2021-05-03,v8,TRUE
2021-01-16,prevalence,32.12,34.85,37.88,37.88,40.91,43.64,Surged Additional 50% Reduction,Mongolia,MNG,2021-05-03,v8,TRUE
2021-01-16,cumulative_infections,160.25,174.74,190.83,190.83,206.93,221.41,Surged Additional 50% Reduction,Mongolia,MNG,2021-05-03,v8,TRUE
2021-01-16,cumulative_deaths,0.28,0.31,0.34,0.34,0.37,0.39,Surged Additional 50% Reduction,Mongolia,MNG,2021-05-03,v8,TRUE
2021-01-16,Rt,1.1,1.1,1.1,1.1,1.1,1.11,Surged Additional 50% Reduction,Mongolia,MNG,2021-05-03,v8,TRUE
2021-01-16,Reff,1.1,1.1,1.1,1.1,1.1,1.11,Surged Additional 50% Reduction,Mongolia,MNG,2021-05-03,v8,TRUE
2021-01-16,deaths,0.01,0.01,0.02,0.02,0.02,0.02,Surged Maintain Status Quo,Mongolia,MNG,2021-05-03,v8,TRUE
2021-01-16,hospital_demand,0.5,0.55,0.6,0.6,0.65,0.69,Surged Maintain Status Quo,Mongolia,MNG,2021-05-03,v8,TRUE
2021-01-16,ICU_demand,0.19,0.21,0.23,0.23,0.25,0.27,Surged Maintain Status Quo,Mongolia,MNG,2021-05-03,v8,TRUE
2021-01-16,infections,4.67,5.07,5.51,5.51,5.95,6.35,Surged Maintain Status Quo,Mongolia,MNG,2021-05-03,v8,TRUE
2021-01-16,prevalence,32.12,34.85,37.88,37.88,40.91,43.64,Surged Maintain Status Quo,Mongolia,MNG,2021-05-03,v8,TRUE
2021-01-16,cumulative_infections,160.25,174.74,190.83,190.83,206.93,221.41,Surged Maintain Status Quo,Mongolia,MNG,2021-05-03,v8,TRUE
2021-01-16,cumulative_deaths,0.28,0.31,0.34,0.34,0.37,0.39,Surged Maintain Status Quo,Mongolia,MNG,2021-05-03,v8,TRUE
2021-01-16,Rt,1.1,1.1,1.1,1.1,1.1,1.11,Surged Maintain Status Quo,Mongolia,MNG,2021-05-03,v8,TRUE
2021-01-16,Reff,1.1,1.1,1.1,1.1,1.1,1.11,Surged Maintain Status Quo,Mongolia,MNG,2021-05-03,v8,TRUE
2021-01-16,deaths,0.01,0.01,0.02,0.02,0.02,0.02,Surged Relax Interventions 50%,Mongolia,MNG,2021-05-03,v8,TRUE
2021-01-16,hospital_demand,0.5,0.55,0.6,0.6,0.65,0.69,Surged Relax Interventions 50%,Mongolia,MNG,2021-05-03,v8,TRUE
2021-01-16,ICU_demand,0.19,0.21,0.23,0.23,0.25,0.27,Surged Relax Interventions 50%,Mongolia,MNG,2021-05-03,v8,TRUE
2021-01-16,infections,4.67,5.07,5.51,5.51,5.95,6.35,Surged Relax Interventions 50%,Mongolia,MNG,2021-05-03,v8,TRUE
2021-01-16,prevalence,32.12,34.85,37.88,37.88,40.91,43.64,Surged Relax Interventions 50%,Mongolia,MNG,2021-05-03,v8,TRUE
2021-01-16,cumulative_infections,160.25,174.74,190.83,190.83,206.93,221.41,Surged Relax Interventions 50%,Mongolia,MNG,2021-05-03,v8,TRUE
2021-01-16,cumulative_deaths,0.28,0.31,0.34,0.34,0.37,0.39,Surged Relax Interventions 50%,Mongolia,MNG,2021-05-03,v8,TRUE
2021-01-16,Rt,1.1,1.1,1.1,1.1,1.1,1.11,Surged Relax Interventions 50%,Mongolia,MNG,2021-05-03,v8,TRUE
2021-01-16,Reff,1.1,1.1,1.1,1.1,1.1,1.11,Surged Relax Interventions 50%,Mongolia,MNG,2021-05-03,v8,TRUE
2021-01-17,deaths,0.01,0.01,0.02,0.02,0.02,0.02,Additional 50% Reduction,Mongolia,MNG,2021-05-03,v8,TRUE
2021-01-17,hospital_demand,0.5,0.55,0.6,0.6,0.65,0.69,Additional 50% Reduction,Mongolia,MNG,2021-05-03,v8,TRUE
2021-01-17,ICU_demand,0.19,0.21,0.23,0.23,0.25,0.27,Additional 50% Reduction,Mongolia,MNG,2021-05-03,v8,TRUE
2021-01-17,infections,4.74,5.14,5.58,5.58,6.02,6.42,Additional 50% Reduction,Mongolia,MNG,2021-05-03,v8,TRUE
2021-01-17,prevalence,32.61,35.36,38.42,38.42,41.48,44.23,Additional 50% Reduction,Mongolia,MNG,2021-05-03,v8,TRUE
2021-01-17,cumulative_infections,164.99,179.87,196.41,196.41,212.95,227.84,Additional 50% Reduction,Mongolia,MNG,2021-05-03,v8,TRUE
2021-01-17,cumulative_deaths,0.3,0.32,0.35,0.35,0.38,0.41,Additional 50% Reduction,Mongolia,MNG,2021-05-03,v8,TRUE
2021-01-17,Rt,1.14,1.14,1.14,1.14,1.15,1.15,Additional 50% Reduction,Mongolia,MNG,2021-05-03,v8,TRUE
2021-01-17,Reff,1.14,1.14,1.14,1.14,1.15,1.15,Additional 50% Reduction,Mongolia,MNG,2021-05-03,v8,TRUE
2021-01-17,deaths,0.01,0.01,0.02,0.02,0.02,0.02,Maintain Status Quo,Mongolia,MNG,2021-05-03,v8,TRUE
2021-01-17,hospital_demand,0.5,0.55,0.6,0.6,0.65,0.69,Maintain Status Quo,Mongolia,MNG,2021-05-03,v8,TRUE
2021-01-17,ICU_demand,0.19,0.21,0.23,0.23,0.25,0.27,Maintain Status Quo,Mongolia,MNG,2021-05-03,v8,TRUE
2021-01-17,infections,4.74,5.14,5.58,5.58,6.02,6.42,Maintain Status Quo,Mongolia,MNG,2021-05-03,v8,TRUE
2021-01-17,prevalence,32.61,35.36,38.42,38.42,41.48,44.23,Maintain Status Quo,Mongolia,MNG,2021-05-03,v8,TRUE
2021-01-17,cumulative_infections,164.99,179.87,196.41,196.41,212.95,227.84,Maintain Status Quo,Mongolia,MNG,2021-05-03,v8,TRUE
2021-01-17,cumulative_deaths,0.3,0.32,0.35,0.35,0.38,0.41,Maintain Status Quo,Mongolia,MNG,2021-05-03,v8,TRUE
2021-01-17,Rt,1.14,1.14,1.14,1.14,1.15,1.15,Maintain Status Quo,Mongolia,MNG,2021-05-03,v8,TRUE
2021-01-17,Reff,1.14,1.14,1.14,1.14,1.15,1.15,Maintain Status Quo,Mongolia,MNG,2021-05-03,v8,TRUE
2021-01-17,deaths,0.01,0.01,0.02,0.02,0.02,0.02,Relax Interventions 50%,Mongolia,MNG,2021-05-03,v8,TRUE
2021-01-17,hospital_demand,0.5,0.55,0.6,0.6,0.65,0.69,Relax Interventions 50%,Mongolia,MNG,2021-05-03,v8,TRUE
2021-01-17,ICU_demand,0.19,0.21,0.23,0.23,0.25,0.27,Relax Interventions 50%,Mongolia,MNG,2021-05-03,v8,TRUE
2021-01-17,infections,4.74,5.14,5.58,5.58,6.02,6.42,Relax Interventions 50%,Mongolia,MNG,2021-05-03,v8,TRUE
2021-01-17,prevalence,32.61,35.36,38.42,38.42,41.48,44.23,Relax Interventions 50%,Mongolia,MNG,2021-05-03,v8,TRUE
2021-01-17,cumulative_infections,164.99,179.87,196.41,196.41,212.95,227.84,Relax Interventions 50%,Mongolia,MNG,2021-05-03,v8,TRUE
2021-01-17,cumulative_deaths,0.3,0.32,0.35,0.35,0.38,0.41,Relax Interventions 50%,Mongolia,MNG,2021-05-03,v8,TRUE
2021-01-17,Rt,1.14,1.14,1.14,1.14,1.15,1.15,Relax Interventions 50%,Mongolia,MNG,2021-05-03,v8,TRUE
2021-01-17,Reff,1.14,1.14,1.14,1.14,1.15,1.15,Relax Interventions 50%,Mongolia,MNG,2021-05-03,v8,TRUE
2021-01-17,deaths,0.01,0.01,0.02,0.02,0.02,0.02,Surged Additional 50% Reduction,Mongolia,MNG,2021-05-03,v8,TRUE
2021-01-17,hospital_demand,0.5,0.55,0.6,0.6,0.65,0.69,Surged Additional 50% Reduction,Mongolia,MNG,2021-05-03,v8,TRUE
2021-01-17,ICU_demand,0.19,0.21,0.23,0.23,0.25,0.27,Surged Additional 50% Reduction,Mongolia,MNG,2021-05-03,v8,TRUE
2021-01-17,infections,4.74,5.14,5.58,5.58,6.02,6.42,Surged Additional 50% Reduction,Mongolia,MNG,2021-05-03,v8,TRUE
2021-01-17,prevalence,32.61,35.36,38.42,38.42,41.48,44.23,Surged Additional 50% Reduction,Mongolia,MNG,2021-05-03,v8,TRUE
2021-01-17,cumulative_infections,164.99,179.87,196.41,196.41,212.95,227.84,Surged Additional 50% Reduction,Mongolia,MNG,2021-05-03,v8,TRUE
2021-01-17,cumulative_deaths,0.3,0.32,0.35,0.35,0.38,0.41,Surged Additional 50% Reduction,Mongolia,MNG,2021-05-03,v8,TRUE
2021-01-17,Rt,1.14,1.14,1.14,1.14,1.15,1.15,Surged Additional 50% Reduction,Mongolia,MNG,2021-05-03,v8,TRUE
2021-01-17,Reff,1.14,1.14,1.14,1.14,1.15,1.15,Surged Additional 50% Reduction,Mongolia,MNG,2021-05-03,v8,TRUE
2021-01-17,deaths,0.01,0.01,0.02,0.02,0.02,0.02,Surged Maintain Status Quo,Mongolia,MNG,2021-05-03,v8,TRUE
2021-01-17,hospital_demand,0.5,0.55,0.6,0.6,0.65,0.69,Surged Maintain Status Quo,Mongolia,MNG,2021-05-03,v8,TRUE
2021-01-17,ICU_demand,0.19,0.21,0.23,0.23,0.25,0.27,Surged Maintain Status Quo,Mongolia,MNG,2021-05-03,v8,TRUE
2021-01-17,infections,4.74,5.14,5.58,5.58,6.02,6.42,Surged Maintain Status Quo,Mongolia,MNG,2021-05-03,v8,TRUE
2021-01-17,prevalence,32.61,35.36,38.42,38.42,41.48,44.23,Surged Maintain Status Quo,Mongolia,MNG,2021-05-03,v8,TRUE
2021-01-17,cumulative_infections,164.99,179.87,196.41,196.41,212.95,227.84,Surged Maintain Status Quo,Mongolia,MNG,2021-05-03,v8,TRUE
2021-01-17,cumulative_deaths,0.3,0.32,0.35,0.35,0.38,0.41,Surged Maintain Status Quo,Mongolia,MNG,2021-05-03,v8,TRUE
2021-01-17,Rt,1.14,1.14,1.14,1.14,1.15,1.15,Surged Maintain Status Quo,Mongolia,MNG,2021-05-03,v8,TRUE
2021-01-17,Reff,1.14,1.14,1.14,1.14,1.15,1.15,Surged Maintain Status Quo,Mongolia,MNG,2021-05-03,v8,TRUE
2021-01-17,deaths,0.01,0.01,0.02,0.02,0.02,0.02,Surged Relax Interventions 50%,Mongolia,MNG,2021-05-03,v8,TRUE
2021-01-17,hospital_demand,0.5,0.55,0.6,0.6,0.65,0.69,Surged Relax Interventions 50%,Mongolia,MNG,2021-05-03,v8,TRUE
2021-01-17,ICU_demand,0.19,0.21,0.23,0.23,0.25,0.27,Surged Relax Interventions 50%,Mongolia,MNG,2021-05-03,v8,TRUE
2021-01-17,infections,4.74,5.14,5.58,5.58,6.02,6.42,Surged Relax Interventions 50%,Mongolia,MNG,2021-05-03,v8,TRUE
2021-01-17,prevalence,32.61,35.36,38.42,38.42,41.48,44.23,Surged Relax Interventions 50%,Mongolia,MNG,2021-05-03,v8,TRUE
2021-01-17,cumulative_infections,164.99,179.87,196.41,196.41,212.95,227.84,Surged Relax Interventions 50%,Mongolia,MNG,2021-05-03,v8,TRUE
2021-01-17,cumulative_deaths,0.3,0.32,0.35,0.35,0.38,0.41,Surged Relax Interventions 50%,Mongolia,MNG,2021-05-03,v8,TRUE
2021-01-17,Rt,1.14,1.14,1.14,1.14,1.15,1.15,Surged Relax Interventions 50%,Mongolia,MNG,2021-05-03,v8,TRUE
2021-01-17,Reff,1.14,1.14,1.14,1.14,1.15,1.15,Surged Relax Interventions 50%,Mongolia,MNG,2021-05-03,v8,TRUE
2021-01-18,deaths,0.01,0.01,0.02,0.02,0.02,0.02,Additional 50% Reduction,Mongolia,MNG,2021-05-03,v8,TRUE
2021-01-18,hospital_demand,0.5,0.55,0.6,0.6,0.65,0.7,Additional 50% Reduction,Mongolia,MNG,2021-05-03,v8,TRUE
2021-01-18,ICU_demand,0.19,0.21,0.23,0.23,0.25,0.27,Additional 50% Reduction,Mongolia,MNG,2021-05-03,v8,TRUE
2021-01-18,infections,4.82,5.22,5.67,5.67,6.12,6.52,Additional 50% Reduction,Mongolia,MNG,2021-05-03,v8,TRUE
2021-01-18,prevalence,33.32,36.1,39.2,39.2,42.3,45.09,Additional 50% Reduction,Mongolia,MNG,2021-05-03,v8,TRUE
2021-01-18,cumulative_infections,169.81,185.1,202.08,202.08,219.07,234.36,Additional 50% Reduction,Mongolia,MNG,2021-05-03,v8,TRUE
2021-01-18,cumulative_deaths,0.31,0.34,0.37,0.37,0.4,0.43,Additional 50% Reduction,Mongolia,MNG,2021-05-03,v8,TRUE
2021-01-18,Rt,1.19,1.2,1.2,1.2,1.21,1.21,Additional 50% Reduction,Mongolia,MNG,2021-05-03,v8,TRUE
2021-01-18,Reff,1.19,1.2,1.2,1.2,1.21,1.21,Additional 50% Reduction,Mongolia,MNG,2021-05-03,v8,TRUE
2021-01-18,deaths,0.01,0.01,0.02,0.02,0.02,0.02,Maintain Status Quo,Mongolia,MNG,2021-05-03,v8,TRUE
2021-01-18,hospital_demand,0.5,0.55,0.6,0.6,0.65,0.7,Maintain Status Quo,Mongolia,MNG,2021-05-03,v8,TRUE
2021-01-18,ICU_demand,0.19,0.21,0.23,0.23,0.25,0.27,Maintain Status Quo,Mongolia,MNG,2021-05-03,v8,TRUE
2021-01-18,infections,4.82,5.22,5.67,5.67,6.12,6.52,Maintain Status Quo,Mongolia,MNG,2021-05-03,v8,TRUE
2021-01-18,prevalence,33.32,36.1,39.2,39.2,42.3,45.09,Maintain Status Quo,Mongolia,MNG,2021-05-03,v8,TRUE
2021-01-18,cumulative_infections,169.81,185.1,202.08,202.08,219.07,234.36,Maintain Status Quo,Mongolia,MNG,2021-05-03,v8,TRUE
2021-01-18,cumulative_deaths,0.31,0.34,0.37,0.37,0.4,0.43,Maintain Status Quo,Mongolia,MNG,2021-05-03,v8,TRUE
2021-01-18,Rt,1.19,1.2,1.2,1.2,1.21,1.21,Maintain Status Quo,Mongolia,MNG,2021-05-03,v8,TRUE
2021-01-18,Reff,1.19,1.2,1.2,1.2,1.21,1.21,Maintain Status Quo,Mongolia,MNG,2021-05-03,v8,TRUE
2021-01-18,deaths,0.01,0.01,0.02,0.02,0.02,0.02,Relax Interventions 50%,Mongolia,MNG,2021-05-03,v8,TRUE
2021-01-18,hospital_demand,0.5,0.55,0.6,0.6,0.65,0.7,Relax Interventions 50%,Mongolia,MNG,2021-05-03,v8,TRUE
2021-01-18,ICU_demand,0.19,0.21,0.23,0.23,0.25,0.27,Relax Interventions 50%,Mongolia,MNG,2021-05-03,v8,TRUE
2021-01-18,infections,4.82,5.22,5.67,5.67,6.12,6.52,Relax Interventions 50%,Mongolia,MNG,2021-05-03,v8,TRUE
2021-01-18,prevalence,33.32,36.1,39.2,39.2,42.3,45.09,Relax Interventions 50%,Mongolia,MNG,2021-05-03,v8,TRUE
2021-01-18,cumulative_infections,169.81,185.1,202.08,202.08,219.07,234.36,Relax Interventions 50%,Mongolia,MNG,2021-05-03,v8,TRUE
2021-01-18,cumulative_deaths,0.31,0.34,0.37,0.37,0.4,0.43,Relax Interventions 50%,Mongolia,MNG,2021-05-03,v8,TRUE
2021-01-18,Rt,1.19,1.2,1.2,1.2,1.21,1.21,Relax Interventions 50%,Mongolia,MNG,2021-05-03,v8,TRUE
2021-01-18,Reff,1.19,1.2,1.2,1.2,1.21,1.21,Relax Interventions 50%,Mongolia,MNG,2021-05-03,v8,TRUE
2021-01-18,deaths,0.01,0.01,0.02,0.02,0.02,0.02,Surged Additional 50% Reduction,Mongolia,MNG,2021-05-03,v8,TRUE
2021-01-18,hospital_demand,0.5,0.55,0.6,0.6,0.65,0.7,Surged Additional 50% Reduction,Mongolia,MNG,2021-05-03,v8,TRUE
2021-01-18,ICU_demand,0.19,0.21,0.23,0.23,0.25,0.27,Surged Additional 50% Reduction,Mongolia,MNG,2021-05-03,v8,TRUE
2021-01-18,infections,4.82,5.22,5.67,5.67,6.12,6.52,Surged Additional 50% Reduction,Mongolia,MNG,2021-05-03,v8,TRUE
2021-01-18,prevalence,33.32,36.1,39.2,39.2,42.3,45.09,Surged Additional 50% Reduction,Mongolia,MNG,2021-05-03,v8,TRUE
2021-01-18,cumulative_infections,169.81,185.1,202.08,202.08,219.07,234.36,Surged Additional 50% Reduction,Mongolia,MNG,2021-05-03,v8,TRUE
2021-01-18,cumulative_deaths,0.31,0.34,0.37,0.37,0.4,0.43,Surged Additional 50% Reduction,Mongolia,MNG,2021-05-03,v8,TRUE
2021-01-18,Rt,1.19,1.2,1.2,1.2,1.21,1.21,Surged Additional 50% Reduction,Mongolia,MNG,2021-05-03,v8,TRUE
2021-01-18,Reff,1.19,1.2,1.2,1.2,1.21,1.21,Surged Additional 50% Reduction,Mongolia,MNG,2021-05-03,v8,TRUE
2021-01-18,deaths,0.01,0.01,0.02,0.02,0.02,0.02,Surged Maintain Status Quo,Mongolia,MNG,2021-05-03,v8,TRUE
2021-01-18,hospital_demand,0.5,0.55,0.6,0.6,0.65,0.7,Surged Maintain Status Quo,Mongolia,MNG,2021-05-03,v8,TRUE
2021-01-18,ICU_demand,0.19,0.21,0.23,0.23,0.25,0.27,Surged Maintain Status Quo,Mongolia,MNG,2021-05-03,v8,TRUE
2021-01-18,infections,4.82,5.22,5.67,5.67,6.12,6.52,Surged Maintain Status Quo,Mongolia,MNG,2021-05-03,v8,TRUE
2021-01-18,prevalence,33.32,36.1,39.2,39.2,42.3,45.09,Surged Maintain Status Quo,Mongolia,MNG,2021-05-03,v8,TRUE
2021-01-18,cumulative_infections,169.81,185.1,202.08,202.08,219.07,234.36,Surged Maintain Status Quo,Mongolia,MNG,2021-05-03,v8,TRUE
2021-01-18,cumulative_deaths,0.31,0.34,0.37,0.37,0.4,0.43,Surged Maintain Status Quo,Mongolia,MNG,2021-05-03,v8,TRUE
2021-01-18,Rt,1.19,1.2,1.2,1.2,1.21,1.21,Surged Maintain Status Quo,Mongolia,MNG,2021-05-03,v8,TRUE
2021-01-18,Reff,1.19,1.2,1.2,1.2,1.21,1.21,Surged Maintain Status Quo,Mongolia,MNG,2021-05-03,v8,TRUE
2021-01-18,deaths,0.01,0.01,0.02,0.02,0.02,0.02,Surged Relax Interventions 50%,Mongolia,MNG,2021-05-03,v8,TRUE
2021-01-18,hospital_demand,0.5,0.55,0.6,0.6,0.65,0.7,Surged Relax Interventions 50%,Mongolia,MNG,2021-05-03,v8,TRUE
2021-01-18,ICU_demand,0.19,0.21,0.23,0.23,0.25,0.27,Surged Relax Interventions 50%,Mongolia,MNG,2021-05-03,v8,TRUE
2021-01-18,infections,4.82,5.22,5.67,5.67,6.12,6.52,Surged Relax Interventions 50%,Mongolia,MNG,2021-05-03,v8,TRUE
2021-01-18,prevalence,33.32,36.1,39.2,39.2,42.3,45.09,Surged Relax Interventions 50%,Mongolia,MNG,2021-05-03,v8,TRUE
2021-01-18,cumulative_infections,169.81,185.1,202.08,202.08,219.07,234.36,Surged Relax Interventions 50%,Mongolia,MNG,2021-05-03,v8,TRUE
2021-01-18,cumulative_deaths,0.31,0.34,0.37,0.37,0.4,0.43,Surged Relax Interventions 50%,Mongolia,MNG,2021-05-03,v8,TRUE
2021-01-18,Rt,1.19,1.2,1.2,1.2,1.21,1.21,Surged Relax Interventions 50%,Mongolia,MNG,2021-05-03,v8,TRUE
2021-01-18,Reff,1.19,1.2,1.2,1.2,1.21,1.21,Surged Relax Interventions 50%,Mongolia,MNG,2021-05-03,v8,TRUE
2021-01-19,deaths,0.01,0.01,0.02,0.02,0.02,0.02,Additional 50% Reduction,Mongolia,MNG,2021-05-03,v8,TRUE
2021-01-19,hospital_demand,0.51,0.55,0.6,0.6,0.65,0.7,Additional 50% Reduction,Mongolia,MNG,2021-05-03,v8,TRUE
2021-01-19,ICU_demand,0.2,0.21,0.23,0.23,0.25,0.27,Additional 50% Reduction,Mongolia,MNG,2021-05-03,v8,TRUE
2021-01-19,infections,4.94,5.35,5.81,5.81,6.26,6.67,Additional 50% Reduction,Mongolia,MNG,2021-05-03,v8,TRUE
2021-01-19,prevalence,34.32,37.16,40.32,40.32,43.48,46.32,Additional 50% Reduction,Mongolia,MNG,2021-05-03,v8,TRUE
2021-01-19,cumulative_infections,174.75,190.45,207.89,207.89,225.33,241.03,Additional 50% Reduction,Mongolia,MNG,2021-05-03,v8,TRUE
2021-01-19,cumulative_deaths,0.32,0.35,0.38,0.38,0.42,0.45,Additional 50% Reduction,Mongolia,MNG,2021-05-03,v8,TRUE
2021-01-19,Rt,1.28,1.31,1.34,1.34,1.37,1.4,Additional 50% Reduction,Mongolia,MNG,2021-05-03,v8,TRUE
2021-01-19,Reff,1.28,1.31,1.34,1.34,1.37,1.4,Additional 50% Reduction,Mongolia,MNG,2021-05-03,v8,TRUE
2021-01-19,deaths,0.01,0.01,0.02,0.02,0.02,0.02,Maintain Status Quo,Mongolia,MNG,2021-05-03,v8,TRUE
2021-01-19,hospital_demand,0.51,0.55,0.6,0.6,0.65,0.7,Maintain Status Quo,Mongolia,MNG,2021-05-03,v8,TRUE
2021-01-19,ICU_demand,0.2,0.21,0.23,0.23,0.25,0.27,Maintain Status Quo,Mongolia,MNG,2021-05-03,v8,TRUE
2021-01-19,infections,4.94,5.35,5.81,5.81,6.26,6.67,Maintain Status Quo,Mongolia,MNG,2021-05-03,v8,TRUE
2021-01-19,prevalence,34.32,37.16,40.32,40.32,43.48,46.32,Maintain Status Quo,Mongolia,MNG,2021-05-03,v8,TRUE
2021-01-19,cumulative_infections,174.75,190.45,207.89,207.89,225.33,241.03,Maintain Status Quo,Mongolia,MNG,2021-05-03,v8,TRUE
2021-01-19,cumulative_deaths,0.32,0.35,0.38,0.38,0.42,0.45,Maintain Status Quo,Mongolia,MNG,2021-05-03,v8,TRUE
2021-01-19,Rt,1.28,1.31,1.34,1.34,1.37,1.4,Maintain Status Quo,Mongolia,MNG,2021-05-03,v8,TRUE
2021-01-19,Reff,1.28,1.31,1.34,1.34,1.37,1.4,Maintain Status Quo,Mongolia,MNG,2021-05-03,v8,TRUE
2021-01-19,deaths,0.01,0.01,0.02,0.02,0.02,0.02,Relax Interventions 50%,Mongolia,MNG,2021-05-03,v8,TRUE
2021-01-19,hospital_demand,0.51,0.55,0.6,0.6,0.65,0.7,Relax Interventions 50%,Mongolia,MNG,2021-05-03,v8,TRUE
2021-01-19,ICU_demand,0.2,0.21,0.23,0.23,0.25,0.27,Relax Interventions 50%,Mongolia,MNG,2021-05-03,v8,TRUE
2021-01-19,infections,4.94,5.35,5.81,5.81,6.26,6.67,Relax Interventions 50%,Mongolia,MNG,2021-05-03,v8,TRUE
2021-01-19,prevalence,34.32,37.16,40.32,40.32,43.48,46.32,Relax Interventions 50%,Mongolia,MNG,2021-05-03,v8,TRUE
2021-01-19,cumulative_infections,174.75,190.45,207.89,207.89,225.33,241.03,Relax Interventions 50%,Mongolia,MNG,2021-05-03,v8,TRUE
2021-01-19,cumulative_deaths,0.32,0.35,0.38,0.38,0.42,0.45,Relax Interventions 50%,Mongolia,MNG,2021-05-03,v8,TRUE
2021-01-19,Rt,1.28,1.31,1.34,1.34,1.37,1.4,Relax Interventions 50%,Mongolia,MNG,2021-05-03,v8,TRUE
2021-01-19,Reff,1.28,1.31,1.34,1.34,1.37,1.4,Relax Interventions 50%,Mongolia,MNG,2021-05-03,v8,TRUE
2021-01-19,deaths,0.01,0.01,0.02,0.02,0.02,0.02,Surged Additional 50% Reduction,Mongolia,MNG,2021-05-03,v8,TRUE
2021-01-19,hospital_demand,0.51,0.55,0.6,0.6,0.65,0.7,Surged Additional 50% Reduction,Mongolia,MNG,2021-05-03,v8,TRUE
2021-01-19,ICU_demand,0.2,0.21,0.23,0.23,0.25,0.27,Surged Additional 50% Reduction,Mongolia,MNG,2021-05-03,v8,TRUE
2021-01-19,infections,4.94,5.35,5.81,5.81,6.26,6.67,Surged Additional 50% Reduction,Mongolia,MNG,2021-05-03,v8,TRUE
2021-01-19,prevalence,34.32,37.16,40.32,40.32,43.48,46.32,Surged Additional 50% Reduction,Mongolia,MNG,2021-05-03,v8,TRUE
2021-01-19,cumulative_infections,174.75,190.45,207.89,207.89,225.33,241.03,Surged Additional 50% Reduction,Mongolia,MNG,2021-05-03,v8,TRUE
2021-01-19,cumulative_deaths,0.32,0.35,0.38,0.38,0.42,0.45,Surged Additional 50% Reduction,Mongolia,MNG,2021-05-03,v8,TRUE
2021-01-19,Rt,1.28,1.31,1.34,1.34,1.37,1.4,Surged Additional 50% Reduction,Mongolia,MNG,2021-05-03,v8,TRUE
2021-01-19,Reff,1.28,1.31,1.34,1.34,1.37,1.4,Surged Additional 50% Reduction,Mongolia,MNG,2021-05-03,v8,TRUE
2021-01-19,deaths,0.01,0.01,0.02,0.02,0.02,0.02,Surged Maintain Status Quo,Mongolia,MNG,2021-05-03,v8,TRUE
2021-01-19,hospital_demand,0.51,0.55,0.6,0.6,0.65,0.7,Surged Maintain Status Quo,Mongolia,MNG,2021-05-03,v8,TRUE
2021-01-19,ICU_demand,0.2,0.21,0.23,0.23,0.25,0.27,Surged Maintain Status Quo,Mongolia,MNG,2021-05-03,v8,TRUE
2021-01-19,infections,4.94,5.35,5.81,5.81,6.26,6.67,Surged Maintain Status Quo,Mongolia,MNG,2021-05-03,v8,TRUE
2021-01-19,prevalence,34.32,37.16,40.32,40.32,43.48,46.32,Surged Maintain Status Quo,Mongolia,MNG,2021-05-03,v8,TRUE
2021-01-19,cumulative_infections,174.75,190.45,207.89,207.89,225.33,241.03,Surged Maintain Status Quo,Mongolia,MNG,2021-05-03,v8,TRUE
2021-01-19,cumulative_deaths,0.32,0.35,0.38,0.38,0.42,0.45,Surged Maintain Status Quo,Mongolia,MNG,2021-05-03,v8,TRUE
2021-01-19,Rt,1.28,1.31,1.34,1.34,1.37,1.4,Surged Maintain Status Quo,Mongolia,MNG,2021-05-03,v8,TRUE
2021-01-19,Reff,1.28,1.31,1.34,1.34,1.37,1.4,Surged Maintain Status Quo,Mongolia,MNG,2021-05-03,v8,TRUE
2021-01-19,deaths,0.01,0.01,0.02,0.02,0.02,0.02,Surged Relax Interventions 50%,Mongolia,MNG,2021-05-03,v8,TRUE
2021-01-19,hospital_demand,0.51,0.55,0.6,0.6,0.65,0.7,Surged Relax Interventions 50%,Mongolia,MNG,2021-05-03,v8,TRUE
2021-01-19,ICU_demand,0.2,0.21,0.23,0.23,0.25,0.27,Surged Relax Interventions 50%,Mongolia,MNG,2021-05-03,v8,TRUE
2021-01-19,infections,4.94,5.35,5.81,5.81,6.26,6.67,Surged Relax Interventions 50%,Mongolia,MNG,2021-05-03,v8,TRUE
2021-01-19,prevalence,34.32,37.16,40.32,40.32,43.48,46.32,Surged Relax Interventions 50%,Mongolia,MNG,2021-05-03,v8,TRUE
2021-01-19,cumulative_infections,174.75,190.45,207.89,207.89,225.33,241.03,Surged Relax Interventions 50%,Mongolia,MNG,2021-05-03,v8,TRUE
2021-01-19,cumulative_deaths,0.32,0.35,0.38,0.38,0.42,0.45,Surged Relax Interventions 50%,Mongolia,MNG,2021-05-03,v8,TRUE
2021-01-19,Rt,1.28,1.31,1.34,1.34,1.37,1.4,Surged Relax Interventions 50%,Mongolia,MNG,2021-05-03,v8,TRUE
2021-01-19,Reff,1.28,1.31,1.34,1.34,1.37,1.4,Surged Relax Interventions 50%,Mongolia,MNG,2021-05-03,v8,TRUE
2021-01-20,deaths,0.01,0.01,0.02,0.02,0.02,0.02,Additional 50% Reduction,Mongolia,MNG,2021-05-03,v8,TRUE
2021-01-20,hospital_demand,0.51,0.56,0.61,0.61,0.66,0.7,Additional 50% Reduction,Mongolia,MNG,2021-05-03,v8,TRUE
2021-01-20,ICU_demand,0.2,0.22,0.23,0.23,0.25,0.27,Additional 50% Reduction,Mongolia,MNG,2021-05-03,v8,TRUE
2021-01-20,infections,5.16,5.57,6.03,6.03,6.49,6.9,Additional 50% Reduction,Mongolia,MNG,2021-05-03,v8,TRUE
2021-01-20,prevalence,36.21,39.03,42.17,42.17,45.31,48.13,Additional 50% Reduction,Mongolia,MNG,2021-05-03,v8,TRUE
2021-01-20,cumulative_infections,179.91,196.02,213.92,213.92,231.82,247.93,Additional 50% Reduction,Mongolia,MNG,2021-05-03,v8,TRUE
2021-01-20,cumulative_deaths,0.33,0.37,0.4,0.4,0.43,0.46,Additional 50% Reduction,Mongolia,MNG,2021-05-03,v8,TRUE
2021-01-20,Rt,1.31,1.34,1.38,1.38,1.41,1.44,Additional 50% Reduction,Mongolia,MNG,2021-05-03,v8,TRUE
2021-01-20,Reff,1.31,1.34,1.38,1.38,1.41,1.44,Additional 50% Reduction,Mongolia,MNG,2021-05-03,v8,TRUE
2021-01-20,deaths,0.01,0.01,0.02,0.02,0.02,0.02,Maintain Status Quo,Mongolia,MNG,2021-05-03,v8,TRUE
2021-01-20,hospital_demand,0.51,0.56,0.61,0.61,0.66,0.7,Maintain Status Quo,Mongolia,MNG,2021-05-03,v8,TRUE
2021-01-20,ICU_demand,0.2,0.22,0.23,0.23,0.25,0.27,Maintain Status Quo,Mongolia,MNG,2021-05-03,v8,TRUE
2021-01-20,infections,5.16,5.57,6.03,6.03,6.49,6.9,Maintain Status Quo,Mongolia,MNG,2021-05-03,v8,TRUE
2021-01-20,prevalence,36.21,39.03,42.17,42.17,45.31,48.13,Maintain Status Quo,Mongolia,MNG,2021-05-03,v8,TRUE
2021-01-20,cumulative_infections,179.91,196.02,213.92,213.92,231.82,247.93,Maintain Status Quo,Mongolia,MNG,2021-05-03,v8,TRUE
2021-01-20,cumulative_deaths,0.33,0.37,0.4,0.4,0.43,0.46,Maintain Status Quo,Mongolia,MNG,2021-05-03,v8,TRUE
2021-01-20,Rt,1.31,1.34,1.38,1.38,1.41,1.44,Maintain Status Quo,Mongolia,MNG,2021-05-03,v8,TRUE
2021-01-20,Reff,1.31,1.34,1.38,1.38,1.41,1.44,Maintain Status Quo,Mongolia,MNG,2021-05-03,v8,TRUE
2021-01-20,deaths,0.01,0.01,0.02,0.02,0.02,0.02,Relax Interventions 50%,Mongolia,MNG,2021-05-03,v8,TRUE
2021-01-20,hospital_demand,0.51,0.56,0.61,0.61,0.66,0.7,Relax Interventions 50%,Mongolia,MNG,2021-05-03,v8,TRUE
2021-01-20,ICU_demand,0.2,0.22,0.23,0.23,0.25,0.27,Relax Interventions 50%,Mongolia,MNG,2021-05-03,v8,TRUE
2021-01-20,infections,5.16,5.57,6.03,6.03,6.49,6.9,Relax Interventions 50%,Mongolia,MNG,2021-05-03,v8,TRUE
2021-01-20,prevalence,36.21,39.03,42.17,42.17,45.31,48.13,Relax Interventions 50%,Mongolia,MNG,2021-05-03,v8,TRUE
2021-01-20,cumulative_infections,179.91,196.02,213.92,213.92,231.82,247.93,Relax Interventions 50%,Mongolia,MNG,2021-05-03,v8,TRUE
2021-01-20,cumulative_deaths,0.33,0.37,0.4,0.4,0.43,0.46,Relax Interventions 50%,Mongolia,MNG,2021-05-03,v8,TRUE
2021-01-20,Rt,1.31,1.34,1.38,1.38,1.41,1.44,Relax Interventions 50%,Mongolia,MNG,2021-05-03,v8,TRUE
2021-01-20,Reff,1.31,1.34,1.38,1.38,1.41,1.44,Relax Interventions 50%,Mongolia,MNG,2021-05-03,v8,TRUE
2021-01-20,deaths,0.01,0.01,0.02,0.02,0.02,0.02,Surged Additional 50% Reduction,Mongolia,MNG,2021-05-03,v8,TRUE
2021-01-20,hospital_demand,0.51,0.56,0.61,0.61,0.66,0.7,Surged Additional 50% Reduction,Mongolia,MNG,2021-05-03,v8,TRUE
2021-01-20,ICU_demand,0.2,0.22,0.23,0.23,0.25,0.27,Surged Additional 50% Reduction,Mongolia,MNG,2021-05-03,v8,TRUE
2021-01-20,infections,5.16,5.57,6.03,6.03,6.49,6.9,Surged Additional 50% Reduction,Mongolia,MNG,2021-05-03,v8,TRUE
2021-01-20,prevalence,36.21,39.03,42.17,42.17,45.31,48.13,Surged Additional 50% Reduction,Mongolia,MNG,2021-05-03,v8,TRUE
2021-01-20,cumulative_infections,179.91,196.02,213.92,213.92,231.82,247.93,Surged Additional 50% Reduction,Mongolia,MNG,2021-05-03,v8,TRUE
2021-01-20,cumulative_deaths,0.33,0.37,0.4,0.4,0.43,0.46,Surged Additional 50% Reduction,Mongolia,MNG,2021-05-03,v8,TRUE
2021-01-20,Rt,1.31,1.34,1.38,1.38,1.41,1.44,Surged Additional 50% Reduction,Mongolia,MNG,2021-05-03,v8,TRUE
2021-01-20,Reff,1.31,1.34,1.38,1.38,1.41,1.44,Surged Additional 50% Reduction,Mongolia,MNG,2021-05-03,v8,TRUE
2021-01-20,deaths,0.01,0.01,0.02,0.02,0.02,0.02,Surged Maintain Status Quo,Mongolia,MNG,2021-05-03,v8,TRUE
2021-01-20,hospital_demand,0.51,0.56,0.61,0.61,0.66,0.7,Surged Maintain Status Quo,Mongolia,MNG,2021-05-03,v8,TRUE
2021-01-20,ICU_demand,0.2,0.22,0.23,0.23,0.25,0.27,Surged Maintain Status Quo,Mongolia,MNG,2021-05-03,v8,TRUE
2021-01-20,infections,5.16,5.57,6.03,6.03,6.49,6.9,Surged Maintain Status Quo,Mongolia,MNG,2021-05-03,v8,TRUE
2021-01-20,prevalence,36.21,39.03,42.17,42.17,45.31,48.13,Surged Maintain Status Quo,Mongolia,MNG,2021-05-03,v8,TRUE
2021-01-20,cumulative_infections,179.91,196.02,213.92,213.92,231.82,247.93,Surged Maintain Status Quo,Mongolia,MNG,2021-05-03,v8,TRUE
2021-01-20,cumulative_deaths,0.33,0.37,0.4,0.4,0.43,0.46,Surged Maintain Status Quo,Mongolia,MNG,2021-05-03,v8,TRUE
2021-01-20,Rt,1.31,1.34,1.38,1.38,1.41,1.44,Surged Maintain Status Quo,Mongolia,MNG,2021-05-03,v8,TRUE
2021-01-20,Reff,1.31,1.34,1.38,1.38,1.41,1.44,Surged Maintain Status Quo,Mongolia,MNG,2021-05-03,v8,TRUE
2021-01-20,deaths,0.01,0.01,0.02,0.02,0.02,0.02,Surged Relax Interventions 50%,Mongolia,MNG,2021-05-03,v8,TRUE
2021-01-20,hospital_demand,0.51,0.56,0.61,0.61,0.66,0.7,Surged Relax Interventions 50%,Mongolia,MNG,2021-05-03,v8,TRUE
2021-01-20,ICU_demand,0.2,0.22,0.23,0.23,0.25,0.27,Surged Relax Interventions 50%,Mongolia,MNG,2021-05-03,v8,TRUE
2021-01-20,infections,5.16,5.57,6.03,6.03,6.49,6.9,Surged Relax Interventions 50%,Mongolia,MNG,2021-05-03,v8,TRUE
2021-01-20,prevalence,36.21,39.03,42.17,42.17,45.31,48.13,Surged Relax Interventions 50%,Mongolia,MNG,2021-05-03,v8,TRUE
2021-01-20,cumulative_infections,179.91,196.02,213.92,213.92,231.82,247.93,Surged Relax Interventions 50%,Mongolia,MNG,2021-05-03,v8,TRUE
2021-01-20,cumulative_deaths,0.33,0.37,0.4,0.4,0.43,0.46,Surged Relax Interventions 50%,Mongolia,MNG,2021-05-03,v8,TRUE
2021-01-20,Rt,1.31,1.34,1.38,1.38,1.41,1.44,Surged Relax Interventions 50%,Mongolia,MNG,2021-05-03,v8,TRUE
2021-01-20,Reff,1.31,1.34,1.38,1.38,1.41,1.44,Surged Relax Interventions 50%,Mongolia,MNG,2021-05-03,v8,TRUE
2021-01-21,deaths,0.01,0.01,0.02,0.02,0.02,0.02,Additional 50% Reduction,Mongolia,MNG,2021-05-03,v8,TRUE
2021-01-21,hospital_demand,0.51,0.56,0.61,0.61,0.66,0.7,Additional 50% Reduction,Mongolia,MNG,2021-05-03,v8,TRUE
2021-01-21,ICU_demand,0.2,0.22,0.24,0.24,0.26,0.27,Additional 50% Reduction,Mongolia,MNG,2021-05-03,v8,TRUE
2021-01-21,infections,5.46,5.87,6.33,6.33,6.79,7.2,Additional 50% Reduction,Mongolia,MNG,2021-05-03,v8,TRUE
2021-01-21,prevalence,38.35,41.16,44.28,44.28,47.4,50.21,Additional 50% Reduction,Mongolia,MNG,2021-05-03,v8,TRUE
2021-01-21,cumulative_infections,185.37,201.89,220.25,220.25,238.61,255.13,Additional 50% Reduction,Mongolia,MNG,2021-05-03,v8,TRUE
2021-01-21,cumulative_deaths,0.35,0.38,0.41,0.41,0.45,0.48,Additional 50% Reduction,Mongolia,MNG,2021-05-03,v8,TRUE
2021-01-21,Rt,1.3,1.32,1.36,1.36,1.39,1.41,Additional 50% Reduction,Mongolia,MNG,2021-05-03,v8,TRUE
2021-01-21,Reff,1.29,1.32,1.35,1.35,1.39,1.41,Additional 50% Reduction,Mongolia,MNG,2021-05-03,v8,TRUE
2021-01-21,deaths,0.01,0.01,0.02,0.02,0.02,0.02,Maintain Status Quo,Mongolia,MNG,2021-05-03,v8,TRUE
2021-01-21,hospital_demand,0.51,0.56,0.61,0.61,0.66,0.7,Maintain Status Quo,Mongolia,MNG,2021-05-03,v8,TRUE
2021-01-21,ICU_demand,0.2,0.22,0.24,0.24,0.26,0.27,Maintain Status Quo,Mongolia,MNG,2021-05-03,v8,TRUE
2021-01-21,infections,5.46,5.87,6.33,6.33,6.79,7.2,Maintain Status Quo,Mongolia,MNG,2021-05-03,v8,TRUE
2021-01-21,prevalence,38.35,41.16,44.28,44.28,47.4,50.21,Maintain Status Quo,Mongolia,MNG,2021-05-03,v8,TRUE
2021-01-21,cumulative_infections,185.37,201.89,220.25,220.25,238.61,255.13,Maintain Status Quo,Mongolia,MNG,2021-05-03,v8,TRUE
2021-01-21,cumulative_deaths,0.35,0.38,0.41,0.41,0.45,0.48,Maintain Status Quo,Mongolia,MNG,2021-05-03,v8,TRUE
2021-01-21,Rt,1.3,1.32,1.36,1.36,1.39,1.41,Maintain Status Quo,Mongolia,MNG,2021-05-03,v8,TRUE
2021-01-21,Reff,1.29,1.32,1.35,1.35,1.39,1.41,Maintain Status Quo,Mongolia,MNG,2021-05-03,v8,TRUE
2021-01-21,deaths,0.01,0.01,0.02,0.02,0.02,0.02,Relax Interventions 50%,Mongolia,MNG,2021-05-03,v8,TRUE
2021-01-21,hospital_demand,0.51,0.56,0.61,0.61,0.66,0.7,Relax Interventions 50%,Mongolia,MNG,2021-05-03,v8,TRUE
2021-01-21,ICU_demand,0.2,0.22,0.24,0.24,0.26,0.27,Relax Interventions 50%,Mongolia,MNG,2021-05-03,v8,TRUE
2021-01-21,infections,5.46,5.87,6.33,6.33,6.79,7.2,Relax Interventions 50%,Mongolia,MNG,2021-05-03,v8,TRUE
2021-01-21,prevalence,38.35,41.16,44.28,44.28,47.4,50.21,Relax Interventions 50%,Mongolia,MNG,2021-05-03,v8,TRUE
2021-01-21,cumulative_infections,185.37,201.89,220.25,220.25,238.61,255.13,Relax Interventions 50%,Mongolia,MNG,2021-05-03,v8,TRUE
2021-01-21,cumulative_deaths,0.35,0.38,0.41,0.41,0.45,0.48,Relax Interventions 50%,Mongolia,MNG,2021-05-03,v8,TRUE
2021-01-21,Rt,1.3,1.32,1.36,1.36,1.39,1.41,Relax Interventions 50%,Mongolia,MNG,2021-05-03,v8,TRUE
2021-01-21,Reff,1.29,1.32,1.35,1.35,1.39,1.41,Relax Interventions 50%,Mongolia,MNG,2021-05-03,v8,TRUE
2021-01-21,deaths,0.01,0.01,0.02,0.02,0.02,0.02,Surged Additional 50% Reduction,Mongolia,MNG,2021-05-03,v8,TRUE
2021-01-21,hospital_demand,0.51,0.56,0.61,0.61,0.66,0.7,Surged Additional 50% Reduction,Mongolia,MNG,2021-05-03,v8,TRUE
2021-01-21,ICU_demand,0.2,0.22,0.24,0.24,0.26,0.27,Surged Additional 50% Reduction,Mongolia,MNG,2021-05-03,v8,TRUE
2021-01-21,infections,5.46,5.87,6.33,6.33,6.79,7.2,Surged Additional 50% Reduction,Mongolia,MNG,2021-05-03,v8,TRUE
2021-01-21,prevalence,38.35,41.16,44.28,44.28,47.4,50.21,Surged Additional 50% Reduction,Mongolia,MNG,2021-05-03,v8,TRUE
2021-01-21,cumulative_infections,185.37,201.89,220.25,220.25,238.61,255.13,Surged Additional 50% Reduction,Mongolia,MNG,2021-05-03,v8,TRUE
2021-01-21,cumulative_deaths,0.35,0.38,0.41,0.41,0.45,0.48,Surged Additional 50% Reduction,Mongolia,MNG,2021-05-03,v8,TRUE
2021-01-21,Rt,1.3,1.32,1.36,1.36,1.39,1.41,Surged Additional 50% Reduction,Mongolia,MNG,2021-05-03,v8,TRUE
2021-01-21,Reff,1.29,1.32,1.35,1.35,1.39,1.41,Surged Additional 50% Reduction,Mongolia,MNG,2021-05-03,v8,TRUE
2021-01-21,deaths,0.01,0.01,0.02,0.02,0.02,0.02,Surged Maintain Status Quo,Mongolia,MNG,2021-05-03,v8,TRUE
2021-01-21,hospital_demand,0.51,0.56,0.61,0.61,0.66,0.7,Surged Maintain Status Quo,Mongolia,MNG,2021-05-03,v8,TRUE
2021-01-21,ICU_demand,0.2,0.22,0.24,0.24,0.26,0.27,Surged Maintain Status Quo,Mongolia,MNG,2021-05-03,v8,TRUE
2021-01-21,infections,5.46,5.87,6.33,6.33,6.79,7.2,Surged Maintain Status Quo,Mongolia,MNG,2021-05-03,v8,TRUE
2021-01-21,prevalence,38.35,41.16,44.28,44.28,47.4,50.21,Surged Maintain Status Quo,Mongolia,MNG,2021-05-03,v8,TRUE
2021-01-21,cumulative_infections,185.37,201.89,220.25,220.25,238.61,255.13,Surged Maintain Status Quo,Mongolia,MNG,2021-05-03,v8,TRUE
2021-01-21,cumulative_deaths,0.35,0.38,0.41,0.41,0.45,0.48,Surged Maintain Status Quo,Mongolia,MNG,2021-05-03,v8,TRUE
2021-01-21,Rt,1.3,1.32,1.36,1.36,1.39,1.41,Surged Maintain Status Quo,Mongolia,MNG,2021-05-03,v8,TRUE
2021-01-21,Reff,1.29,1.32,1.35,1.35,1.39,1.41,Surged Maintain Status Quo,Mongolia,MNG,2021-05-03,v8,TRUE
2021-01-21,deaths,0.01,0.01,0.02,0.02,0.02,0.02,Surged Relax Interventions 50%,Mongolia,MNG,2021-05-03,v8,TRUE
2021-01-21,hospital_demand,0.51,0.56,0.61,0.61,0.66,0.7,Surged Relax Interventions 50%,Mongolia,MNG,2021-05-03,v8,TRUE
2021-01-21,ICU_demand,0.2,0.22,0.24,0.24,0.26,0.27,Surged Relax Interventions 50%,Mongolia,MNG,2021-05-03,v8,TRUE
2021-01-21,infections,5.46,5.87,6.33,6.33,6.79,7.2,Surged Relax Interventions 50%,Mongolia,MNG,2021-05-03,v8,TRUE
2021-01-21,prevalence,38.35,41.16,44.28,44.28,47.4,50.21,Surged Relax Interventions 50%,Mongolia,MNG,2021-05-03,v8,TRUE
2021-01-21,cumulative_infections,185.37,201.89,220.25,220.25,238.61,255.13,Surged Relax Interventions 50%,Mongolia,MNG,2021-05-03,v8,TRUE
2021-01-21,cumulative_deaths,0.35,0.38,0.41,0.41,0.45,0.48,Surged Relax Interventions 50%,Mongolia,MNG,2021-05-03,v8,TRUE
2021-01-21,Rt,1.3,1.32,1.36,1.36,1.39,1.41,Surged Relax Interventions 50%,Mongolia,MNG,2021-05-03,v8,TRUE
2021-01-21,Reff,1.29,1.32,1.35,1.35,1.39,1.41,Surged Relax Interventions 50%,Mongolia,MNG,2021-05-03,v8,TRUE
2021-01-22,deaths,0.01,0.01,0.02,0.02,0.02,0.02,Additional 50% Reduction,Mongolia,MNG,2021-05-03,v8,TRUE
2021-01-22,hospital_demand,0.52,0.56,0.61,0.61,0.66,0.71,Additional 50% Reduction,Mongolia,MNG,2021-05-03,v8,TRUE
2021-01-22,ICU_demand,0.2,0.22,0.24,0.24,0.26,0.28,Additional 50% Reduction,Mongolia,MNG,2021-05-03,v8,TRUE
2021-01-22,infections,5.8,6.21,6.66,6.66,7.12,7.52,Additional 50% Reduction,Mongolia,MNG,2021-05-03,v8,TRUE
2021-01-22,prevalence,40.48,43.26,46.36,46.36,49.46,52.25,Additional 50% Reduction,Mongolia,MNG,2021-05-03,v8,TRUE
2021-01-22,cumulative_infections,191.17,208.1,226.91,226.91,245.72,262.65,Additional 50% Reduction,Mongolia,MNG,2021-05-03,v8,TRUE
2021-01-22,cumulative_deaths,0.36,0.39,0.43,0.43,0.47,0.5,Additional 50% Reduction,Mongolia,MNG,2021-05-03,v8,TRUE
2021-01-22,Rt,1.25,1.28,1.31,1.31,1.33,1.36,Additional 50% Reduction,Mongolia,MNG,2021-05-03,v8,TRUE
2021-01-22,Reff,1.25,1.28,1.31,1.31,1.33,1.36,Additional 50% Reduction,Mongolia,MNG,2021-05-03,v8,TRUE
2021-01-22,deaths,0.01,0.01,0.02,0.02,0.02,0.02,Maintain Status Quo,Mongolia,MNG,2021-05-03,v8,TRUE
2021-01-22,hospital_demand,0.52,0.56,0.61,0.61,0.66,0.71,Maintain Status Quo,Mongolia,MNG,2021-05-03,v8,TRUE
2021-01-22,ICU_demand,0.2,0.22,0.24,0.24,0.26,0.28,Maintain Status Quo,Mongolia,MNG,2021-05-03,v8,TRUE
2021-01-22,infections,5.8,6.21,6.66,6.66,7.12,7.52,Maintain Status Quo,Mongolia,MNG,2021-05-03,v8,TRUE
2021-01-22,prevalence,40.48,43.26,46.36,46.36,49.46,52.25,Maintain Status Quo,Mongolia,MNG,2021-05-03,v8,TRUE
2021-01-22,cumulative_infections,191.17,208.1,226.91,226.91,245.72,262.65,Maintain Status Quo,Mongolia,MNG,2021-05-03,v8,TRUE
2021-01-22,cumulative_deaths,0.36,0.39,0.43,0.43,0.47,0.5,Maintain Status Quo,Mongolia,MNG,2021-05-03,v8,TRUE
2021-01-22,Rt,1.25,1.28,1.31,1.31,1.33,1.36,Maintain Status Quo,Mongolia,MNG,2021-05-03,v8,TRUE
2021-01-22,Reff,1.25,1.28,1.31,1.31,1.33,1.36,Maintain Status Quo,Mongolia,MNG,2021-05-03,v8,TRUE
2021-01-22,deaths,0.01,0.01,0.02,0.02,0.02,0.02,Relax Interventions 50%,Mongolia,MNG,2021-05-03,v8,TRUE
2021-01-22,hospital_demand,0.52,0.56,0.61,0.61,0.66,0.71,Relax Interventions 50%,Mongolia,MNG,2021-05-03,v8,TRUE
2021-01-22,ICU_demand,0.2,0.22,0.24,0.24,0.26,0.28,Relax Interventions 50%,Mongolia,MNG,2021-05-03,v8,TRUE
2021-01-22,infections,5.8,6.21,6.66,6.66,7.12,7.52,Relax Interventions 50%,Mongolia,MNG,2021-05-03,v8,TRUE
2021-01-22,prevalence,40.48,43.26,46.36,46.36,49.46,52.25,Relax Interventions 50%,Mongolia,MNG,2021-05-03,v8,TRUE
2021-01-22,cumulative_infections,191.17,208.1,226.91,226.91,245.72,262.65,Relax Interventions 50%,Mongolia,MNG,2021-05-03,v8,TRUE
2021-01-22,cumulative_deaths,0.36,0.39,0.43,0.43,0.47,0.5,Relax Interventions 50%,Mongolia,MNG,2021-05-03,v8,TRUE
2021-01-22,Rt,1.25,1.28,1.31,1.31,1.33,1.36,Relax Interventions 50%,Mongolia,MNG,2021-05-03,v8,TRUE
2021-01-22,Reff,1.25,1.28,1.31,1.31,1.33,1.36,Relax Interventions 50%,Mongolia,MNG,2021-05-03,v8,TRUE
2021-01-22,deaths,0.01,0.01,0.02,0.02,0.02,0.02,Surged Additional 50% Reduction,Mongolia,MNG,2021-05-03,v8,TRUE
2021-01-22,hospital_demand,0.52,0.56,0.61,0.61,0.66,0.71,Surged Additional 50% Reduction,Mongolia,MNG,2021-05-03,v8,TRUE
2021-01-22,ICU_demand,0.2,0.22,0.24,0.24,0.26,0.28,Surged Additional 50% Reduction,Mongolia,MNG,2021-05-03,v8,TRUE
2021-01-22,infections,5.8,6.21,6.66,6.66,7.12,7.52,Surged Additional 50% Reduction,Mongolia,MNG,2021-05-03,v8,TRUE
2021-01-22,prevalence,40.48,43.26,46.36,46.36,49.46,52.25,Surged Additional 50% Reduction,Mongolia,MNG,2021-05-03,v8,TRUE
2021-01-22,cumulative_infections,191.17,208.1,226.91,226.91,245.72,262.65,Surged Additional 50% Reduction,Mongolia,MNG,2021-05-03,v8,TRUE
2021-01-22,cumulative_deaths,0.36,0.39,0.43,0.43,0.47,0.5,Surged Additional 50% Reduction,Mongolia,MNG,2021-05-03,v8,TRUE
2021-01-22,Rt,1.25,1.28,1.31,1.31,1.33,1.36,Surged Additional 50% Reduction,Mongolia,MNG,2021-05-03,v8,TRUE
2021-01-22,Reff,1.25,1.28,1.31,1.31,1.33,1.36,Surged Additional 50% Reduction,Mongolia,MNG,2021-05-03,v8,TRUE
2021-01-22,deaths,0.01,0.01,0.02,0.02,0.02,0.02,Surged Maintain Status Quo,Mongolia,MNG,2021-05-03,v8,TRUE
2021-01-22,hospital_demand,0.52,0.56,0.61,0.61,0.66,0.71,Surged Maintain Status Quo,Mongolia,MNG,2021-05-03,v8,TRUE
2021-01-22,ICU_demand,0.2,0.22,0.24,0.24,0.26,0.28,Surged Maintain Status Quo,Mongolia,MNG,2021-05-03,v8,TRUE
2021-01-22,infections,5.8,6.21,6.66,6.66,7.12,7.52,Surged Maintain Status Quo,Mongolia,MNG,2021-05-03,v8,TRUE
2021-01-22,prevalence,40.48,43.26,46.36,46.36,49.46,52.25,Surged Maintain Status Quo,Mongolia,MNG,2021-05-03,v8,TRUE
2021-01-22,cumulative_infections,191.17,208.1,226.91,226.91,245.72,262.65,Surged Maintain Status Quo,Mongolia,MNG,2021-05-03,v8,TRUE
2021-01-22,cumulative_deaths,0.36,0.39,0.43,0.43,0.47,0.5,Surged Maintain Status Quo,Mongolia,MNG,2021-05-03,v8,TRUE
2021-01-22,Rt,1.25,1.28,1.31,1.31,1.33,1.36,Surged Maintain Status Quo,Mongolia,MNG,2021-05-03,v8,TRUE
2021-01-22,Reff,1.25,1.28,1.31,1.31,1.33,1.36,Surged Maintain Status Quo,Mongolia,MNG,2021-05-03,v8,TRUE
2021-01-22,deaths,0.01,0.01,0.02,0.02,0.02,0.02,Surged Relax Interventions 50%,Mongolia,MNG,2021-05-03,v8,TRUE
2021-01-22,hospital_demand,0.52,0.56,0.61,0.61,0.66,0.71,Surged Relax Interventions 50%,Mongolia,MNG,2021-05-03,v8,TRUE
2021-01-22,ICU_demand,0.2,0.22,0.24,0.24,0.26,0.28,Surged Relax Interventions 50%,Mongolia,MNG,2021-05-03,v8,TRUE
2021-01-22,infections,5.8,6.21,6.66,6.66,7.12,7.52,Surged Relax Interventions 50%,Mongolia,MNG,2021-05-03,v8,TRUE
2021-01-22,prevalence,40.48,43.26,46.36,46.36,49.46,52.25,Surged Relax Interventions 50%,Mongolia,MNG,2021-05-03,v8,TRUE
2021-01-22,cumulative_infections,191.17,208.1,226.91,226.91,245.72,262.65,Surged Relax Interventions 50%,Mongolia,MNG,2021-05-03,v8,TRUE
2021-01-22,cumulative_deaths,0.36,0.39,0.43,0.43,0.47,0.5,Surged Relax Interventions 50%,Mongolia,MNG,2021-05-03,v8,TRUE
2021-01-22,Rt,1.25,1.28,1.31,1.31,1.33,1.36,Surged Relax Interventions 50%,Mongolia,MNG,2021-05-03,v8,TRUE
2021-01-22,Reff,1.25,1.28,1.31,1.31,1.33,1.36,Surged Relax Interventions 50%,Mongolia,MNG,2021-05-03,v8,TRUE
2021-01-23,deaths,0.01,0.01,0.02,0.02,0.02,0.02,Additional 50% Reduction,Mongolia,MNG,2021-05-03,v8,TRUE
2021-01-23,hospital_demand,0.53,0.57,0.62,0.62,0.67,0.72,Additional 50% Reduction,Mongolia,MNG,2021-05-03,v8,TRUE
2021-01-23,ICU_demand,0.2,0.22,0.24,0.24,0.26,0.28,Additional 50% Reduction,Mongolia,MNG,2021-05-03,v8,TRUE
2021-01-23,infections,6.13,6.53,6.98,6.98,7.43,7.83,Additional 50% Reduction,Mongolia,MNG,2021-05-03,v8,TRUE
2021-01-23,prevalence,42.44,45.18,48.23,48.23,51.28,54.02,Additional 50% Reduction,Mongolia,MNG,2021-05-03,v8,TRUE
2021-01-23,cumulative_infections,197.3,214.63,233.89,233.89,253.15,270.48,Additional 50% Reduction,Mongolia,MNG,2021-05-03,v8,TRUE
2021-01-23,cumulative_deaths,0.37,0.41,0.45,0.45,0.48,0.52,Additional 50% Reduction,Mongolia,MNG,2021-05-03,v8,TRUE
2021-01-23,Rt,1.42,1.45,1.49,1.49,1.53,1.56,Additional 50% Reduction,Mongolia,MNG,2021-05-03,v8,TRUE
2021-01-23,Reff,1.42,1.45,1.49,1.49,1.53,1.56,Additional 50% Reduction,Mongolia,MNG,2021-05-03,v8,TRUE
2021-01-23,deaths,0.01,0.01,0.02,0.02,0.02,0.02,Maintain Status Quo,Mongolia,MNG,2021-05-03,v8,TRUE
2021-01-23,hospital_demand,0.53,0.57,0.62,0.62,0.67,0.72,Maintain Status Quo,Mongolia,MNG,2021-05-03,v8,TRUE
2021-01-23,ICU_demand,0.2,0.22,0.24,0.24,0.26,0.28,Maintain Status Quo,Mongolia,MNG,2021-05-03,v8,TRUE
2021-01-23,infections,6.13,6.53,6.98,6.98,7.43,7.83,Maintain Status Quo,Mongolia,MNG,2021-05-03,v8,TRUE
2021-01-23,prevalence,42.44,45.18,48.23,48.23,51.28,54.02,Maintain Status Quo,Mongolia,MNG,2021-05-03,v8,TRUE
2021-01-23,cumulative_infections,197.3,214.63,233.89,233.89,253.15,270.48,Maintain Status Quo,Mongolia,MNG,2021-05-03,v8,TRUE
2021-01-23,cumulative_deaths,0.37,0.41,0.45,0.45,0.48,0.52,Maintain Status Quo,Mongolia,MNG,2021-05-03,v8,TRUE
2021-01-23,Rt,1.42,1.45,1.49,1.49,1.53,1.56,Maintain Status Quo,Mongolia,MNG,2021-05-03,v8,TRUE
2021-01-23,Reff,1.42,1.45,1.49,1.49,1.53,1.56,Maintain Status Quo,Mongolia,MNG,2021-05-03,v8,TRUE
2021-01-23,deaths,0.01,0.01,0.02,0.02,0.02,0.02,Relax Interventions 50%,Mongolia,MNG,2021-05-03,v8,TRUE
2021-01-23,hospital_demand,0.53,0.57,0.62,0.62,0.67,0.72,Relax Interventions 50%,Mongolia,MNG,2021-05-03,v8,TRUE
2021-01-23,ICU_demand,0.2,0.22,0.24,0.24,0.26,0.28,Relax Interventions 50%,Mongolia,MNG,2021-05-03,v8,TRUE
2021-01-23,infections,6.13,6.53,6.98,6.98,7.43,7.83,Relax Interventions 50%,Mongolia,MNG,2021-05-03,v8,TRUE
2021-01-23,prevalence,42.44,45.18,48.23,48.23,51.28,54.02,Relax Interventions 50%,Mongolia,MNG,2021-05-03,v8,TRUE
2021-01-23,cumulative_infections,197.3,214.63,233.89,233.89,253.15,270.48,Relax Interventions 50%,Mongolia,MNG,2021-05-03,v8,TRUE
2021-01-23,cumulative_deaths,0.37,0.41,0.45,0.45,0.48,0.52,Relax Interventions 50%,Mongolia,MNG,2021-05-03,v8,TRUE
2021-01-23,Rt,1.42,1.45,1.49,1.49,1.53,1.56,Relax Interventions 50%,Mongolia,MNG,2021-05-03,v8,TRUE
2021-01-23,Reff,1.42,1.45,1.49,1.49,1.53,1.56,Relax Interventions 50%,Mongolia,MNG,2021-05-03,v8,TRUE
2021-01-23,deaths,0.01,0.01,0.02,0.02,0.02,0.02,Surged Additional 50% Reduction,Mongolia,MNG,2021-05-03,v8,TRUE
2021-01-23,hospital_demand,0.53,0.57,0.62,0.62,0.67,0.72,Surged Additional 50% Reduction,Mongolia,MNG,2021-05-03,v8,TRUE
2021-01-23,ICU_demand,0.2,0.22,0.24,0.24,0.26,0.28,Surged Additional 50% Reduction,Mongolia,MNG,2021-05-03,v8,TRUE
2021-01-23,infections,6.13,6.53,6.98,6.98,7.43,7.83,Surged Additional 50% Reduction,Mongolia,MNG,2021-05-03,v8,TRUE
2021-01-23,prevalence,42.44,45.18,48.23,48.23,51.28,54.02,Surged Additional 50% Reduction,Mongolia,MNG,2021-05-03,v8,TRUE
2021-01-23,cumulative_infections,197.3,214.63,233.89,233.89,253.15,270.48,Surged Additional 50% Reduction,Mongolia,MNG,2021-05-03,v8,TRUE
2021-01-23,cumulative_deaths,0.37,0.41,0.45,0.45,0.48,0.52,Surged Additional 50% Reduction,Mongolia,MNG,2021-05-03,v8,TRUE
2021-01-23,Rt,1.42,1.45,1.49,1.49,1.53,1.56,Surged Additional 50% Reduction,Mongolia,MNG,2021-05-03,v8,TRUE
2021-01-23,Reff,1.42,1.45,1.49,1.49,1.53,1.56,Surged Additional 50% Reduction,Mongolia,MNG,2021-05-03,v8,TRUE
2021-01-23,deaths,0.01,0.01,0.02,0.02,0.02,0.02,Surged Maintain Status Quo,Mongolia,MNG,2021-05-03,v8,TRUE
2021-01-23,hospital_demand,0.53,0.57,0.62,0.62,0.67,0.72,Surged Maintain Status Quo,Mongolia,MNG,2021-05-03,v8,TRUE
2021-01-23,ICU_demand,0.2,0.22,0.24,0.24,0.26,0.28,Surged Maintain Status Quo,Mongolia,MNG,2021-05-03,v8,TRUE
2021-01-23,infections,6.13,6.53,6.98,6.98,7.43,7.83,Surged Maintain Status Quo,Mongolia,MNG,2021-05-03,v8,TRUE
2021-01-23,prevalence,42.44,45.18,48.23,48.23,51.28,54.02,Surged Maintain Status Quo,Mongolia,MNG,2021-05-03,v8,TRUE
2021-01-23,cumulative_infections,197.3,214.63,233.89,233.89,253.15,270.48,Surged Maintain Status Quo,Mongolia,MNG,2021-05-03,v8,TRUE
2021-01-23,cumulative_deaths,0.37,0.41,0.45,0.45,0.48,0.52,Surged Maintain Status Quo,Mongolia,MNG,2021-05-03,v8,TRUE
2021-01-23,Rt,1.42,1.45,1.49,1.49,1.53,1.56,Surged Maintain Status Quo,Mongolia,MNG,2021-05-03,v8,TRUE
2021-01-23,Reff,1.42,1.45,1.49,1.49,1.53,1.56,Surged Maintain Status Quo,Mongolia,MNG,2021-05-03,v8,TRUE
2021-01-23,deaths,0.01,0.01,0.02,0.02,0.02,0.02,Surged Relax Interventions 50%,Mongolia,MNG,2021-05-03,v8,TRUE
2021-01-23,hospital_demand,0.53,0.57,0.62,0.62,0.67,0.72,Surged Relax Interventions 50%,Mongolia,MNG,2021-05-03,v8,TRUE
2021-01-23,ICU_demand,0.2,0.22,0.24,0.24,0.26,0.28,Surged Relax Interventions 50%,Mongolia,MNG,2021-05-03,v8,TRUE
2021-01-23,infections,6.13,6.53,6.98,6.98,7.43,7.83,Surged Relax Interventions 50%,Mongolia,MNG,2021-05-03,v8,TRUE
2021-01-23,prevalence,42.44,45.18,48.23,48.23,51.28,54.02,Surged Relax Interventions 50%,Mongolia,MNG,2021-05-03,v8,TRUE
2021-01-23,cumulative_infections,197.3,214.63,233.89,233.89,253.15,270.48,Surged Relax Interventions 50%,Mongolia,MNG,2021-05-03,v8,TRUE
2021-01-23,cumulative_deaths,0.37,0.41,0.45,0.45,0.48,0.52,Surged Relax Interventions 50%,Mongolia,MNG,2021-05-03,v8,TRUE
2021-01-23,Rt,1.42,1.45,1.49,1.49,1.53,1.56,Surged Relax Interventions 50%,Mongolia,MNG,2021-05-03,v8,TRUE
2021-01-23,Reff,1.42,1.45,1.49,1.49,1.53,1.56,Surged Relax Interventions 50%,Mongolia,MNG,2021-05-03,v8,TRUE
2021-01-24,deaths,0.01,0.01,0.02,0.02,0.02,0.02,Additional 50% Reduction,Mongolia,MNG,2021-05-03,v8,TRUE
2021-01-24,hospital_demand,0.53,0.58,0.63,0.63,0.68,0.73,Additional 50% Reduction,Mongolia,MNG,2021-05-03,v8,TRUE
2021-01-24,ICU_demand,0.21,0.22,0.24,0.24,0.26,0.28,Additional 50% Reduction,Mongolia,MNG,2021-05-03,v8,TRUE
2021-01-24,infections,6.53,6.92,7.36,7.36,7.8,8.2,Additional 50% Reduction,Mongolia,MNG,2021-05-03,v8,TRUE
2021-01-24,prevalence,45.61,48.33,51.36,51.36,54.38,57.11,Additional 50% Reduction,Mongolia,MNG,2021-05-03,v8,TRUE
2021-01-24,cumulative_infections,203.83,221.56,241.25,241.25,260.95,278.68,Additional 50% Reduction,Mongolia,MNG,2021-05-03,v8,TRUE
2021-01-24,cumulative_deaths,0.39,0.42,0.46,0.46,0.5,0.54,Additional 50% Reduction,Mongolia,MNG,2021-05-03,v8,TRUE
2021-01-24,Rt,1.41,1.44,1.48,1.48,1.51,1.55,Additional 50% Reduction,Mongolia,MNG,2021-05-03,v8,TRUE
2021-01-24,Reff,1.41,1.44,1.48,1.48,1.51,1.55,Additional 50% Reduction,Mongolia,MNG,2021-05-03,v8,TRUE
2021-01-24,deaths,0.01,0.01,0.02,0.02,0.02,0.02,Maintain Status Quo,Mongolia,MNG,2021-05-03,v8,TRUE
2021-01-24,hospital_demand,0.53,0.58,0.63,0.63,0.68,0.73,Maintain Status Quo,Mongolia,MNG,2021-05-03,v8,TRUE
2021-01-24,ICU_demand,0.21,0.22,0.24,0.24,0.26,0.28,Maintain Status Quo,Mongolia,MNG,2021-05-03,v8,TRUE
2021-01-24,infections,6.53,6.92,7.36,7.36,7.8,8.2,Maintain Status Quo,Mongolia,MNG,2021-05-03,v8,TRUE
2021-01-24,prevalence,45.61,48.33,51.36,51.36,54.38,57.11,Maintain Status Quo,Mongolia,MNG,2021-05-03,v8,TRUE
2021-01-24,cumulative_infections,203.83,221.56,241.25,241.25,260.95,278.68,Maintain Status Quo,Mongolia,MNG,2021-05-03,v8,TRUE
2021-01-24,cumulative_deaths,0.39,0.42,0.46,0.46,0.5,0.54,Maintain Status Quo,Mongolia,MNG,2021-05-03,v8,TRUE
2021-01-24,Rt,1.41,1.44,1.48,1.48,1.51,1.55,Maintain Status Quo,Mongolia,MNG,2021-05-03,v8,TRUE
2021-01-24,Reff,1.41,1.44,1.48,1.48,1.51,1.55,Maintain Status Quo,Mongolia,MNG,2021-05-03,v8,TRUE
2021-01-24,deaths,0.01,0.01,0.02,0.02,0.02,0.02,Relax Interventions 50%,Mongolia,MNG,2021-05-03,v8,TRUE
2021-01-24,hospital_demand,0.53,0.58,0.63,0.63,0.68,0.73,Relax Interventions 50%,Mongolia,MNG,2021-05-03,v8,TRUE
2021-01-24,ICU_demand,0.21,0.22,0.24,0.24,0.26,0.28,Relax Interventions 50%,Mongolia,MNG,2021-05-03,v8,TRUE
2021-01-24,infections,6.53,6.92,7.36,7.36,7.8,8.2,Relax Interventions 50%,Mongolia,MNG,2021-05-03,v8,TRUE
2021-01-24,prevalence,45.61,48.33,51.36,51.36,54.38,57.11,Relax Interventions 50%,Mongolia,MNG,2021-05-03,v8,TRUE
2021-01-24,cumulative_infections,203.83,221.56,241.25,241.25,260.95,278.68,Relax Interventions 50%,Mongolia,MNG,2021-05-03,v8,TRUE
2021-01-24,cumulative_deaths,0.39,0.42,0.46,0.46,0.5,0.54,Relax Interventions 50%,Mongolia,MNG,2021-05-03,v8,TRUE
2021-01-24,Rt,1.41,1.44,1.48,1.48,1.51,1.55,Relax Interventions 50%,Mongolia,MNG,2021-05-03,v8,TRUE
2021-01-24,Reff,1.41,1.44,1.48,1.48,1.51,1.55,Relax Interventions 50%,Mongolia,MNG,2021-05-03,v8,TRUE
2021-01-24,deaths,0.01,0.01,0.02,0.02,0.02,0.02,Surged Additional 50% Reduction,Mongolia,MNG,2021-05-03,v8,TRUE
2021-01-24,hospital_demand,0.53,0.58,0.63,0.63,0.68,0.73,Surged Additional 50% Reduction,Mongolia,MNG,2021-05-03,v8,TRUE
2021-01-24,ICU_demand,0.21,0.22,0.24,0.24,0.26,0.28,Surged Additional 50% Reduction,Mongolia,MNG,2021-05-03,v8,TRUE
2021-01-24,infections,6.53,6.92,7.36,7.36,7.8,8.2,Surged Additional 50% Reduction,Mongolia,MNG,2021-05-03,v8,TRUE
2021-01-24,prevalence,45.61,48.33,51.36,51.36,54.38,57.11,Surged Additional 50% Reduction,Mongolia,MNG,2021-05-03,v8,TRUE
2021-01-24,cumulative_infections,203.83,221.56,241.25,241.25,260.95,278.68,Surged Additional 50% Reduction,Mongolia,MNG,2021-05-03,v8,TRUE
2021-01-24,cumulative_deaths,0.39,0.42,0.46,0.46,0.5,0.54,Surged Additional 50% Reduction,Mongolia,MNG,2021-05-03,v8,TRUE
2021-01-24,Rt,1.41,1.44,1.48,1.48,1.51,1.55,Surged Additional 50% Reduction,Mongolia,MNG,2021-05-03,v8,TRUE
2021-01-24,Reff,1.41,1.44,1.48,1.48,1.51,1.55,Surged Additional 50% Reduction,Mongolia,MNG,2021-05-03,v8,TRUE
2021-01-24,deaths,0.01,0.01,0.02,0.02,0.02,0.02,Surged Maintain Status Quo,Mongolia,MNG,2021-05-03,v8,TRUE
2021-01-24,hospital_demand,0.53,0.58,0.63,0.63,0.68,0.73,Surged Maintain Status Quo,Mongolia,MNG,2021-05-03,v8,TRUE
2021-01-24,ICU_demand,0.21,0.22,0.24,0.24,0.26,0.28,Surged Maintain Status Quo,Mongolia,MNG,2021-05-03,v8,TRUE
2021-01-24,infections,6.53,6.92,7.36,7.36,7.8,8.2,Surged Maintain Status Quo,Mongolia,MNG,2021-05-03,v8,TRUE
2021-01-24,prevalence,45.61,48.33,51.36,51.36,54.38,57.11,Surged Maintain Status Quo,Mongolia,MNG,2021-05-03,v8,TRUE
2021-01-24,cumulative_infections,203.83,221.56,241.25,241.25,260.95,278.68,Surged Maintain Status Quo,Mongolia,MNG,2021-05-03,v8,TRUE
2021-01-24,cumulative_deaths,0.39,0.42,0.46,0.46,0.5,0.54,Surged Maintain Status Quo,Mongolia,MNG,2021-05-03,v8,TRUE
2021-01-24,Rt,1.41,1.44,1.48,1.48,1.51,1.55,Surged Maintain Status Quo,Mongolia,MNG,2021-05-03,v8,TRUE
2021-01-24,Reff,1.41,1.44,1.48,1.48,1.51,1.55,Surged Maintain Status Quo,Mongolia,MNG,2021-05-03,v8,TRUE
2021-01-24,deaths,0.01,0.01,0.02,0.02,0.02,0.02,Surged Relax Interventions 50%,Mongolia,MNG,2021-05-03,v8,TRUE
2021-01-24,hospital_demand,0.53,0.58,0.63,0.63,0.68,0.73,Surged Relax Interventions 50%,Mongolia,MNG,2021-05-03,v8,TRUE
2021-01-24,ICU_demand,0.21,0.22,0.24,0.24,0.26,0.28,Surged Relax Interventions 50%,Mongolia,MNG,2021-05-03,v8,TRUE
2021-01-24,infections,6.53,6.92,7.36,7.36,7.8,8.2,Surged Relax Interventions 50%,Mongolia,MNG,2021-05-03,v8,TRUE
2021-01-24,prevalence,45.61,48.33,51.36,51.36,54.38,57.11,Surged Relax Interventions 50%,Mongolia,MNG,2021-05-03,v8,TRUE
2021-01-24,cumulative_infections,203.83,221.56,241.25,241.25,260.95,278.68,Surged Relax Interventions 50%,Mongolia,MNG,2021-05-03,v8,TRUE
2021-01-24,cumulative_deaths,0.39,0.42,0.46,0.46,0.5,0.54,Surged Relax Interventions 50%,Mongolia,MNG,2021-05-03,v8,TRUE
2021-01-24,Rt,1.41,1.44,1.48,1.48,1.51,1.55,Surged Relax Interventions 50%,Mongolia,MNG,2021-05-03,v8,TRUE
2021-01-24,Reff,1.41,1.44,1.48,1.48,1.51,1.55,Surged Relax Interventions 50%,Mongolia,MNG,2021-05-03,v8,TRUE
2021-01-25,deaths,0.01,0.01,0.02,0.02,0.02,0.02,Additional 50% Reduction,Mongolia,MNG,2021-05-03,v8,TRUE
2021-01-25,hospital_demand,0.54,0.59,0.64,0.64,0.69,0.74,Additional 50% Reduction,Mongolia,MNG,2021-05-03,v8,TRUE
2021-01-25,ICU_demand,0.21,0.23,0.25,0.25,0.27,0.29,Additional 50% Reduction,Mongolia,MNG,2021-05-03,v8,TRUE
2021-01-25,infections,7.01,7.4,7.83,7.83,8.27,8.66,Additional 50% Reduction,Mongolia,MNG,2021-05-03,v8,TRUE
2021-01-25,prevalence,48.89,51.58,54.56,54.56,57.55,60.24,Additional 50% Reduction,Mongolia,MNG,2021-05-03,v8,TRUE
2021-01-25,cumulative_infections,210.84,228.95,249.09,249.09,269.22,287.34,Additional 50% Reduction,Mongolia,MNG,2021-05-03,v8,TRUE
2021-01-25,cumulative_deaths,0.4,0.44,0.48,0.48,0.52,0.56,Additional 50% Reduction,Mongolia,MNG,2021-05-03,v8,TRUE
2021-01-25,Rt,1.37,1.41,1.44,1.44,1.48,1.51,Additional 50% Reduction,Mongolia,MNG,2021-05-03,v8,TRUE
2021-01-25,Reff,1.37,1.41,1.44,1.44,1.48,1.51,Additional 50% Reduction,Mongolia,MNG,2021-05-03,v8,TRUE
2021-01-25,deaths,0.01,0.01,0.02,0.02,0.02,0.02,Maintain Status Quo,Mongolia,MNG,2021-05-03,v8,TRUE
2021-01-25,hospital_demand,0.54,0.59,0.64,0.64,0.69,0.74,Maintain Status Quo,Mongolia,MNG,2021-05-03,v8,TRUE
2021-01-25,ICU_demand,0.21,0.23,0.25,0.25,0.27,0.29,Maintain Status Quo,Mongolia,MNG,2021-05-03,v8,TRUE
2021-01-25,infections,7.01,7.4,7.83,7.83,8.27,8.66,Maintain Status Quo,Mongolia,MNG,2021-05-03,v8,TRUE
2021-01-25,prevalence,48.89,51.58,54.56,54.56,57.55,60.24,Maintain Status Quo,Mongolia,MNG,2021-05-03,v8,TRUE
2021-01-25,cumulative_infections,210.84,228.95,249.09,249.09,269.22,287.34,Maintain Status Quo,Mongolia,MNG,2021-05-03,v8,TRUE
2021-01-25,cumulative_deaths,0.4,0.44,0.48,0.48,0.52,0.56,Maintain Status Quo,Mongolia,MNG,2021-05-03,v8,TRUE
2021-01-25,Rt,1.37,1.41,1.44,1.44,1.48,1.51,Maintain Status Quo,Mongolia,MNG,2021-05-03,v8,TRUE
2021-01-25,Reff,1.37,1.41,1.44,1.44,1.48,1.51,Maintain Status Quo,Mongolia,MNG,2021-05-03,v8,TRUE
2021-01-25,deaths,0.01,0.01,0.02,0.02,0.02,0.02,Relax Interventions 50%,Mongolia,MNG,2021-05-03,v8,TRUE
2021-01-25,hospital_demand,0.54,0.59,0.64,0.64,0.69,0.74,Relax Interventions 50%,Mongolia,MNG,2021-05-03,v8,TRUE
2021-01-25,ICU_demand,0.21,0.23,0.25,0.25,0.27,0.29,Relax Interventions 50%,Mongolia,MNG,2021-05-03,v8,TRUE
2021-01-25,infections,7.01,7.4,7.83,7.83,8.27,8.66,Relax Interventions 50%,Mongolia,MNG,2021-05-03,v8,TRUE
2021-01-25,prevalence,48.89,51.58,54.56,54.56,57.55,60.24,Relax Interventions 50%,Mongolia,MNG,2021-05-03,v8,TRUE
2021-01-25,cumulative_infections,210.84,228.95,249.09,249.09,269.22,287.34,Relax Interventions 50%,Mongolia,MNG,2021-05-03,v8,TRUE
2021-01-25,cumulative_deaths,0.4,0.44,0.48,0.48,0.52,0.56,Relax Interventions 50%,Mongolia,MNG,2021-05-03,v8,TRUE
2021-01-25,Rt,1.37,1.41,1.44,1.44,1.48,1.51,Relax Interventions 50%,Mongolia,MNG,2021-05-03,v8,TRUE
2021-01-25,Reff,1.37,1.41,1.44,1.44,1.48,1.51,Relax Interventions 50%,Mongolia,MNG,2021-05-03,v8,TRUE
2021-01-25,deaths,0.01,0.01,0.02,0.02,0.02,0.02,Surged Additional 50% Reduction,Mongolia,MNG,2021-05-03,v8,TRUE
2021-01-25,hospital_demand,0.54,0.59,0.64,0.64,0.69,0.74,Surged Additional 50% Reduction,Mongolia,MNG,2021-05-03,v8,TRUE
2021-01-25,ICU_demand,0.21,0.23,0.25,0.25,0.27,0.29,Surged Additional 50% Reduction,Mongolia,MNG,2021-05-03,v8,TRUE
2021-01-25,infections,7.01,7.4,7.83,7.83,8.27,8.66,Surged Additional 50% Reduction,Mongolia,MNG,2021-05-03,v8,TRUE
2021-01-25,prevalence,48.89,51.58,54.56,54.56,57.55,60.24,Surged Additional 50% Reduction,Mongolia,MNG,2021-05-03,v8,TRUE
2021-01-25,cumulative_infections,210.84,228.95,249.09,249.09,269.22,287.34,Surged Additional 50% Reduction,Mongolia,MNG,2021-05-03,v8,TRUE
2021-01-25,cumulative_deaths,0.4,0.44,0.48,0.48,0.52,0.56,Surged Additional 50% Reduction,Mongolia,MNG,2021-05-03,v8,TRUE
2021-01-25,Rt,1.37,1.41,1.44,1.44,1.48,1.51,Surged Additional 50% Reduction,Mongolia,MNG,2021-05-03,v8,TRUE
2021-01-25,Reff,1.37,1.41,1.44,1.44,1.48,1.51,Surged Additional 50% Reduction,Mongolia,MNG,2021-05-03,v8,TRUE
2021-01-25,deaths,0.01,0.01,0.02,0.02,0.02,0.02,Surged Maintain Status Quo,Mongolia,MNG,2021-05-03,v8,TRUE
2021-01-25,hospital_demand,0.54,0.59,0.64,0.64,0.69,0.74,Surged Maintain Status Quo,Mongolia,MNG,2021-05-03,v8,TRUE
2021-01-25,ICU_demand,0.21,0.23,0.25,0.25,0.27,0.29,Surged Maintain Status Quo,Mongolia,MNG,2021-05-03,v8,TRUE
2021-01-25,infections,7.01,7.4,7.83,7.83,8.27,8.66,Surged Maintain Status Quo,Mongolia,MNG,2021-05-03,v8,TRUE
2021-01-25,prevalence,48.89,51.58,54.56,54.56,57.55,60.24,Surged Maintain Status Quo,Mongolia,MNG,2021-05-03,v8,TRUE
2021-01-25,cumulative_infections,210.84,228.95,249.09,249.09,269.22,287.34,Surged Maintain Status Quo,Mongolia,MNG,2021-05-03,v8,TRUE
2021-01-25,cumulative_deaths,0.4,0.44,0.48,0.48,0.52,0.56,Surged Maintain Status Quo,Mongolia,MNG,2021-05-03,v8,TRUE
2021-01-25,Rt,1.37,1.41,1.44,1.44,1.48,1.51,Surged Maintain Status Quo,Mongolia,MNG,2021-05-03,v8,TRUE
2021-01-25,Reff,1.37,1.41,1.44,1.44,1.48,1.51,Surged Maintain Status Quo,Mongolia,MNG,2021-05-03,v8,TRUE
2021-01-25,deaths,0.01,0.01,0.02,0.02,0.02,0.02,Surged Relax Interventions 50%,Mongolia,MNG,2021-05-03,v8,TRUE
2021-01-25,hospital_demand,0.54,0.59,0.64,0.64,0.69,0.74,Surged Relax Interventions 50%,Mongolia,MNG,2021-05-03,v8,TRUE
2021-01-25,ICU_demand,0.21,0.23,0.25,0.25,0.27,0.29,Surged Relax Interventions 50%,Mongolia,MNG,2021-05-03,v8,TRUE
2021-01-25,infections,7.01,7.4,7.83,7.83,8.27,8.66,Surged Relax Interventions 50%,Mongolia,MNG,2021-05-03,v8,TRUE
2021-01-25,prevalence,48.89,51.58,54.56,54.56,57.55,60.24,Surged Relax Interventions 50%,Mongolia,MNG,2021-05-03,v8,TRUE
2021-01-25,cumulative_infections,210.84,228.95,249.09,249.09,269.22,287.34,Surged Relax Interventions 50%,Mongolia,MNG,2021-05-03,v8,TRUE
2021-01-25,cumulative_deaths,0.4,0.44,0.48,0.48,0.52,0.56,Surged Relax Interventions 50%,Mongolia,MNG,2021-05-03,v8,TRUE
2021-01-25,Rt,1.37,1.41,1.44,1.44,1.48,1.51,Surged Relax Interventions 50%,Mongolia,MNG,2021-05-03,v8,TRUE
2021-01-25,Reff,1.37,1.41,1.44,1.44,1.48,1.51,Surged Relax Interventions 50%,Mongolia,MNG,2021-05-03,v8,TRUE
2021-01-26,deaths,0.01,0.01,0.02,0.02,0.02,0.02,Additional 50% Reduction,Mongolia,MNG,2021-05-03,v8,TRUE
2021-01-26,hospital_demand,0.56,0.6,0.65,0.65,0.71,0.75,Additional 50% Reduction,Mongolia,MNG,2021-05-03,v8,TRUE
2021-01-26,ICU_demand,0.21,0.23,0.25,0.25,0.27,0.29,Additional 50% Reduction,Mongolia,MNG,2021-05-03,v8,TRUE
2021-01-26,infections,7.52,7.9,8.33,8.33,8.75,9.14,Additional 50% Reduction,Mongolia,MNG,2021-05-03,v8,TRUE
2021-01-26,prevalence,52.15,54.78,57.71,57.71,60.63,63.26,Additional 50% Reduction,Mongolia,MNG,2021-05-03,v8,TRUE
2021-01-26,cumulative_infections,218.35,236.86,257.41,257.41,277.97,296.48,Additional 50% Reduction,Mongolia,MNG,2021-05-03,v8,TRUE
2021-01-26,cumulative_deaths,0.41,0.45,0.49,0.49,0.54,0.57,Additional 50% Reduction,Mongolia,MNG,2021-05-03,v8,TRUE
2021-01-26,Rt,1.39,1.42,1.45,1.45,1.49,1.52,Additional 50% Reduction,Mongolia,MNG,2021-05-03,v8,TRUE
2021-01-26,Reff,1.39,1.42,1.45,1.45,1.49,1.52,Additional 50% Reduction,Mongolia,MNG,2021-05-03,v8,TRUE
2021-01-26,deaths,0.01,0.01,0.02,0.02,0.02,0.02,Maintain Status Quo,Mongolia,MNG,2021-05-03,v8,TRUE
2021-01-26,hospital_demand,0.56,0.6,0.65,0.65,0.71,0.75,Maintain Status Quo,Mongolia,MNG,2021-05-03,v8,TRUE
2021-01-26,ICU_demand,0.21,0.23,0.25,0.25,0.27,0.29,Maintain Status Quo,Mongolia,MNG,2021-05-03,v8,TRUE
2021-01-26,infections,7.52,7.9,8.33,8.33,8.75,9.14,Maintain Status Quo,Mongolia,MNG,2021-05-03,v8,TRUE
2021-01-26,prevalence,52.15,54.78,57.71,57.71,60.63,63.26,Maintain Status Quo,Mongolia,MNG,2021-05-03,v8,TRUE
2021-01-26,cumulative_infections,218.35,236.86,257.41,257.41,277.97,296.48,Maintain Status Quo,Mongolia,MNG,2021-05-03,v8,TRUE
2021-01-26,cumulative_deaths,0.41,0.45,0.49,0.49,0.54,0.57,Maintain Status Quo,Mongolia,MNG,2021-05-03,v8,TRUE
2021-01-26,Rt,1.39,1.42,1.45,1.45,1.49,1.52,Maintain Status Quo,Mongolia,MNG,2021-05-03,v8,TRUE
2021-01-26,Reff,1.39,1.42,1.45,1.45,1.49,1.52,Maintain Status Quo,Mongolia,MNG,2021-05-03,v8,TRUE
2021-01-26,deaths,0.01,0.01,0.02,0.02,0.02,0.02,Relax Interventions 50%,Mongolia,MNG,2021-05-03,v8,TRUE
2021-01-26,hospital_demand,0.56,0.6,0.65,0.65,0.71,0.75,Relax Interventions 50%,Mongolia,MNG,2021-05-03,v8,TRUE
2021-01-26,ICU_demand,0.21,0.23,0.25,0.25,0.27,0.29,Relax Interventions 50%,Mongolia,MNG,2021-05-03,v8,TRUE
2021-01-26,infections,7.52,7.9,8.33,8.33,8.75,9.14,Relax Interventions 50%,Mongolia,MNG,2021-05-03,v8,TRUE
2021-01-26,prevalence,52.15,54.78,57.71,57.71,60.63,63.26,Relax Interventions 50%,Mongolia,MNG,2021-05-03,v8,TRUE
2021-01-26,cumulative_infections,218.35,236.86,257.41,257.41,277.97,296.48,Relax Interventions 50%,Mongolia,MNG,2021-05-03,v8,TRUE
2021-01-26,cumulative_deaths,0.41,0.45,0.49,0.49,0.54,0.57,Relax Interventions 50%,Mongolia,MNG,2021-05-03,v8,TRUE
2021-01-26,Rt,1.39,1.42,1.45,1.45,1.49,1.52,Relax Interventions 50%,Mongolia,MNG,2021-05-03,v8,TRUE
2021-01-26,Reff,1.39,1.42,1.45,1.45,1.49,1.52,Relax Interventions 50%,Mongolia,MNG,2021-05-03,v8,TRUE
2021-01-26,deaths,0.01,0.01,0.02,0.02,0.02,0.02,Surged Additional 50% Reduction,Mongolia,MNG,2021-05-03,v8,TRUE
2021-01-26,hospital_demand,0.56,0.6,0.65,0.65,0.71,0.75,Surged Additional 50% Reduction,Mongolia,MNG,2021-05-03,v8,TRUE
2021-01-26,ICU_demand,0.21,0.23,0.25,0.25,0.27,0.29,Surged Additional 50% Reduction,Mongolia,MNG,2021-05-03,v8,TRUE
2021-01-26,infections,7.52,7.9,8.33,8.33,8.75,9.14,Surged Additional 50% Reduction,Mongolia,MNG,2021-05-03,v8,TRUE
2021-01-26,prevalence,52.15,54.78,57.71,57.71,60.63,63.26,Surged Additional 50% Reduction,Mongolia,MNG,2021-05-03,v8,TRUE
2021-01-26,cumulative_infections,218.35,236.86,257.41,257.41,277.97,296.48,Surged Additional 50% Reduction,Mongolia,MNG,2021-05-03,v8,TRUE
2021-01-26,cumulative_deaths,0.41,0.45,0.49,0.49,0.54,0.57,Surged Additional 50% Reduction,Mongolia,MNG,2021-05-03,v8,TRUE
2021-01-26,Rt,1.39,1.42,1.45,1.45,1.49,1.52,Surged Additional 50% Reduction,Mongolia,MNG,2021-05-03,v8,TRUE
2021-01-26,Reff,1.39,1.42,1.45,1.45,1.49,1.52,Surged Additional 50% Reduction,Mongolia,MNG,2021-05-03,v8,TRUE
2021-01-26,deaths,0.01,0.01,0.02,0.02,0.02,0.02,Surged Maintain Status Quo,Mongolia,MNG,2021-05-03,v8,TRUE
2021-01-26,hospital_demand,0.56,0.6,0.65,0.65,0.71,0.75,Surged Maintain Status Quo,Mongolia,MNG,2021-05-03,v8,TRUE
2021-01-26,ICU_demand,0.21,0.23,0.25,0.25,0.27,0.29,Surged Maintain Status Quo,Mongolia,MNG,2021-05-03,v8,TRUE
2021-01-26,infections,7.52,7.9,8.33,8.33,8.75,9.14,Surged Maintain Status Quo,Mongolia,MNG,2021-05-03,v8,TRUE
2021-01-26,prevalence,52.15,54.78,57.71,57.71,60.63,63.26,Surged Maintain Status Quo,Mongolia,MNG,2021-05-03,v8,TRUE
2021-01-26,cumulative_infections,218.35,236.86,257.41,257.41,277.97,296.48,Surged Maintain Status Quo,Mongolia,MNG,2021-05-03,v8,TRUE
2021-01-26,cumulative_deaths,0.41,0.45,0.49,0.49,0.54,0.57,Surged Maintain Status Quo,Mongolia,MNG,2021-05-03,v8,TRUE
2021-01-26,Rt,1.39,1.42,1.45,1.45,1.49,1.52,Surged Maintain Status Quo,Mongolia,MNG,2021-05-03,v8,TRUE
2021-01-26,Reff,1.39,1.42,1.45,1.45,1.49,1.52,Surged Maintain Status Quo,Mongolia,MNG,2021-05-03,v8,TRUE
2021-01-26,deaths,0.01,0.01,0.02,0.02,0.02,0.02,Surged Relax Interventions 50%,Mongolia,MNG,2021-05-03,v8,TRUE
2021-01-26,hospital_demand,0.56,0.6,0.65,0.65,0.71,0.75,Surged Relax Interventions 50%,Mongolia,MNG,2021-05-03,v8,TRUE
2021-01-26,ICU_demand,0.21,0.23,0.25,0.25,0.27,0.29,Surged Relax Interventions 50%,Mongolia,MNG,2021-05-03,v8,TRUE
2021-01-26,infections,7.52,7.9,8.33,8.33,8.75,9.14,Surged Relax Interventions 50%,Mongolia,MNG,2021-05-03,v8,TRUE
2021-01-26,prevalence,52.15,54.78,57.71,57.71,60.63,63.26,Surged Relax Interventions 50%,Mongolia,MNG,2021-05-03,v8,TRUE
2021-01-26,cumulative_infections,218.35,236.86,257.41,257.41,277.97,296.48,Surged Relax Interventions 50%,Mongolia,MNG,2021-05-03,v8,TRUE
2021-01-26,cumulative_deaths,0.41,0.45,0.49,0.49,0.54,0.57,Surged Relax Interventions 50%,Mongolia,MNG,2021-05-03,v8,TRUE
2021-01-26,Rt,1.39,1.42,1.45,1.45,1.49,1.52,Surged Relax Interventions 50%,Mongolia,MNG,2021-05-03,v8,TRUE
2021-01-26,Reff,1.39,1.42,1.45,1.45,1.49,1.52,Surged Relax Interventions 50%,Mongolia,MNG,2021-05-03,v8,TRUE
2021-01-27,deaths,0.01,0.02,0.02,0.02,0.02,0.02,Additional 50% Reduction,Mongolia,MNG,2021-05-03,v8,TRUE
2021-01-27,hospital_demand,0.57,0.62,0.67,0.67,0.72,0.77,Additional 50% Reduction,Mongolia,MNG,2021-05-03,v8,TRUE
2021-01-27,ICU_demand,0.22,0.24,0.26,0.26,0.28,0.3,Additional 50% Reduction,Mongolia,MNG,2021-05-03,v8,TRUE
2021-01-27,infections,8.04,8.42,8.83,8.83,9.25,9.62,Additional 50% Reduction,Mongolia,MNG,2021-05-03,v8,TRUE
2021-01-27,prevalence,55.71,58.28,61.13,61.13,63.98,66.54,Additional 50% Reduction,Mongolia,MNG,2021-05-03,v8,TRUE
2021-01-27,cumulative_infections,226.39,245.27,266.25,266.25,287.22,306.1,Additional 50% Reduction,Mongolia,MNG,2021-05-03,v8,TRUE
2021-01-27,cumulative_deaths,0.43,0.47,0.51,0.51,0.55,0.59,Additional 50% Reduction,Mongolia,MNG,2021-05-03,v8,TRUE
2021-01-27,Rt,1.39,1.42,1.45,1.45,1.49,1.52,Additional 50% Reduction,Mongolia,MNG,2021-05-03,v8,TRUE
2021-01-27,Reff,1.39,1.42,1.45,1.45,1.49,1.52,Additional 50% Reduction,Mongolia,MNG,2021-05-03,v8,TRUE
2021-01-27,deaths,0.01,0.02,0.02,0.02,0.02,0.02,Maintain Status Quo,Mongolia,MNG,2021-05-03,v8,TRUE
2021-01-27,hospital_demand,0.57,0.62,0.67,0.67,0.72,0.77,Maintain Status Quo,Mongolia,MNG,2021-05-03,v8,TRUE
2021-01-27,ICU_demand,0.22,0.24,0.26,0.26,0.28,0.3,Maintain Status Quo,Mongolia,MNG,2021-05-03,v8,TRUE
2021-01-27,infections,8.04,8.42,8.83,8.83,9.25,9.62,Maintain Status Quo,Mongolia,MNG,2021-05-03,v8,TRUE
2021-01-27,prevalence,55.71,58.28,61.13,61.13,63.98,66.54,Maintain Status Quo,Mongolia,MNG,2021-05-03,v8,TRUE
2021-01-27,cumulative_infections,226.39,245.27,266.25,266.25,287.22,306.1,Maintain Status Quo,Mongolia,MNG,2021-05-03,v8,TRUE
2021-01-27,cumulative_deaths,0.43,0.47,0.51,0.51,0.55,0.59,Maintain Status Quo,Mongolia,MNG,2021-05-03,v8,TRUE
2021-01-27,Rt,1.39,1.42,1.45,1.45,1.49,1.52,Maintain Status Quo,Mongolia,MNG,2021-05-03,v8,TRUE
2021-01-27,Reff,1.39,1.42,1.45,1.45,1.49,1.52,Maintain Status Quo,Mongolia,MNG,2021-05-03,v8,TRUE
2021-01-27,deaths,0.01,0.02,0.02,0.02,0.02,0.02,Relax Interventions 50%,Mongolia,MNG,2021-05-03,v8,TRUE
2021-01-27,hospital_demand,0.57,0.62,0.67,0.67,0.72,0.77,Relax Interventions 50%,Mongolia,MNG,2021-05-03,v8,TRUE
2021-01-27,ICU_demand,0.22,0.24,0.26,0.26,0.28,0.3,Relax Interventions 50%,Mongolia,MNG,2021-05-03,v8,TRUE
2021-01-27,infections,8.04,8.42,8.83,8.83,9.25,9.62,Relax Interventions 50%,Mongolia,MNG,2021-05-03,v8,TRUE
2021-01-27,prevalence,55.71,58.28,61.13,61.13,63.98,66.54,Relax Interventions 50%,Mongolia,MNG,2021-05-03,v8,TRUE
2021-01-27,cumulative_infections,226.39,245.27,266.25,266.25,287.22,306.1,Relax Interventions 50%,Mongolia,MNG,2021-05-03,v8,TRUE
2021-01-27,cumulative_deaths,0.43,0.47,0.51,0.51,0.55,0.59,Relax Interventions 50%,Mongolia,MNG,2021-05-03,v8,TRUE
2021-01-27,Rt,1.39,1.42,1.45,1.45,1.49,1.52,Relax Interventions 50%,Mongolia,MNG,2021-05-03,v8,TRUE
2021-01-27,Reff,1.39,1.42,1.45,1.45,1.49,1.52,Relax Interventions 50%,Mongolia,MNG,2021-05-03,v8,TRUE
2021-01-27,deaths,0.01,0.02,0.02,0.02,0.02,0.02,Surged Additional 50% Reduction,Mongolia,MNG,2021-05-03,v8,TRUE
2021-01-27,hospital_demand,0.57,0.62,0.67,0.67,0.72,0.77,Surged Additional 50% Reduction,Mongolia,MNG,2021-05-03,v8,TRUE
2021-01-27,ICU_demand,0.22,0.24,0.26,0.26,0.28,0.3,Surged Additional 50% Reduction,Mongolia,MNG,2021-05-03,v8,TRUE
2021-01-27,infections,8.04,8.42,8.83,8.83,9.25,9.62,Surged Additional 50% Reduction,Mongolia,MNG,2021-05-03,v8,TRUE
2021-01-27,prevalence,55.71,58.28,61.13,61.13,63.98,66.54,Surged Additional 50% Reduction,Mongolia,MNG,2021-05-03,v8,TRUE
2021-01-27,cumulative_infections,226.39,245.27,266.25,266.25,287.22,306.1,Surged Additional 50% Reduction,Mongolia,MNG,2021-05-03,v8,TRUE
2021-01-27,cumulative_deaths,0.43,0.47,0.51,0.51,0.55,0.59,Surged Additional 50% Reduction,Mongolia,MNG,2021-05-03,v8,TRUE
2021-01-27,Rt,1.39,1.42,1.45,1.45,1.49,1.52,Surged Additional 50% Reduction,Mongolia,MNG,2021-05-03,v8,TRUE
2021-01-27,Reff,1.39,1.42,1.45,1.45,1.49,1.52,Surged Additional 50% Reduction,Mongolia,MNG,2021-05-03,v8,TRUE
2021-01-27,deaths,0.01,0.02,0.02,0.02,0.02,0.02,Surged Maintain Status Quo,Mongolia,MNG,2021-05-03,v8,TRUE
2021-01-27,hospital_demand,0.57,0.62,0.67,0.67,0.72,0.77,Surged Maintain Status Quo,Mongolia,MNG,2021-05-03,v8,TRUE
2021-01-27,ICU_demand,0.22,0.24,0.26,0.26,0.28,0.3,Surged Maintain Status Quo,Mongolia,MNG,2021-05-03,v8,TRUE
2021-01-27,infections,8.04,8.42,8.83,8.83,9.25,9.62,Surged Maintain Status Quo,Mongolia,MNG,2021-05-03,v8,TRUE
2021-01-27,prevalence,55.71,58.28,61.13,61.13,63.98,66.54,Surged Maintain Status Quo,Mongolia,MNG,2021-05-03,v8,TRUE
2021-01-27,cumulative_infections,226.39,245.27,266.25,266.25,287.22,306.1,Surged Maintain Status Quo,Mongolia,MNG,2021-05-03,v8,TRUE
2021-01-27,cumulative_deaths,0.43,0.47,0.51,0.51,0.55,0.59,Surged Maintain Status Quo,Mongolia,MNG,2021-05-03,v8,TRUE
2021-01-27,Rt,1.39,1.42,1.45,1.45,1.49,1.52,Surged Maintain Status Quo,Mongolia,MNG,2021-05-03,v8,TRUE
2021-01-27,Reff,1.39,1.42,1.45,1.45,1.49,1.52,Surged Maintain Status Quo,Mongolia,MNG,2021-05-03,v8,TRUE
2021-01-27,deaths,0.01,0.02,0.02,0.02,0.02,0.02,Surged Relax Interventions 50%,Mongolia,MNG,2021-05-03,v8,TRUE
2021-01-27,hospital_demand,0.57,0.62,0.67,0.67,0.72,0.77,Surged Relax Interventions 50%,Mongolia,MNG,2021-05-03,v8,TRUE
2021-01-27,ICU_demand,0.22,0.24,0.26,0.26,0.28,0.3,Surged Relax Interventions 50%,Mongolia,MNG,2021-05-03,v8,TRUE
2021-01-27,infections,8.04,8.42,8.83,8.83,9.25,9.62,Surged Relax Interventions 50%,Mongolia,MNG,2021-05-03,v8,TRUE
2021-01-27,prevalence,55.71,58.28,61.13,61.13,63.98,66.54,Surged Relax Interventions 50%,Mongolia,MNG,2021-05-03,v8,TRUE
2021-01-27,cumulative_infections,226.39,245.27,266.25,266.25,287.22,306.1,Surged Relax Interventions 50%,Mongolia,MNG,2021-05-03,v8,TRUE
2021-01-27,cumulative_deaths,0.43,0.47,0.51,0.51,0.55,0.59,Surged Relax Interventions 50%,Mongolia,MNG,2021-05-03,v8,TRUE
2021-01-27,Rt,1.39,1.42,1.45,1.45,1.49,1.52,Surged Relax Interventions 50%,Mongolia,MNG,2021-05-03,v8,TRUE
2021-01-27,Reff,1.39,1.42,1.45,1.45,1.49,1.52,Surged Relax Interventions 50%,Mongolia,MNG,2021-05-03,v8,TRUE
2021-01-28,deaths,0.01,0.02,0.02,0.02,0.02,0.02,Additional 50% Reduction,Mongolia,MNG,2021-05-03,v8,TRUE
2021-01-28,hospital_demand,0.59,0.64,0.69,0.69,0.74,0.79,Additional 50% Reduction,Mongolia,MNG,2021-05-03,v8,TRUE
2021-01-28,ICU_demand,0.23,0.24,0.26,0.26,0.28,0.3,Additional 50% Reduction,Mongolia,MNG,2021-05-03,v8,TRUE
2021-01-28,infections,8.6,8.96,9.37,9.37,9.77,10.13,Additional 50% Reduction,Mongolia,MNG,2021-05-03,v8,TRUE
2021-01-28,prevalence,59.53,62.01,64.76,64.76,67.52,70,Additional 50% Reduction,Mongolia,MNG,2021-05-03,v8,TRUE
2021-01-28,cumulative_infections,235,254.24,275.62,275.62,296.99,316.24,Additional 50% Reduction,Mongolia,MNG,2021-05-03,v8,TRUE
2021-01-28,cumulative_deaths,0.44,0.48,0.53,0.53,0.57,0.61,Additional 50% Reduction,Mongolia,MNG,2021-05-03,v8,TRUE
2021-01-28,Rt,1.39,1.42,1.46,1.46,1.49,1.53,Additional 50% Reduction,Mongolia,MNG,2021-05-03,v8,TRUE
2021-01-28,Reff,1.39,1.42,1.46,1.46,1.49,1.53,Additional 50% Reduction,Mongolia,MNG,2021-05-03,v8,TRUE
2021-01-28,deaths,0.01,0.02,0.02,0.02,0.02,0.02,Maintain Status Quo,Mongolia,MNG,2021-05-03,v8,TRUE
2021-01-28,hospital_demand,0.59,0.64,0.69,0.69,0.74,0.79,Maintain Status Quo,Mongolia,MNG,2021-05-03,v8,TRUE
2021-01-28,ICU_demand,0.23,0.24,0.26,0.26,0.28,0.3,Maintain Status Quo,Mongolia,MNG,2021-05-03,v8,TRUE
2021-01-28,infections,8.6,8.96,9.37,9.37,9.77,10.13,Maintain Status Quo,Mongolia,MNG,2021-05-03,v8,TRUE
2021-01-28,prevalence,59.53,62.01,64.76,64.76,67.52,70,Maintain Status Quo,Mongolia,MNG,2021-05-03,v8,TRUE
2021-01-28,cumulative_infections,235,254.24,275.62,275.62,296.99,316.24,Maintain Status Quo,Mongolia,MNG,2021-05-03,v8,TRUE
2021-01-28,cumulative_deaths,0.44,0.48,0.53,0.53,0.57,0.61,Maintain Status Quo,Mongolia,MNG,2021-05-03,v8,TRUE
2021-01-28,Rt,1.39,1.42,1.46,1.46,1.49,1.53,Maintain Status Quo,Mongolia,MNG,2021-05-03,v8,TRUE
2021-01-28,Reff,1.39,1.42,1.46,1.46,1.49,1.53,Maintain Status Quo,Mongolia,MNG,2021-05-03,v8,TRUE
2021-01-28,deaths,0.01,0.02,0.02,0.02,0.02,0.02,Relax Interventions 50%,Mongolia,MNG,2021-05-03,v8,TRUE
2021-01-28,hospital_demand,0.59,0.64,0.69,0.69,0.74,0.79,Relax Interventions 50%,Mongolia,MNG,2021-05-03,v8,TRUE
2021-01-28,ICU_demand,0.23,0.24,0.26,0.26,0.28,0.3,Relax Interventions 50%,Mongolia,MNG,2021-05-03,v8,TRUE
2021-01-28,infections,8.6,8.96,9.37,9.37,9.77,10.13,Relax Interventions 50%,Mongolia,MNG,2021-05-03,v8,TRUE
2021-01-28,prevalence,59.53,62.01,64.76,64.76,67.52,70,Relax Interventions 50%,Mongolia,MNG,2021-05-03,v8,TRUE
2021-01-28,cumulative_infections,235,254.24,275.62,275.62,296.99,316.24,Relax Interventions 50%,Mongolia,MNG,2021-05-03,v8,TRUE
2021-01-28,cumulative_deaths,0.44,0.48,0.53,0.53,0.57,0.61,Relax Interventions 50%,Mongolia,MNG,2021-05-03,v8,TRUE
2021-01-28,Rt,1.39,1.42,1.46,1.46,1.49,1.53,Relax Interventions 50%,Mongolia,MNG,2021-05-03,v8,TRUE
2021-01-28,Reff,1.39,1.42,1.46,1.46,1.49,1.53,Relax Interventions 50%,Mongolia,MNG,2021-05-03,v8,TRUE
2021-01-28,deaths,0.01,0.02,0.02,0.02,0.02,0.02,Surged Additional 50% Reduction,Mongolia,MNG,2021-05-03,v8,TRUE
2021-01-28,hospital_demand,0.59,0.64,0.69,0.69,0.74,0.79,Surged Additional 50% Reduction,Mongolia,MNG,2021-05-03,v8,TRUE
2021-01-28,ICU_demand,0.23,0.24,0.26,0.26,0.28,0.3,Surged Additional 50% Reduction,Mongolia,MNG,2021-05-03,v8,TRUE
2021-01-28,infections,8.6,8.96,9.37,9.37,9.77,10.13,Surged Additional 50% Reduction,Mongolia,MNG,2021-05-03,v8,TRUE
2021-01-28,prevalence,59.53,62.01,64.76,64.76,67.52,70,Surged Additional 50% Reduction,Mongolia,MNG,2021-05-03,v8,TRUE
2021-01-28,cumulative_infections,235,254.24,275.62,275.62,296.99,316.24,Surged Additional 50% Reduction,Mongolia,MNG,2021-05-03,v8,TRUE
2021-01-28,cumulative_deaths,0.44,0.48,0.53,0.53,0.57,0.61,Surged Additional 50% Reduction,Mongolia,MNG,2021-05-03,v8,TRUE
2021-01-28,Rt,1.39,1.42,1.46,1.46,1.49,1.53,Surged Additional 50% Reduction,Mongolia,MNG,2021-05-03,v8,TRUE
2021-01-28,Reff,1.39,1.42,1.46,1.46,1.49,1.53,Surged Additional 50% Reduction,Mongolia,MNG,2021-05-03,v8,TRUE
2021-01-28,deaths,0.01,0.02,0.02,0.02,0.02,0.02,Surged Maintain Status Quo,Mongolia,MNG,2021-05-03,v8,TRUE
2021-01-28,hospital_demand,0.59,0.64,0.69,0.69,0.74,0.79,Surged Maintain Status Quo,Mongolia,MNG,2021-05-03,v8,TRUE
2021-01-28,ICU_demand,0.23,0.24,0.26,0.26,0.28,0.3,Surged Maintain Status Quo,Mongolia,MNG,2021-05-03,v8,TRUE
2021-01-28,infections,8.6,8.96,9.37,9.37,9.77,10.13,Surged Maintain Status Quo,Mongolia,MNG,2021-05-03,v8,TRUE
2021-01-28,prevalence,59.53,62.01,64.76,64.76,67.52,70,Surged Maintain Status Quo,Mongolia,MNG,2021-05-03,v8,TRUE
2021-01-28,cumulative_infections,235,254.24,275.62,275.62,296.99,316.24,Surged Maintain Status Quo,Mongolia,MNG,2021-05-03,v8,TRUE
2021-01-28,cumulative_deaths,0.44,0.48,0.53,0.53,0.57,0.61,Surged Maintain Status Quo,Mongolia,MNG,2021-05-03,v8,TRUE
2021-01-28,Rt,1.39,1.42,1.46,1.46,1.49,1.53,Surged Maintain Status Quo,Mongolia,MNG,2021-05-03,v8,TRUE
2021-01-28,Reff,1.39,1.42,1.46,1.46,1.49,1.53,Surged Maintain Status Quo,Mongolia,MNG,2021-05-03,v8,TRUE
2021-01-28,deaths,0.01,0.02,0.02,0.02,0.02,0.02,Surged Relax Interventions 50%,Mongolia,MNG,2021-05-03,v8,TRUE
2021-01-28,hospital_demand,0.59,0.64,0.69,0.69,0.74,0.79,Surged Relax Interventions 50%,Mongolia,MNG,2021-05-03,v8,TRUE
2021-01-28,ICU_demand,0.23,0.24,0.26,0.26,0.28,0.3,Surged Relax Interventions 50%,Mongolia,MNG,2021-05-03,v8,TRUE
2021-01-28,infections,8.6,8.96,9.37,9.37,9.77,10.13,Surged Relax Interventions 50%,Mongolia,MNG,2021-05-03,v8,TRUE
2021-01-28,prevalence,59.53,62.01,64.76,64.76,67.52,70,Surged Relax Interventions 50%,Mongolia,MNG,2021-05-03,v8,TRUE
2021-01-28,cumulative_infections,235,254.24,275.62,275.62,296.99,316.24,Surged Relax Interventions 50%,Mongolia,MNG,2021-05-03,v8,TRUE
2021-01-28,cumulative_deaths,0.44,0.48,0.53,0.53,0.57,0.61,Surged Relax Interventions 50%,Mongolia,MNG,2021-05-03,v8,TRUE
2021-01-28,Rt,1.39,1.42,1.46,1.46,1.49,1.53,Surged Relax Interventions 50%,Mongolia,MNG,2021-05-03,v8,TRUE
2021-01-28,Reff,1.39,1.42,1.46,1.46,1.49,1.53,Surged Relax Interventions 50%,Mongolia,MNG,2021-05-03,v8,TRUE
2021-01-29,deaths,0.01,0.02,0.02,0.02,0.02,0.02,Additional 50% Reduction,Mongolia,MNG,2021-05-03,v8,TRUE
2021-01-29,hospital_demand,0.62,0.66,0.71,0.71,0.76,0.81,Additional 50% Reduction,Mongolia,MNG,2021-05-03,v8,TRUE
2021-01-29,ICU_demand,0.23,0.25,0.27,0.27,0.29,0.31,Additional 50% Reduction,Mongolia,MNG,2021-05-03,v8,TRUE
2021-01-29,infections,9.2,9.55,9.93,9.93,10.32,10.67,Additional 50% Reduction,Mongolia,MNG,2021-05-03,v8,TRUE
2021-01-29,prevalence,63.67,66.04,68.67,68.67,71.3,73.67,Additional 50% Reduction,Mongolia,MNG,2021-05-03,v8,TRUE
2021-01-29,cumulative_infections,244.2,263.79,285.55,285.55,307.32,326.91,Additional 50% Reduction,Mongolia,MNG,2021-05-03,v8,TRUE
2021-01-29,cumulative_deaths,0.46,0.5,0.54,0.54,0.59,0.63,Additional 50% Reduction,Mongolia,MNG,2021-05-03,v8,TRUE
2021-01-29,Rt,1.42,1.45,1.49,1.49,1.52,1.56,Additional 50% Reduction,Mongolia,MNG,2021-05-03,v8,TRUE
2021-01-29,Reff,1.42,1.45,1.49,1.49,1.52,1.56,Additional 50% Reduction,Mongolia,MNG,2021-05-03,v8,TRUE
2021-01-29,deaths,0.01,0.02,0.02,0.02,0.02,0.02,Maintain Status Quo,Mongolia,MNG,2021-05-03,v8,TRUE
2021-01-29,hospital_demand,0.62,0.66,0.71,0.71,0.76,0.81,Maintain Status Quo,Mongolia,MNG,2021-05-03,v8,TRUE
2021-01-29,ICU_demand,0.23,0.25,0.27,0.27,0.29,0.31,Maintain Status Quo,Mongolia,MNG,2021-05-03,v8,TRUE
2021-01-29,infections,9.2,9.55,9.93,9.93,10.32,10.67,Maintain Status Quo,Mongolia,MNG,2021-05-03,v8,TRUE
2021-01-29,prevalence,63.67,66.04,68.67,68.67,71.3,73.67,Maintain Status Quo,Mongolia,MNG,2021-05-03,v8,TRUE
2021-01-29,cumulative_infections,244.2,263.79,285.55,285.55,307.32,326.91,Maintain Status Quo,Mongolia,MNG,2021-05-03,v8,TRUE
2021-01-29,cumulative_deaths,0.46,0.5,0.54,0.54,0.59,0.63,Maintain Status Quo,Mongolia,MNG,2021-05-03,v8,TRUE
2021-01-29,Rt,1.42,1.45,1.49,1.49,1.52,1.56,Maintain Status Quo,Mongolia,MNG,2021-05-03,v8,TRUE
2021-01-29,Reff,1.42,1.45,1.49,1.49,1.52,1.56,Maintain Status Quo,Mongolia,MNG,2021-05-03,v8,TRUE
2021-01-29,deaths,0.01,0.02,0.02,0.02,0.02,0.02,Relax Interventions 50%,Mongolia,MNG,2021-05-03,v8,TRUE
2021-01-29,hospital_demand,0.62,0.66,0.71,0.71,0.76,0.81,Relax Interventions 50%,Mongolia,MNG,2021-05-03,v8,TRUE
2021-01-29,ICU_demand,0.23,0.25,0.27,0.27,0.29,0.31,Relax Interventions 50%,Mongolia,MNG,2021-05-03,v8,TRUE
2021-01-29,infections,9.2,9.55,9.93,9.93,10.32,10.67,Relax Interventions 50%,Mongolia,MNG,2021-05-03,v8,TRUE
2021-01-29,prevalence,63.67,66.04,68.67,68.67,71.3,73.67,Relax Interventions 50%,Mongolia,MNG,2021-05-03,v8,TRUE
2021-01-29,cumulative_infections,244.2,263.79,285.55,285.55,307.32,326.91,Relax Interventions 50%,Mongolia,MNG,2021-05-03,v8,TRUE
2021-01-29,cumulative_deaths,0.46,0.5,0.54,0.54,0.59,0.63,Relax Interventions 50%,Mongolia,MNG,2021-05-03,v8,TRUE
2021-01-29,Rt,1.42,1.45,1.49,1.49,1.52,1.56,Relax Interventions 50%,Mongolia,MNG,2021-05-03,v8,TRUE
2021-01-29,Reff,1.42,1.45,1.49,1.49,1.52,1.56,Relax Interventions 50%,Mongolia,MNG,2021-05-03,v8,TRUE
2021-01-29,deaths,0.01,0.02,0.02,0.02,0.02,0.02,Surged Additional 50% Reduction,Mongolia,MNG,2021-05-03,v8,TRUE
2021-01-29,hospital_demand,0.62,0.66,0.71,0.71,0.76,0.81,Surged Additional 50% Reduction,Mongolia,MNG,2021-05-03,v8,TRUE
2021-01-29,ICU_demand,0.23,0.25,0.27,0.27,0.29,0.31,Surged Additional 50% Reduction,Mongolia,MNG,2021-05-03,v8,TRUE
2021-01-29,infections,9.2,9.55,9.93,9.93,10.32,10.67,Surged Additional 50% Reduction,Mongolia,MNG,2021-05-03,v8,TRUE
2021-01-29,prevalence,63.67,66.04,68.67,68.67,71.3,73.67,Surged Additional 50% Reduction,Mongolia,MNG,2021-05-03,v8,TRUE
2021-01-29,cumulative_infections,244.2,263.79,285.55,285.55,307.32,326.91,Surged Additional 50% Reduction,Mongolia,MNG,2021-05-03,v8,TRUE
2021-01-29,cumulative_deaths,0.46,0.5,0.54,0.54,0.59,0.63,Surged Additional 50% Reduction,Mongolia,MNG,2021-05-03,v8,TRUE
2021-01-29,Rt,1.42,1.45,1.49,1.49,1.52,1.56,Surged Additional 50% Reduction,Mongolia,MNG,2021-05-03,v8,TRUE
2021-01-29,Reff,1.42,1.45,1.49,1.49,1.52,1.56,Surged Additional 50% Reduction,Mongolia,MNG,2021-05-03,v8,TRUE
2021-01-29,deaths,0.01,0.02,0.02,0.02,0.02,0.02,Surged Maintain Status Quo,Mongolia,MNG,2021-05-03,v8,TRUE
2021-01-29,hospital_demand,0.62,0.66,0.71,0.71,0.76,0.81,Surged Maintain Status Quo,Mongolia,MNG,2021-05-03,v8,TRUE
2021-01-29,ICU_demand,0.23,0.25,0.27,0.27,0.29,0.31,Surged Maintain Status Quo,Mongolia,MNG,2021-05-03,v8,TRUE
2021-01-29,infections,9.2,9.55,9.93,9.93,10.32,10.67,Surged Maintain Status Quo,Mongolia,MNG,2021-05-03,v8,TRUE
2021-01-29,prevalence,63.67,66.04,68.67,68.67,71.3,73.67,Surged Maintain Status Quo,Mongolia,MNG,2021-05-03,v8,TRUE
2021-01-29,cumulative_infections,244.2,263.79,285.55,285.55,307.32,326.91,Surged Maintain Status Quo,Mongolia,MNG,2021-05-03,v8,TRUE
2021-01-29,cumulative_deaths,0.46,0.5,0.54,0.54,0.59,0.63,Surged Maintain Status Quo,Mongolia,MNG,2021-05-03,v8,TRUE
2021-01-29,Rt,1.42,1.45,1.49,1.49,1.52,1.56,Surged Maintain Status Quo,Mongolia,MNG,2021-05-03,v8,TRUE
2021-01-29,Reff,1.42,1.45,1.49,1.49,1.52,1.56,Surged Maintain Status Quo,Mongolia,MNG,2021-05-03,v8,TRUE
2021-01-29,deaths,0.01,0.02,0.02,0.02,0.02,0.02,Surged Relax Interventions 50%,Mongolia,MNG,2021-05-03,v8,TRUE
2021-01-29,hospital_demand,0.62,0.66,0.71,0.71,0.76,0.81,Surged Relax Interventions 50%,Mongolia,MNG,2021-05-03,v8,TRUE
2021-01-29,ICU_demand,0.23,0.25,0.27,0.27,0.29,0.31,Surged Relax Interventions 50%,Mongolia,MNG,2021-05-03,v8,TRUE
2021-01-29,infections,9.2,9.55,9.93,9.93,10.32,10.67,Surged Relax Interventions 50%,Mongolia,MNG,2021-05-03,v8,TRUE
2021-01-29,prevalence,63.67,66.04,68.67,68.67,71.3,73.67,Surged Relax Interventions 50%,Mongolia,MNG,2021-05-03,v8,TRUE
2021-01-29,cumulative_infections,244.2,263.79,285.55,285.55,307.32,326.91,Surged Relax Interventions 50%,Mongolia,MNG,2021-05-03,v8,TRUE
2021-01-29,cumulative_deaths,0.46,0.5,0.54,0.54,0.59,0.63,Surged Relax Interventions 50%,Mongolia,MNG,2021-05-03,v8,TRUE
2021-01-29,Rt,1.42,1.45,1.49,1.49,1.52,1.56,Surged Relax Interventions 50%,Mongolia,MNG,2021-05-03,v8,TRUE
2021-01-29,Reff,1.42,1.45,1.49,1.49,1.52,1.56,Surged Relax Interventions 50%,Mongolia,MNG,2021-05-03,v8,TRUE
2021-01-30,deaths,0.01,0.02,0.02,0.02,0.02,0.02,Additional 50% Reduction,Mongolia,MNG,2021-05-03,v8,TRUE
2021-01-30,hospital_demand,0.64,0.69,0.74,0.74,0.79,0.83,Additional 50% Reduction,Mongolia,MNG,2021-05-03,v8,TRUE
2021-01-30,ICU_demand,0.24,0.26,0.28,0.28,0.3,0.32,Additional 50% Reduction,Mongolia,MNG,2021-05-03,v8,TRUE
2021-01-30,infections,9.86,10.19,10.56,10.56,10.92,11.25,Additional 50% Reduction,Mongolia,MNG,2021-05-03,v8,TRUE
2021-01-30,prevalence,68.32,70.56,73.06,73.06,75.56,77.81,Additional 50% Reduction,Mongolia,MNG,2021-05-03,v8,TRUE
2021-01-30,cumulative_infections,254.06,273.97,296.11,296.11,318.24,338.16,Additional 50% Reduction,Mongolia,MNG,2021-05-03,v8,TRUE
2021-01-30,cumulative_deaths,0.47,0.51,0.56,0.56,0.61,0.65,Additional 50% Reduction,Mongolia,MNG,2021-05-03,v8,TRUE
2021-01-30,Rt,1.65,1.7,1.74,1.74,1.79,1.83,Additional 50% Reduction,Mongolia,MNG,2021-05-03,v8,TRUE
2021-01-30,Reff,1.65,1.7,1.74,1.74,1.79,1.83,Additional 50% Reduction,Mongolia,MNG,2021-05-03,v8,TRUE
2021-01-30,deaths,0.01,0.02,0.02,0.02,0.02,0.02,Maintain Status Quo,Mongolia,MNG,2021-05-03,v8,TRUE
2021-01-30,hospital_demand,0.64,0.69,0.74,0.74,0.79,0.83,Maintain Status Quo,Mongolia,MNG,2021-05-03,v8,TRUE
2021-01-30,ICU_demand,0.24,0.26,0.28,0.28,0.3,0.32,Maintain Status Quo,Mongolia,MNG,2021-05-03,v8,TRUE
2021-01-30,infections,9.86,10.19,10.56,10.56,10.92,11.25,Maintain Status Quo,Mongolia,MNG,2021-05-03,v8,TRUE
2021-01-30,prevalence,68.32,70.56,73.06,73.06,75.56,77.81,Maintain Status Quo,Mongolia,MNG,2021-05-03,v8,TRUE
2021-01-30,cumulative_infections,254.06,273.97,296.11,296.11,318.24,338.16,Maintain Status Quo,Mongolia,MNG,2021-05-03,v8,TRUE
2021-01-30,cumulative_deaths,0.47,0.51,0.56,0.56,0.61,0.65,Maintain Status Quo,Mongolia,MNG,2021-05-03,v8,TRUE
2021-01-30,Rt,1.65,1.7,1.74,1.74,1.79,1.83,Maintain Status Quo,Mongolia,MNG,2021-05-03,v8,TRUE
2021-01-30,Reff,1.65,1.7,1.74,1.74,1.79,1.83,Maintain Status Quo,Mongolia,MNG,2021-05-03,v8,TRUE
2021-01-30,deaths,0.01,0.02,0.02,0.02,0.02,0.02,Relax Interventions 50%,Mongolia,MNG,2021-05-03,v8,TRUE
2021-01-30,hospital_demand,0.64,0.69,0.74,0.74,0.79,0.83,Relax Interventions 50%,Mongolia,MNG,2021-05-03,v8,TRUE
2021-01-30,ICU_demand,0.24,0.26,0.28,0.28,0.3,0.32,Relax Interventions 50%,Mongolia,MNG,2021-05-03,v8,TRUE
2021-01-30,infections,9.86,10.19,10.56,10.56,10.92,11.25,Relax Interventions 50%,Mongolia,MNG,2021-05-03,v8,TRUE
2021-01-30,prevalence,68.32,70.56,73.06,73.06,75.56,77.81,Relax Interventions 50%,Mongolia,MNG,2021-05-03,v8,TRUE
2021-01-30,cumulative_infections,254.06,273.97,296.11,296.11,318.24,338.16,Relax Interventions 50%,Mongolia,MNG,2021-05-03,v8,TRUE
2021-01-30,cumulative_deaths,0.47,0.51,0.56,0.56,0.61,0.65,Relax Interventions 50%,Mongolia,MNG,2021-05-03,v8,TRUE
2021-01-30,Rt,1.65,1.7,1.74,1.74,1.79,1.83,Relax Interventions 50%,Mongolia,MNG,2021-05-03,v8,TRUE
2021-01-30,Reff,1.65,1.7,1.74,1.74,1.79,1.83,Relax Interventions 50%,Mongolia,MNG,2021-05-03,v8,TRUE
2021-01-30,deaths,0.01,0.02,0.02,0.02,0.02,0.02,Surged Additional 50% Reduction,Mongolia,MNG,2021-05-03,v8,TRUE
2021-01-30,hospital_demand,0.64,0.69,0.74,0.74,0.79,0.83,Surged Additional 50% Reduction,Mongolia,MNG,2021-05-03,v8,TRUE
2021-01-30,ICU_demand,0.24,0.26,0.28,0.28,0.3,0.32,Surged Additional 50% Reduction,Mongolia,MNG,2021-05-03,v8,TRUE
2021-01-30,infections,9.86,10.19,10.56,10.56,10.92,11.25,Surged Additional 50% Reduction,Mongolia,MNG,2021-05-03,v8,TRUE
2021-01-30,prevalence,68.32,70.56,73.06,73.06,75.56,77.81,Surged Additional 50% Reduction,Mongolia,MNG,2021-05-03,v8,TRUE
2021-01-30,cumulative_infections,254.06,273.97,296.11,296.11,318.24,338.16,Surged Additional 50% Reduction,Mongolia,MNG,2021-05-03,v8,TRUE
2021-01-30,cumulative_deaths,0.47,0.51,0.56,0.56,0.61,0.65,Surged Additional 50% Reduction,Mongolia,MNG,2021-05-03,v8,TRUE
2021-01-30,Rt,1.65,1.7,1.74,1.74,1.79,1.83,Surged Additional 50% Reduction,Mongolia,MNG,2021-05-03,v8,TRUE
2021-01-30,Reff,1.65,1.7,1.74,1.74,1.79,1.83,Surged Additional 50% Reduction,Mongolia,MNG,2021-05-03,v8,TRUE
2021-01-30,deaths,0.01,0.02,0.02,0.02,0.02,0.02,Surged Maintain Status Quo,Mongolia,MNG,2021-05-03,v8,TRUE
2021-01-30,hospital_demand,0.64,0.69,0.74,0.74,0.79,0.83,Surged Maintain Status Quo,Mongolia,MNG,2021-05-03,v8,TRUE
2021-01-30,ICU_demand,0.24,0.26,0.28,0.28,0.3,0.32,Surged Maintain Status Quo,Mongolia,MNG,2021-05-03,v8,TRUE
2021-01-30,infections,9.86,10.19,10.56,10.56,10.92,11.25,Surged Maintain Status Quo,Mongolia,MNG,2021-05-03,v8,TRUE
2021-01-30,prevalence,68.32,70.56,73.06,73.06,75.56,77.81,Surged Maintain Status Quo,Mongolia,MNG,2021-05-03,v8,TRUE
2021-01-30,cumulative_infections,254.06,273.97,296.11,296.11,318.24,338.16,Surged Maintain Status Quo,Mongolia,MNG,2021-05-03,v8,TRUE
2021-01-30,cumulative_deaths,0.47,0.51,0.56,0.56,0.61,0.65,Surged Maintain Status Quo,Mongolia,MNG,2021-05-03,v8,TRUE
2021-01-30,Rt,1.65,1.7,1.74,1.74,1.79,1.83,Surged Maintain Status Quo,Mongolia,MNG,2021-05-03,v8,TRUE
2021-01-30,Reff,1.65,1.7,1.74,1.74,1.79,1.83,Surged Maintain Status Quo,Mongolia,MNG,2021-05-03,v8,TRUE
2021-01-30,deaths,0.01,0.02,0.02,0.02,0.02,0.02,Surged Relax Interventions 50%,Mongolia,MNG,2021-05-03,v8,TRUE
2021-01-30,hospital_demand,0.64,0.69,0.74,0.74,0.79,0.83,Surged Relax Interventions 50%,Mongolia,MNG,2021-05-03,v8,TRUE
2021-01-30,ICU_demand,0.24,0.26,0.28,0.28,0.3,0.32,Surged Relax Interventions 50%,Mongolia,MNG,2021-05-03,v8,TRUE
2021-01-30,infections,9.86,10.19,10.56,10.56,10.92,11.25,Surged Relax Interventions 50%,Mongolia,MNG,2021-05-03,v8,TRUE
2021-01-30,prevalence,68.32,70.56,73.06,73.06,75.56,77.81,Surged Relax Interventions 50%,Mongolia,MNG,2021-05-03,v8,TRUE
2021-01-30,cumulative_infections,254.06,273.97,296.11,296.11,318.24,338.16,Surged Relax Interventions 50%,Mongolia,MNG,2021-05-03,v8,TRUE
2021-01-30,cumulative_deaths,0.47,0.51,0.56,0.56,0.61,0.65,Surged Relax Interventions 50%,Mongolia,MNG,2021-05-03,v8,TRUE
2021-01-30,Rt,1.65,1.7,1.74,1.74,1.79,1.83,Surged Relax Interventions 50%,Mongolia,MNG,2021-05-03,v8,TRUE
2021-01-30,Reff,1.65,1.7,1.74,1.74,1.79,1.83,Surged Relax Interventions 50%,Mongolia,MNG,2021-05-03,v8,TRUE
2021-01-31,deaths,0.02,0.02,0.02,0.02,0.02,0.02,Additional 50% Reduction,Mongolia,MNG,2021-05-03,v8,TRUE
2021-01-31,hospital_demand,0.67,0.72,0.77,0.77,0.82,0.86,Additional 50% Reduction,Mongolia,MNG,2021-05-03,v8,TRUE
2021-01-31,ICU_demand,0.25,0.27,0.29,0.29,0.31,0.33,Additional 50% Reduction,Mongolia,MNG,2021-05-03,v8,TRUE
2021-01-31,infections,10.76,11.07,11.41,11.41,11.75,12.06,Additional 50% Reduction,Mongolia,MNG,2021-05-03,v8,TRUE
2021-01-31,prevalence,75.77,77.86,80.19,80.19,82.52,84.61,Additional 50% Reduction,Mongolia,MNG,2021-05-03,v8,TRUE
2021-01-31,cumulative_infections,264.81,285.04,307.52,307.52,329.99,350.22,Additional 50% Reduction,Mongolia,MNG,2021-05-03,v8,TRUE
2021-01-31,cumulative_deaths,0.49,0.53,0.58,0.58,0.63,0.67,Additional 50% Reduction,Mongolia,MNG,2021-05-03,v8,TRUE
2021-01-31,Rt,1.6,1.65,1.69,1.69,1.74,1.78,Additional 50% Reduction,Mongolia,MNG,2021-05-03,v8,TRUE
2021-01-31,Reff,1.6,1.65,1.69,1.69,1.74,1.78,Additional 50% Reduction,Mongolia,MNG,2021-05-03,v8,TRUE
2021-01-31,deaths,0.02,0.02,0.02,0.02,0.02,0.02,Maintain Status Quo,Mongolia,MNG,2021-05-03,v8,TRUE
2021-01-31,hospital_demand,0.67,0.72,0.77,0.77,0.82,0.86,Maintain Status Quo,Mongolia,MNG,2021-05-03,v8,TRUE
2021-01-31,ICU_demand,0.25,0.27,0.29,0.29,0.31,0.33,Maintain Status Quo,Mongolia,MNG,2021-05-03,v8,TRUE
2021-01-31,infections,10.76,11.07,11.41,11.41,11.75,12.06,Maintain Status Quo,Mongolia,MNG,2021-05-03,v8,TRUE
2021-01-31,prevalence,75.77,77.86,80.19,80.19,82.52,84.61,Maintain Status Quo,Mongolia,MNG,2021-05-03,v8,TRUE
2021-01-31,cumulative_infections,264.81,285.04,307.52,307.52,329.99,350.22,Maintain Status Quo,Mongolia,MNG,2021-05-03,v8,TRUE
2021-01-31,cumulative_deaths,0.49,0.53,0.58,0.58,0.63,0.67,Maintain Status Quo,Mongolia,MNG,2021-05-03,v8,TRUE
2021-01-31,Rt,1.6,1.65,1.69,1.69,1.74,1.78,Maintain Status Quo,Mongolia,MNG,2021-05-03,v8,TRUE
2021-01-31,Reff,1.6,1.65,1.69,1.69,1.74,1.78,Maintain Status Quo,Mongolia,MNG,2021-05-03,v8,TRUE
2021-01-31,deaths,0.02,0.02,0.02,0.02,0.02,0.02,Relax Interventions 50%,Mongolia,MNG,2021-05-03,v8,TRUE
2021-01-31,hospital_demand,0.67,0.72,0.77,0.77,0.82,0.86,Relax Interventions 50%,Mongolia,MNG,2021-05-03,v8,TRUE
2021-01-31,ICU_demand,0.25,0.27,0.29,0.29,0.31,0.33,Relax Interventions 50%,Mongolia,MNG,2021-05-03,v8,TRUE
2021-01-31,infections,10.76,11.07,11.41,11.41,11.75,12.06,Relax Interventions 50%,Mongolia,MNG,2021-05-03,v8,TRUE
2021-01-31,prevalence,75.77,77.86,80.19,80.19,82.52,84.61,Relax Interventions 50%,Mongolia,MNG,2021-05-03,v8,TRUE
2021-01-31,cumulative_infections,264.81,285.04,307.52,307.52,329.99,350.22,Relax Interventions 50%,Mongolia,MNG,2021-05-03,v8,TRUE
2021-01-31,cumulative_deaths,0.49,0.53,0.58,0.58,0.63,0.67,Relax Interventions 50%,Mongolia,MNG,2021-05-03,v8,TRUE
2021-01-31,Rt,1.6,1.65,1.69,1.69,1.74,1.78,Relax Interventions 50%,Mongolia,MNG,2021-05-03,v8,TRUE
2021-01-31,Reff,1.6,1.65,1.69,1.69,1.74,1.78,Relax Interventions 50%,Mongolia,MNG,2021-05-03,v8,TRUE
2021-01-31,deaths,0.02,0.02,0.02,0.02,0.02,0.02,Surged Additional 50% Reduction,Mongolia,MNG,2021-05-03,v8,TRUE
2021-01-31,hospital_demand,0.67,0.72,0.77,0.77,0.82,0.86,Surged Additional 50% Reduction,Mongolia,MNG,2021-05-03,v8,TRUE
2021-01-31,ICU_demand,0.25,0.27,0.29,0.29,0.31,0.33,Surged Additional 50% Reduction,Mongolia,MNG,2021-05-03,v8,TRUE
2021-01-31,infections,10.76,11.07,11.41,11.41,11.75,12.06,Surged Additional 50% Reduction,Mongolia,MNG,2021-05-03,v8,TRUE
2021-01-31,prevalence,75.77,77.86,80.19,80.19,82.52,84.61,Surged Additional 50% Reduction,Mongolia,MNG,2021-05-03,v8,TRUE
2021-01-31,cumulative_infections,264.81,285.04,307.52,307.52,329.99,350.22,Surged Additional 50% Reduction,Mongolia,MNG,2021-05-03,v8,TRUE
2021-01-31,cumulative_deaths,0.49,0.53,0.58,0.58,0.63,0.67,Surged Additional 50% Reduction,Mongolia,MNG,2021-05-03,v8,TRUE
2021-01-31,Rt,1.6,1.65,1.69,1.69,1.74,1.78,Surged Additional 50% Reduction,Mongolia,MNG,2021-05-03,v8,TRUE
2021-01-31,Reff,1.6,1.65,1.69,1.69,1.74,1.78,Surged Additional 50% Reduction,Mongolia,MNG,2021-05-03,v8,TRUE
2021-01-31,deaths,0.02,0.02,0.02,0.02,0.02,0.02,Surged Maintain Status Quo,Mongolia,MNG,2021-05-03,v8,TRUE
2021-01-31,hospital_demand,0.67,0.72,0.77,0.77,0.82,0.86,Surged Maintain Status Quo,Mongolia,MNG,2021-05-03,v8,TRUE
2021-01-31,ICU_demand,0.25,0.27,0.29,0.29,0.31,0.33,Surged Maintain Status Quo,Mongolia,MNG,2021-05-03,v8,TRUE
2021-01-31,infections,10.76,11.07,11.41,11.41,11.75,12.06,Surged Maintain Status Quo,Mongolia,MNG,2021-05-03,v8,TRUE
2021-01-31,prevalence,75.77,77.86,80.19,80.19,82.52,84.61,Surged Maintain Status Quo,Mongolia,MNG,2021-05-03,v8,TRUE
2021-01-31,cumulative_infections,264.81,285.04,307.52,307.52,329.99,350.22,Surged Maintain Status Quo,Mongolia,MNG,2021-05-03,v8,TRUE
2021-01-31,cumulative_deaths,0.49,0.53,0.58,0.58,0.63,0.67,Surged Maintain Status Quo,Mongolia,MNG,2021-05-03,v8,TRUE
2021-01-31,Rt,1.6,1.65,1.69,1.69,1.74,1.78,Surged Maintain Status Quo,Mongolia,MNG,2021-05-03,v8,TRUE
2021-01-31,Reff,1.6,1.65,1.69,1.69,1.74,1.78,Surged Maintain Status Quo,Mongolia,MNG,2021-05-03,v8,TRUE
2021-01-31,deaths,0.02,0.02,0.02,0.02,0.02,0.02,Surged Relax Interventions 50%,Mongolia,MNG,2021-05-03,v8,TRUE
2021-01-31,hospital_demand,0.67,0.72,0.77,0.77,0.82,0.86,Surged Relax Interventions 50%,Mongolia,MNG,2021-05-03,v8,TRUE
2021-01-31,ICU_demand,0.25,0.27,0.29,0.29,0.31,0.33,Surged Relax Interventions 50%,Mongolia,MNG,2021-05-03,v8,TRUE
2021-01-31,infections,10.76,11.07,11.41,11.41,11.75,12.06,Surged Relax Interventions 50%,Mongolia,MNG,2021-05-03,v8,TRUE
2021-01-31,prevalence,75.77,77.86,80.19,80.19,82.52,84.61,Surged Relax Interventions 50%,Mongolia,MNG,2021-05-03,v8,TRUE
2021-01-31,cumulative_infections,264.81,285.04,307.52,307.52,329.99,350.22,Surged Relax Interventions 50%,Mongolia,MNG,2021-05-03,v8,TRUE
2021-01-31,cumulative_deaths,0.49,0.53,0.58,0.58,0.63,0.67,Surged Relax Interventions 50%,Mongolia,MNG,2021-05-03,v8,TRUE
2021-01-31,Rt,1.6,1.65,1.69,1.69,1.74,1.78,Surged Relax Interventions 50%,Mongolia,MNG,2021-05-03,v8,TRUE
2021-01-31,Reff,1.6,1.65,1.69,1.69,1.74,1.78,Surged Relax Interventions 50%,Mongolia,MNG,2021-05-03,v8,TRUE
2021-02-01,deaths,0.02,0.02,0.02,0.02,0.02,0.02,Additional 50% Reduction,Mongolia,MNG,2021-05-03,v8,TRUE
2021-02-01,hospital_demand,0.71,0.75,0.8,0.8,0.85,0.9,Additional 50% Reduction,Mongolia,MNG,2021-05-03,v8,TRUE
2021-02-01,ICU_demand,0.26,0.28,0.3,0.3,0.32,0.34,Additional 50% Reduction,Mongolia,MNG,2021-05-03,v8,TRUE
2021-02-01,infections,11.88,12.16,12.48,12.48,12.79,13.07,Additional 50% Reduction,Mongolia,MNG,2021-05-03,v8,TRUE
2021-02-01,prevalence,83.28,85.18,87.29,87.29,89.4,91.3,Additional 50% Reduction,Mongolia,MNG,2021-05-03,v8,TRUE
2021-02-01,cumulative_infections,276.69,297.2,319.99,319.99,342.78,363.29,Additional 50% Reduction,Mongolia,MNG,2021-05-03,v8,TRUE
2021-02-01,cumulative_deaths,0.5,0.55,0.6,0.6,0.65,0.69,Additional 50% Reduction,Mongolia,MNG,2021-05-03,v8,TRUE
2021-02-01,Rt,1.56,1.6,1.64,1.64,1.69,1.72,Additional 50% Reduction,Mongolia,MNG,2021-05-03,v8,TRUE
2021-02-01,Reff,1.56,1.6,1.64,1.64,1.69,1.72,Additional 50% Reduction,Mongolia,MNG,2021-05-03,v8,TRUE
2021-02-01,deaths,0.02,0.02,0.02,0.02,0.02,0.02,Maintain Status Quo,Mongolia,MNG,2021-05-03,v8,TRUE
2021-02-01,hospital_demand,0.71,0.75,0.8,0.8,0.85,0.9,Maintain Status Quo,Mongolia,MNG,2021-05-03,v8,TRUE
2021-02-01,ICU_demand,0.26,0.28,0.3,0.3,0.32,0.34,Maintain Status Quo,Mongolia,MNG,2021-05-03,v8,TRUE
2021-02-01,infections,11.88,12.16,12.48,12.48,12.79,13.07,Maintain Status Quo,Mongolia,MNG,2021-05-03,v8,TRUE
2021-02-01,prevalence,83.28,85.18,87.29,87.29,89.4,91.3,Maintain Status Quo,Mongolia,MNG,2021-05-03,v8,TRUE
2021-02-01,cumulative_infections,276.69,297.2,319.99,319.99,342.78,363.29,Maintain Status Quo,Mongolia,MNG,2021-05-03,v8,TRUE
2021-02-01,cumulative_deaths,0.5,0.55,0.6,0.6,0.65,0.69,Maintain Status Quo,Mongolia,MNG,2021-05-03,v8,TRUE
2021-02-01,Rt,1.56,1.6,1.64,1.64,1.69,1.72,Maintain Status Quo,Mongolia,MNG,2021-05-03,v8,TRUE
2021-02-01,Reff,1.56,1.6,1.64,1.64,1.69,1.72,Maintain Status Quo,Mongolia,MNG,2021-05-03,v8,TRUE
2021-02-01,deaths,0.02,0.02,0.02,0.02,0.02,0.02,Relax Interventions 50%,Mongolia,MNG,2021-05-03,v8,TRUE
2021-02-01,hospital_demand,0.71,0.75,0.8,0.8,0.85,0.9,Relax Interventions 50%,Mongolia,MNG,2021-05-03,v8,TRUE
2021-02-01,ICU_demand,0.26,0.28,0.3,0.3,0.32,0.34,Relax Interventions 50%,Mongolia,MNG,2021-05-03,v8,TRUE
2021-02-01,infections,11.88,12.16,12.48,12.48,12.79,13.07,Relax Interventions 50%,Mongolia,MNG,2021-05-03,v8,TRUE
2021-02-01,prevalence,83.28,85.18,87.29,87.29,89.4,91.3,Relax Interventions 50%,Mongolia,MNG,2021-05-03,v8,TRUE
2021-02-01,cumulative_infections,276.69,297.2,319.99,319.99,342.78,363.29,Relax Interventions 50%,Mongolia,MNG,2021-05-03,v8,TRUE
2021-02-01,cumulative_deaths,0.5,0.55,0.6,0.6,0.65,0.69,Relax Interventions 50%,Mongolia,MNG,2021-05-03,v8,TRUE
2021-02-01,Rt,1.56,1.6,1.64,1.64,1.69,1.72,Relax Interventions 50%,Mongolia,MNG,2021-05-03,v8,TRUE
2021-02-01,Reff,1.56,1.6,1.64,1.64,1.69,1.72,Relax Interventions 50%,Mongolia,MNG,2021-05-03,v8,TRUE
2021-02-01,deaths,0.02,0.02,0.02,0.02,0.02,0.02,Surged Additional 50% Reduction,Mongolia,MNG,2021-05-03,v8,TRUE
2021-02-01,hospital_demand,0.71,0.75,0.8,0.8,0.85,0.9,Surged Additional 50% Reduction,Mongolia,MNG,2021-05-03,v8,TRUE
2021-02-01,ICU_demand,0.26,0.28,0.3,0.3,0.32,0.34,Surged Additional 50% Reduction,Mongolia,MNG,2021-05-03,v8,TRUE
2021-02-01,infections,11.88,12.16,12.48,12.48,12.79,13.07,Surged Additional 50% Reduction,Mongolia,MNG,2021-05-03,v8,TRUE
2021-02-01,prevalence,83.28,85.18,87.29,87.29,89.4,91.3,Surged Additional 50% Reduction,Mongolia,MNG,2021-05-03,v8,TRUE
2021-02-01,cumulative_infections,276.69,297.2,319.99,319.99,342.78,363.29,Surged Additional 50% Reduction,Mongolia,MNG,2021-05-03,v8,TRUE
2021-02-01,cumulative_deaths,0.5,0.55,0.6,0.6,0.65,0.69,Surged Additional 50% Reduction,Mongolia,MNG,2021-05-03,v8,TRUE
2021-02-01,Rt,1.56,1.6,1.64,1.64,1.69,1.72,Surged Additional 50% Reduction,Mongolia,MNG,2021-05-03,v8,TRUE
2021-02-01,Reff,1.56,1.6,1.64,1.64,1.69,1.72,Surged Additional 50% Reduction,Mongolia,MNG,2021-05-03,v8,TRUE
2021-02-01,deaths,0.02,0.02,0.02,0.02,0.02,0.02,Surged Maintain Status Quo,Mongolia,MNG,2021-05-03,v8,TRUE
2021-02-01,hospital_demand,0.71,0.75,0.8,0.8,0.85,0.9,Surged Maintain Status Quo,Mongolia,MNG,2021-05-03,v8,TRUE
2021-02-01,ICU_demand,0.26,0.28,0.3,0.3,0.32,0.34,Surged Maintain Status Quo,Mongolia,MNG,2021-05-03,v8,TRUE
2021-02-01,infections,11.88,12.16,12.48,12.48,12.79,13.07,Surged Maintain Status Quo,Mongolia,MNG,2021-05-03,v8,TRUE
2021-02-01,prevalence,83.28,85.18,87.29,87.29,89.4,91.3,Surged Maintain Status Quo,Mongolia,MNG,2021-05-03,v8,TRUE
2021-02-01,cumulative_infections,276.69,297.2,319.99,319.99,342.78,363.29,Surged Maintain Status Quo,Mongolia,MNG,2021-05-03,v8,TRUE
2021-02-01,cumulative_deaths,0.5,0.55,0.6,0.6,0.65,0.69,Surged Maintain Status Quo,Mongolia,MNG,2021-05-03,v8,TRUE
2021-02-01,Rt,1.56,1.6,1.64,1.64,1.69,1.72,Surged Maintain Status Quo,Mongolia,MNG,2021-05-03,v8,TRUE
2021-02-01,Reff,1.56,1.6,1.64,1.64,1.69,1.72,Surged Maintain Status Quo,Mongolia,MNG,2021-05-03,v8,TRUE
2021-02-01,deaths,0.02,0.02,0.02,0.02,0.02,0.02,Surged Relax Interventions 50%,Mongolia,MNG,2021-05-03,v8,TRUE
2021-02-01,hospital_demand,0.71,0.75,0.8,0.8,0.85,0.9,Surged Relax Interventions 50%,Mongolia,MNG,2021-05-03,v8,TRUE
2021-02-01,ICU_demand,0.26,0.28,0.3,0.3,0.32,0.34,Surged Relax Interventions 50%,Mongolia,MNG,2021-05-03,v8,TRUE
2021-02-01,infections,11.88,12.16,12.48,12.48,12.79,13.07,Surged Relax Interventions 50%,Mongolia,MNG,2021-05-03,v8,TRUE
2021-02-01,prevalence,83.28,85.18,87.29,87.29,89.4,91.3,Surged Relax Interventions 50%,Mongolia,MNG,2021-05-03,v8,TRUE
2021-02-01,cumulative_infections,276.69,297.2,319.99,319.99,342.78,363.29,Surged Relax Interventions 50%,Mongolia,MNG,2021-05-03,v8,TRUE
2021-02-01,cumulative_deaths,0.5,0.55,0.6,0.6,0.65,0.69,Surged Relax Interventions 50%,Mongolia,MNG,2021-05-03,v8,TRUE
2021-02-01,Rt,1.56,1.6,1.64,1.64,1.69,1.72,Surged Relax Interventions 50%,Mongolia,MNG,2021-05-03,v8,TRUE
2021-02-01,Reff,1.56,1.6,1.64,1.64,1.69,1.72,Surged Relax Interventions 50%,Mongolia,MNG,2021-05-03,v8,TRUE
2021-02-02,deaths,0.02,0.02,0.02,0.02,0.02,0.02,Additional 50% Reduction,Mongolia,MNG,2021-05-03,v8,TRUE
2021-02-02,hospital_demand,0.74,0.79,0.84,0.84,0.89,0.93,Additional 50% Reduction,Mongolia,MNG,2021-05-03,v8,TRUE
2021-02-02,ICU_demand,0.28,0.29,0.31,0.31,0.33,0.35,Additional 50% Reduction,Mongolia,MNG,2021-05-03,v8,TRUE
2021-02-02,infections,13.07,13.32,13.59,13.59,13.87,14.12,Additional 50% Reduction,Mongolia,MNG,2021-05-03,v8,TRUE
2021-02-02,prevalence,90.91,92.58,94.43,94.43,96.28,97.95,Additional 50% Reduction,Mongolia,MNG,2021-05-03,v8,TRUE
2021-02-02,cumulative_infections,289.76,310.52,333.59,333.59,356.65,377.41,Additional 50% Reduction,Mongolia,MNG,2021-05-03,v8,TRUE
2021-02-02,cumulative_deaths,0.52,0.57,0.62,0.62,0.67,0.71,Additional 50% Reduction,Mongolia,MNG,2021-05-03,v8,TRUE
2021-02-02,Rt,1.58,1.59,1.6,1.6,1.62,1.63,Additional 50% Reduction,Mongolia,MNG,2021-05-03,v8,TRUE
2021-02-02,Reff,1.58,1.59,1.6,1.6,1.62,1.63,Additional 50% Reduction,Mongolia,MNG,2021-05-03,v8,TRUE
2021-02-02,deaths,0.02,0.02,0.02,0.02,0.02,0.02,Maintain Status Quo,Mongolia,MNG,2021-05-03,v8,TRUE
2021-02-02,hospital_demand,0.74,0.79,0.84,0.84,0.89,0.93,Maintain Status Quo,Mongolia,MNG,2021-05-03,v8,TRUE
2021-02-02,ICU_demand,0.28,0.29,0.31,0.31,0.33,0.35,Maintain Status Quo,Mongolia,MNG,2021-05-03,v8,TRUE
2021-02-02,infections,13.07,13.32,13.59,13.59,13.87,14.12,Maintain Status Quo,Mongolia,MNG,2021-05-03,v8,TRUE
2021-02-02,prevalence,90.91,92.58,94.43,94.43,96.28,97.95,Maintain Status Quo,Mongolia,MNG,2021-05-03,v8,TRUE
2021-02-02,cumulative_infections,289.76,310.52,333.59,333.59,356.65,377.41,Maintain Status Quo,Mongolia,MNG,2021-05-03,v8,TRUE
2021-02-02,cumulative_deaths,0.52,0.57,0.62,0.62,0.67,0.71,Maintain Status Quo,Mongolia,MNG,2021-05-03,v8,TRUE
2021-02-02,Rt,1.58,1.59,1.6,1.6,1.62,1.63,Maintain Status Quo,Mongolia,MNG,2021-05-03,v8,TRUE
2021-02-02,Reff,1.58,1.59,1.6,1.6,1.62,1.63,Maintain Status Quo,Mongolia,MNG,2021-05-03,v8,TRUE
2021-02-02,deaths,0.02,0.02,0.02,0.02,0.02,0.02,Relax Interventions 50%,Mongolia,MNG,2021-05-03,v8,TRUE
2021-02-02,hospital_demand,0.74,0.79,0.84,0.84,0.89,0.93,Relax Interventions 50%,Mongolia,MNG,2021-05-03,v8,TRUE
2021-02-02,ICU_demand,0.28,0.29,0.31,0.31,0.33,0.35,Relax Interventions 50%,Mongolia,MNG,2021-05-03,v8,TRUE
2021-02-02,infections,13.07,13.32,13.59,13.59,13.87,14.12,Relax Interventions 50%,Mongolia,MNG,2021-05-03,v8,TRUE
2021-02-02,prevalence,90.91,92.58,94.43,94.43,96.28,97.95,Relax Interventions 50%,Mongolia,MNG,2021-05-03,v8,TRUE
2021-02-02,cumulative_infections,289.76,310.52,333.59,333.59,356.65,377.41,Relax Interventions 50%,Mongolia,MNG,2021-05-03,v8,TRUE
2021-02-02,cumulative_deaths,0.52,0.57,0.62,0.62,0.67,0.71,Relax Interventions 50%,Mongolia,MNG,2021-05-03,v8,TRUE
2021-02-02,Rt,1.58,1.59,1.6,1.6,1.62,1.63,Relax Interventions 50%,Mongolia,MNG,2021-05-03,v8,TRUE
2021-02-02,Reff,1.58,1.59,1.6,1.6,1.62,1.63,Relax Interventions 50%,Mongolia,MNG,2021-05-03,v8,TRUE
2021-02-02,deaths,0.02,0.02,0.02,0.02,0.02,0.02,Surged Additional 50% Reduction,Mongolia,MNG,2021-05-03,v8,TRUE
2021-02-02,hospital_demand,0.74,0.79,0.84,0.84,0.89,0.93,Surged Additional 50% Reduction,Mongolia,MNG,2021-05-03,v8,TRUE
2021-02-02,ICU_demand,0.28,0.29,0.31,0.31,0.33,0.35,Surged Additional 50% Reduction,Mongolia,MNG,2021-05-03,v8,TRUE
2021-02-02,infections,13.07,13.32,13.59,13.59,13.87,14.12,Surged Additional 50% Reduction,Mongolia,MNG,2021-05-03,v8,TRUE
2021-02-02,prevalence,90.91,92.58,94.43,94.43,96.28,97.95,Surged Additional 50% Reduction,Mongolia,MNG,2021-05-03,v8,TRUE
2021-02-02,cumulative_infections,289.76,310.52,333.59,333.59,356.65,377.41,Surged Additional 50% Reduction,Mongolia,MNG,2021-05-03,v8,TRUE
2021-02-02,cumulative_deaths,0.52,0.57,0.62,0.62,0.67,0.71,Surged Additional 50% Reduction,Mongolia,MNG,2021-05-03,v8,TRUE
2021-02-02,Rt,1.58,1.59,1.6,1.6,1.62,1.63,Surged Additional 50% Reduction,Mongolia,MNG,2021-05-03,v8,TRUE
2021-02-02,Reff,1.58,1.59,1.6,1.6,1.62,1.63,Surged Additional 50% Reduction,Mongolia,MNG,2021-05-03,v8,TRUE
2021-02-02,deaths,0.02,0.02,0.02,0.02,0.02,0.02,Surged Maintain Status Quo,Mongolia,MNG,2021-05-03,v8,TRUE
2021-02-02,hospital_demand,0.74,0.79,0.84,0.84,0.89,0.93,Surged Maintain Status Quo,Mongolia,MNG,2021-05-03,v8,TRUE
2021-02-02,ICU_demand,0.28,0.29,0.31,0.31,0.33,0.35,Surged Maintain Status Quo,Mongolia,MNG,2021-05-03,v8,TRUE
2021-02-02,infections,13.07,13.32,13.59,13.59,13.87,14.12,Surged Maintain Status Quo,Mongolia,MNG,2021-05-03,v8,TRUE
2021-02-02,prevalence,90.91,92.58,94.43,94.43,96.28,97.95,Surged Maintain Status Quo,Mongolia,MNG,2021-05-03,v8,TRUE
2021-02-02,cumulative_infections,289.76,310.52,333.59,333.59,356.65,377.41,Surged Maintain Status Quo,Mongolia,MNG,2021-05-03,v8,TRUE
2021-02-02,cumulative_deaths,0.52,0.57,0.62,0.62,0.67,0.71,Surged Maintain Status Quo,Mongolia,MNG,2021-05-03,v8,TRUE
2021-02-02,Rt,1.58,1.59,1.6,1.6,1.62,1.63,Surged Maintain Status Quo,Mongolia,MNG,2021-05-03,v8,TRUE
2021-02-02,Reff,1.58,1.59,1.6,1.6,1.62,1.63,Surged Maintain Status Quo,Mongolia,MNG,2021-05-03,v8,TRUE
2021-02-02,deaths,0.02,0.02,0.02,0.02,0.02,0.02,Surged Relax Interventions 50%,Mongolia,MNG,2021-05-03,v8,TRUE
2021-02-02,hospital_demand,0.74,0.79,0.84,0.84,0.89,0.93,Surged Relax Interventions 50%,Mongolia,MNG,2021-05-03,v8,TRUE
2021-02-02,ICU_demand,0.28,0.29,0.31,0.31,0.33,0.35,Surged Relax Interventions 50%,Mongolia,MNG,2021-05-03,v8,TRUE
2021-02-02,infections,13.07,13.32,13.59,13.59,13.87,14.12,Surged Relax Interventions 50%,Mongolia,MNG,2021-05-03,v8,TRUE
2021-02-02,prevalence,90.91,92.58,94.43,94.43,96.28,97.95,Surged Relax Interventions 50%,Mongolia,MNG,2021-05-03,v8,TRUE
2021-02-02,cumulative_infections,289.76,310.52,333.59,333.59,356.65,377.41,Surged Relax Interventions 50%,Mongolia,MNG,2021-05-03,v8,TRUE
2021-02-02,cumulative_deaths,0.52,0.57,0.62,0.62,0.67,0.71,Surged Relax Interventions 50%,Mongolia,MNG,2021-05-03,v8,TRUE
2021-02-02,Rt,1.58,1.59,1.6,1.6,1.62,1.63,Surged Relax Interventions 50%,Mongolia,MNG,2021-05-03,v8,TRUE
2021-02-02,Reff,1.58,1.59,1.6,1.6,1.62,1.63,Surged Relax Interventions 50%,Mongolia,MNG,2021-05-03,v8,TRUE
2021-02-03,deaths,0.02,0.02,0.02,0.02,0.02,0.02,Additional 50% Reduction,Mongolia,MNG,2021-05-03,v8,TRUE
2021-02-03,hospital_demand,0.79,0.83,0.88,0.88,0.93,0.97,Additional 50% Reduction,Mongolia,MNG,2021-05-03,v8,TRUE
2021-02-03,ICU_demand,0.29,0.31,0.33,0.33,0.35,0.36,Additional 50% Reduction,Mongolia,MNG,2021-05-03,v8,TRUE
2021-02-03,infections,14.23,14.46,14.71,14.71,14.97,15.2,Additional 50% Reduction,Mongolia,MNG,2021-05-03,v8,TRUE
2021-02-03,prevalence,98.19,99.87,101.75,101.75,103.62,105.3,Additional 50% Reduction,Mongolia,MNG,2021-05-03,v8,TRUE
2021-02-03,cumulative_infections,303.99,324.98,348.3,348.3,371.62,392.61,Additional 50% Reduction,Mongolia,MNG,2021-05-03,v8,TRUE
2021-02-03,cumulative_deaths,0.54,0.58,0.64,0.64,0.69,0.74,Additional 50% Reduction,Mongolia,MNG,2021-05-03,v8,TRUE
2021-02-03,Rt,1.56,1.57,1.58,1.58,1.59,1.61,Additional 50% Reduction,Mongolia,MNG,2021-05-03,v8,TRUE
2021-02-03,Reff,1.56,1.57,1.58,1.58,1.59,1.61,Additional 50% Reduction,Mongolia,MNG,2021-05-03,v8,TRUE
2021-02-03,deaths,0.02,0.02,0.02,0.02,0.02,0.02,Maintain Status Quo,Mongolia,MNG,2021-05-03,v8,TRUE
2021-02-03,hospital_demand,0.79,0.83,0.88,0.88,0.93,0.97,Maintain Status Quo,Mongolia,MNG,2021-05-03,v8,TRUE
2021-02-03,ICU_demand,0.29,0.31,0.33,0.33,0.35,0.36,Maintain Status Quo,Mongolia,MNG,2021-05-03,v8,TRUE
2021-02-03,infections,14.23,14.46,14.71,14.71,14.97,15.2,Maintain Status Quo,Mongolia,MNG,2021-05-03,v8,TRUE
2021-02-03,prevalence,98.19,99.87,101.75,101.75,103.62,105.3,Maintain Status Quo,Mongolia,MNG,2021-05-03,v8,TRUE
2021-02-03,cumulative_infections,303.99,324.98,348.3,348.3,371.62,392.61,Maintain Status Quo,Mongolia,MNG,2021-05-03,v8,TRUE
2021-02-03,cumulative_deaths,0.54,0.58,0.64,0.64,0.69,0.74,Maintain Status Quo,Mongolia,MNG,2021-05-03,v8,TRUE
2021-02-03,Rt,1.56,1.57,1.58,1.58,1.59,1.61,Maintain Status Quo,Mongolia,MNG,2021-05-03,v8,TRUE
2021-02-03,Reff,1.56,1.57,1.58,1.58,1.59,1.61,Maintain Status Quo,Mongolia,MNG,2021-05-03,v8,TRUE
2021-02-03,deaths,0.02,0.02,0.02,0.02,0.02,0.02,Relax Interventions 50%,Mongolia,MNG,2021-05-03,v8,TRUE
2021-02-03,hospital_demand,0.79,0.83,0.88,0.88,0.93,0.97,Relax Interventions 50%,Mongolia,MNG,2021-05-03,v8,TRUE
2021-02-03,ICU_demand,0.29,0.31,0.33,0.33,0.35,0.36,Relax Interventions 50%,Mongolia,MNG,2021-05-03,v8,TRUE
2021-02-03,infections,14.23,14.46,14.71,14.71,14.97,15.2,Relax Interventions 50%,Mongolia,MNG,2021-05-03,v8,TRUE
2021-02-03,prevalence,98.19,99.87,101.75,101.75,103.62,105.3,Relax Interventions 50%,Mongolia,MNG,2021-05-03,v8,TRUE
2021-02-03,cumulative_infections,303.99,324.98,348.3,348.3,371.62,392.61,Relax Interventions 50%,Mongolia,MNG,2021-05-03,v8,TRUE
2021-02-03,cumulative_deaths,0.54,0.58,0.64,0.64,0.69,0.74,Relax Interventions 50%,Mongolia,MNG,2021-05-03,v8,TRUE
2021-02-03,Rt,1.56,1.57,1.58,1.58,1.59,1.61,Relax Interventions 50%,Mongolia,MNG,2021-05-03,v8,TRUE
2021-02-03,Reff,1.56,1.57,1.58,1.58,1.59,1.61,Relax Interventions 50%,Mongolia,MNG,2021-05-03,v8,TRUE
2021-02-03,deaths,0.02,0.02,0.02,0.02,0.02,0.02,Surged Additional 50% Reduction,Mongolia,MNG,2021-05-03,v8,TRUE
2021-02-03,hospital_demand,0.79,0.83,0.88,0.88,0.93,0.97,Surged Additional 50% Reduction,Mongolia,MNG,2021-05-03,v8,TRUE
2021-02-03,ICU_demand,0.29,0.31,0.33,0.33,0.35,0.36,Surged Additional 50% Reduction,Mongolia,MNG,2021-05-03,v8,TRUE
2021-02-03,infections,14.23,14.46,14.71,14.71,14.97,15.2,Surged Additional 50% Reduction,Mongolia,MNG,2021-05-03,v8,TRUE
2021-02-03,prevalence,98.19,99.87,101.75,101.75,103.62,105.3,Surged Additional 50% Reduction,Mongolia,MNG,2021-05-03,v8,TRUE
2021-02-03,cumulative_infections,303.99,324.98,348.3,348.3,371.62,392.61,Surged Additional 50% Reduction,Mongolia,MNG,2021-05-03,v8,TRUE
2021-02-03,cumulative_deaths,0.54,0.58,0.64,0.64,0.69,0.74,Surged Additional 50% Reduction,Mongolia,MNG,2021-05-03,v8,TRUE
2021-02-03,Rt,1.56,1.57,1.58,1.58,1.59,1.61,Surged Additional 50% Reduction,Mongolia,MNG,2021-05-03,v8,TRUE
2021-02-03,Reff,1.56,1.57,1.58,1.58,1.59,1.61,Surged Additional 50% Reduction,Mongolia,MNG,2021-05-03,v8,TRUE
2021-02-03,deaths,0.02,0.02,0.02,0.02,0.02,0.02,Surged Maintain Status Quo,Mongolia,MNG,2021-05-03,v8,TRUE
2021-02-03,hospital_demand,0.79,0.83,0.88,0.88,0.93,0.97,Surged Maintain Status Quo,Mongolia,MNG,2021-05-03,v8,TRUE
2021-02-03,ICU_demand,0.29,0.31,0.33,0.33,0.35,0.36,Surged Maintain Status Quo,Mongolia,MNG,2021-05-03,v8,TRUE
2021-02-03,infections,14.23,14.46,14.71,14.71,14.97,15.2,Surged Maintain Status Quo,Mongolia,MNG,2021-05-03,v8,TRUE
2021-02-03,prevalence,98.19,99.87,101.75,101.75,103.62,105.3,Surged Maintain Status Quo,Mongolia,MNG,2021-05-03,v8,TRUE
2021-02-03,cumulative_infections,303.99,324.98,348.3,348.3,371.62,392.61,Surged Maintain Status Quo,Mongolia,MNG,2021-05-03,v8,TRUE
2021-02-03,cumulative_deaths,0.54,0.58,0.64,0.64,0.69,0.74,Surged Maintain Status Quo,Mongolia,MNG,2021-05-03,v8,TRUE
2021-02-03,Rt,1.56,1.57,1.58,1.58,1.59,1.61,Surged Maintain Status Quo,Mongolia,MNG,2021-05-03,v8,TRUE
2021-02-03,Reff,1.56,1.57,1.58,1.58,1.59,1.61,Surged Maintain Status Quo,Mongolia,MNG,2021-05-03,v8,TRUE
2021-02-03,deaths,0.02,0.02,0.02,0.02,0.02,0.02,Surged Relax Interventions 50%,Mongolia,MNG,2021-05-03,v8,TRUE
2021-02-03,hospital_demand,0.79,0.83,0.88,0.88,0.93,0.97,Surged Relax Interventions 50%,Mongolia,MNG,2021-05-03,v8,TRUE
2021-02-03,ICU_demand,0.29,0.31,0.33,0.33,0.35,0.36,Surged Relax Interventions 50%,Mongolia,MNG,2021-05-03,v8,TRUE
2021-02-03,infections,14.23,14.46,14.71,14.71,14.97,15.2,Surged Relax Interventions 50%,Mongolia,MNG,2021-05-03,v8,TRUE
2021-02-03,prevalence,98.19,99.87,101.75,101.75,103.62,105.3,Surged Relax Interventions 50%,Mongolia,MNG,2021-05-03,v8,TRUE
2021-02-03,cumulative_infections,303.99,324.98,348.3,348.3,371.62,392.61,Surged Relax Interventions 50%,Mongolia,MNG,2021-05-03,v8,TRUE
2021-02-03,cumulative_deaths,0.54,0.58,0.64,0.64,0.69,0.74,Surged Relax Interventions 50%,Mongolia,MNG,2021-05-03,v8,TRUE
2021-02-03,Rt,1.56,1.57,1.58,1.58,1.59,1.61,Surged Relax Interventions 50%,Mongolia,MNG,2021-05-03,v8,TRUE
2021-02-03,Reff,1.56,1.57,1.58,1.58,1.59,1.61,Surged Relax Interventions 50%,Mongolia,MNG,2021-05-03,v8,TRUE
2021-02-04,deaths,0.02,0.02,0.02,0.02,0.02,0.02,Additional 50% Reduction,Mongolia,MNG,2021-05-03,v8,TRUE
2021-02-04,hospital_demand,0.84,0.88,0.93,0.93,0.98,1.02,Additional 50% Reduction,Mongolia,MNG,2021-05-03,v8,TRUE
2021-02-04,ICU_demand,0.31,0.32,0.34,0.34,0.36,0.38,Additional 50% Reduction,Mongolia,MNG,2021-05-03,v8,TRUE
2021-02-04,infections,15.37,15.6,15.85,15.85,16.11,16.34,Additional 50% Reduction,Mongolia,MNG,2021-05-03,v8,TRUE
2021-02-04,prevalence,105.84,107.52,109.38,109.38,111.24,112.91,Additional 50% Reduction,Mongolia,MNG,2021-05-03,v8,TRUE
2021-02-04,cumulative_infections,319.36,340.58,364.15,364.15,387.73,408.95,Additional 50% Reduction,Mongolia,MNG,2021-05-03,v8,TRUE
2021-02-04,cumulative_deaths,0.56,0.6,0.66,0.66,0.71,0.76,Additional 50% Reduction,Mongolia,MNG,2021-05-03,v8,TRUE
2021-02-04,Rt,1.46,1.47,1.48,1.48,1.49,1.5,Additional 50% Reduction,Mongolia,MNG,2021-05-03,v8,TRUE
2021-02-04,Reff,1.46,1.47,1.48,1.48,1.49,1.5,Additional 50% Reduction,Mongolia,MNG,2021-05-03,v8,TRUE
2021-02-04,deaths,0.02,0.02,0.02,0.02,0.02,0.02,Maintain Status Quo,Mongolia,MNG,2021-05-03,v8,TRUE
2021-02-04,hospital_demand,0.84,0.88,0.93,0.93,0.98,1.02,Maintain Status Quo,Mongolia,MNG,2021-05-03,v8,TRUE
2021-02-04,ICU_demand,0.31,0.32,0.34,0.34,0.36,0.38,Maintain Status Quo,Mongolia,MNG,2021-05-03,v8,TRUE
2021-02-04,infections,15.37,15.6,15.85,15.85,16.11,16.34,Maintain Status Quo,Mongolia,MNG,2021-05-03,v8,TRUE
2021-02-04,prevalence,105.84,107.52,109.38,109.38,111.24,112.91,Maintain Status Quo,Mongolia,MNG,2021-05-03,v8,TRUE
2021-02-04,cumulative_infections,319.36,340.58,364.15,364.15,387.73,408.95,Maintain Status Quo,Mongolia,MNG,2021-05-03,v8,TRUE
2021-02-04,cumulative_deaths,0.56,0.6,0.66,0.66,0.71,0.76,Maintain Status Quo,Mongolia,MNG,2021-05-03,v8,TRUE
2021-02-04,Rt,1.46,1.47,1.48,1.48,1.49,1.5,Maintain Status Quo,Mongolia,MNG,2021-05-03,v8,TRUE
2021-02-04,Reff,1.46,1.47,1.48,1.48,1.49,1.5,Maintain Status Quo,Mongolia,MNG,2021-05-03,v8,TRUE
2021-02-04,deaths,0.02,0.02,0.02,0.02,0.02,0.02,Relax Interventions 50%,Mongolia,MNG,2021-05-03,v8,TRUE
2021-02-04,hospital_demand,0.84,0.88,0.93,0.93,0.98,1.02,Relax Interventions 50%,Mongolia,MNG,2021-05-03,v8,TRUE
2021-02-04,ICU_demand,0.31,0.32,0.34,0.34,0.36,0.38,Relax Interventions 50%,Mongolia,MNG,2021-05-03,v8,TRUE
2021-02-04,infections,15.37,15.6,15.85,15.85,16.11,16.34,Relax Interventions 50%,Mongolia,MNG,2021-05-03,v8,TRUE
2021-02-04,prevalence,105.84,107.52,109.38,109.38,111.24,112.91,Relax Interventions 50%,Mongolia,MNG,2021-05-03,v8,TRUE
2021-02-04,cumulative_infections,319.36,340.58,364.15,364.15,387.73,408.95,Relax Interventions 50%,Mongolia,MNG,2021-05-03,v8,TRUE
2021-02-04,cumulative_deaths,0.56,0.6,0.66,0.66,0.71,0.76,Relax Interventions 50%,Mongolia,MNG,2021-05-03,v8,TRUE
2021-02-04,Rt,1.46,1.47,1.48,1.48,1.49,1.5,Relax Interventions 50%,Mongolia,MNG,2021-05-03,v8,TRUE
2021-02-04,Reff,1.46,1.47,1.48,1.48,1.49,1.5,Relax Interventions 50%,Mongolia,MNG,2021-05-03,v8,TRUE
2021-02-04,deaths,0.02,0.02,0.02,0.02,0.02,0.02,Surged Additional 50% Reduction,Mongolia,MNG,2021-05-03,v8,TRUE
2021-02-04,hospital_demand,0.84,0.88,0.93,0.93,0.98,1.02,Surged Additional 50% Reduction,Mongolia,MNG,2021-05-03,v8,TRUE
2021-02-04,ICU_demand,0.31,0.32,0.34,0.34,0.36,0.38,Surged Additional 50% Reduction,Mongolia,MNG,2021-05-03,v8,TRUE
2021-02-04,infections,15.37,15.6,15.85,15.85,16.11,16.34,Surged Additional 50% Reduction,Mongolia,MNG,2021-05-03,v8,TRUE
2021-02-04,prevalence,105.84,107.52,109.38,109.38,111.24,112.91,Surged Additional 50% Reduction,Mongolia,MNG,2021-05-03,v8,TRUE
2021-02-04,cumulative_infections,319.36,340.58,364.15,364.15,387.73,408.95,Surged Additional 50% Reduction,Mongolia,MNG,2021-05-03,v8,TRUE
2021-02-04,cumulative_deaths,0.56,0.6,0.66,0.66,0.71,0.76,Surged Additional 50% Reduction,Mongolia,MNG,2021-05-03,v8,TRUE
2021-02-04,Rt,1.46,1.47,1.48,1.48,1.49,1.5,Surged Additional 50% Reduction,Mongolia,MNG,2021-05-03,v8,TRUE
2021-02-04,Reff,1.46,1.47,1.48,1.48,1.49,1.5,Surged Additional 50% Reduction,Mongolia,MNG,2021-05-03,v8,TRUE
2021-02-04,deaths,0.02,0.02,0.02,0.02,0.02,0.02,Surged Maintain Status Quo,Mongolia,MNG,2021-05-03,v8,TRUE
2021-02-04,hospital_demand,0.84,0.88,0.93,0.93,0.98,1.02,Surged Maintain Status Quo,Mongolia,MNG,2021-05-03,v8,TRUE
2021-02-04,ICU_demand,0.31,0.32,0.34,0.34,0.36,0.38,Surged Maintain Status Quo,Mongolia,MNG,2021-05-03,v8,TRUE
2021-02-04,infections,15.37,15.6,15.85,15.85,16.11,16.34,Surged Maintain Status Quo,Mongolia,MNG,2021-05-03,v8,TRUE
2021-02-04,prevalence,105.84,107.52,109.38,109.38,111.24,112.91,Surged Maintain Status Quo,Mongolia,MNG,2021-05-03,v8,TRUE
2021-02-04,cumulative_infections,319.36,340.58,364.15,364.15,387.73,408.95,Surged Maintain Status Quo,Mongolia,MNG,2021-05-03,v8,TRUE
2021-02-04,cumulative_deaths,0.56,0.6,0.66,0.66,0.71,0.76,Surged Maintain Status Quo,Mongolia,MNG,2021-05-03,v8,TRUE
2021-02-04,Rt,1.46,1.47,1.48,1.48,1.49,1.5,Surged Maintain Status Quo,Mongolia,MNG,2021-05-03,v8,TRUE
2021-02-04,Reff,1.46,1.47,1.48,1.48,1.49,1.5,Surged Maintain Status Quo,Mongolia,MNG,2021-05-03,v8,TRUE
2021-02-04,deaths,0.02,0.02,0.02,0.02,0.02,0.02,Surged Relax Interventions 50%,Mongolia,MNG,2021-05-03,v8,TRUE
2021-02-04,hospital_demand,0.84,0.88,0.93,0.93,0.98,1.02,Surged Relax Interventions 50%,Mongolia,MNG,2021-05-03,v8,TRUE
2021-02-04,ICU_demand,0.31,0.32,0.34,0.34,0.36,0.38,Surged Relax Interventions 50%,Mongolia,MNG,2021-05-03,v8,TRUE
2021-02-04,infections,15.37,15.6,15.85,15.85,16.11,16.34,Surged Relax Interventions 50%,Mongolia,MNG,2021-05-03,v8,TRUE
2021-02-04,prevalence,105.84,107.52,109.38,109.38,111.24,112.91,Surged Relax Interventions 50%,Mongolia,MNG,2021-05-03,v8,TRUE
2021-02-04,cumulative_infections,319.36,340.58,364.15,364.15,387.73,408.95,Surged Relax Interventions 50%,Mongolia,MNG,2021-05-03,v8,TRUE
2021-02-04,cumulative_deaths,0.56,0.6,0.66,0.66,0.71,0.76,Surged Relax Interventions 50%,Mongolia,MNG,2021-05-03,v8,TRUE
2021-02-04,Rt,1.46,1.47,1.48,1.48,1.49,1.5,Surged Relax Interventions 50%,Mongolia,MNG,2021-05-03,v8,TRUE
2021-02-04,Reff,1.46,1.47,1.48,1.48,1.49,1.5,Surged Relax Interventions 50%,Mongolia,MNG,2021-05-03,v8,TRUE
2021-02-05,deaths,0.02,0.02,0.02,0.02,0.02,0.02,Additional 50% Reduction,Mongolia,MNG,2021-05-03,v8,TRUE
2021-02-05,hospital_demand,0.9,0.94,0.98,0.98,1.03,1.07,Additional 50% Reduction,Mongolia,MNG,2021-05-03,v8,TRUE
2021-02-05,ICU_demand,0.33,0.34,0.36,0.36,0.38,0.4,Additional 50% Reduction,Mongolia,MNG,2021-05-03,v8,TRUE
2021-02-05,infections,16.45,16.68,16.94,16.94,17.2,17.43,Additional 50% Reduction,Mongolia,MNG,2021-05-03,v8,TRUE
2021-02-05,prevalence,112.63,114.29,116.14,116.14,117.99,119.66,Additional 50% Reduction,Mongolia,MNG,2021-05-03,v8,TRUE
2021-02-05,cumulative_infections,335.81,357.26,381.1,381.1,404.93,426.38,Additional 50% Reduction,Mongolia,MNG,2021-05-03,v8,TRUE
2021-02-05,cumulative_deaths,0.58,0.62,0.68,0.68,0.73,0.78,Additional 50% Reduction,Mongolia,MNG,2021-05-03,v8,TRUE
2021-02-05,Rt,1.44,1.44,1.45,1.45,1.46,1.47,Additional 50% Reduction,Mongolia,MNG,2021-05-03,v8,TRUE
2021-02-05,Reff,1.44,1.44,1.45,1.45,1.46,1.47,Additional 50% Reduction,Mongolia,MNG,2021-05-03,v8,TRUE
2021-02-05,deaths,0.02,0.02,0.02,0.02,0.02,0.02,Maintain Status Quo,Mongolia,MNG,2021-05-03,v8,TRUE
2021-02-05,hospital_demand,0.9,0.94,0.98,0.98,1.03,1.07,Maintain Status Quo,Mongolia,MNG,2021-05-03,v8,TRUE
2021-02-05,ICU_demand,0.33,0.34,0.36,0.36,0.38,0.4,Maintain Status Quo,Mongolia,MNG,2021-05-03,v8,TRUE
2021-02-05,infections,16.45,16.68,16.94,16.94,17.2,17.43,Maintain Status Quo,Mongolia,MNG,2021-05-03,v8,TRUE
2021-02-05,prevalence,112.63,114.29,116.14,116.14,117.99,119.66,Maintain Status Quo,Mongolia,MNG,2021-05-03,v8,TRUE
2021-02-05,cumulative_infections,335.81,357.26,381.1,381.1,404.93,426.38,Maintain Status Quo,Mongolia,MNG,2021-05-03,v8,TRUE
2021-02-05,cumulative_deaths,0.58,0.62,0.68,0.68,0.73,0.78,Maintain Status Quo,Mongolia,MNG,2021-05-03,v8,TRUE
2021-02-05,Rt,1.44,1.44,1.45,1.45,1.46,1.47,Maintain Status Quo,Mongolia,MNG,2021-05-03,v8,TRUE
2021-02-05,Reff,1.44,1.44,1.45,1.45,1.46,1.47,Maintain Status Quo,Mongolia,MNG,2021-05-03,v8,TRUE
2021-02-05,deaths,0.02,0.02,0.02,0.02,0.02,0.02,Relax Interventions 50%,Mongolia,MNG,2021-05-03,v8,TRUE
2021-02-05,hospital_demand,0.9,0.94,0.98,0.98,1.03,1.07,Relax Interventions 50%,Mongolia,MNG,2021-05-03,v8,TRUE
2021-02-05,ICU_demand,0.33,0.34,0.36,0.36,0.38,0.4,Relax Interventions 50%,Mongolia,MNG,2021-05-03,v8,TRUE
2021-02-05,infections,16.45,16.68,16.94,16.94,17.2,17.43,Relax Interventions 50%,Mongolia,MNG,2021-05-03,v8,TRUE
2021-02-05,prevalence,112.63,114.29,116.14,116.14,117.99,119.66,Relax Interventions 50%,Mongolia,MNG,2021-05-03,v8,TRUE
2021-02-05,cumulative_infections,335.81,357.26,381.1,381.1,404.93,426.38,Relax Interventions 50%,Mongolia,MNG,2021-05-03,v8,TRUE
2021-02-05,cumulative_deaths,0.58,0.62,0.68,0.68,0.73,0.78,Relax Interventions 50%,Mongolia,MNG,2021-05-03,v8,TRUE
2021-02-05,Rt,1.44,1.44,1.45,1.45,1.46,1.47,Relax Interventions 50%,Mongolia,MNG,2021-05-03,v8,TRUE
2021-02-05,Reff,1.44,1.44,1.45,1.45,1.46,1.47,Relax Interventions 50%,Mongolia,MNG,2021-05-03,v8,TRUE
2021-02-05,deaths,0.02,0.02,0.02,0.02,0.02,0.02,Surged Additional 50% Reduction,Mongolia,MNG,2021-05-03,v8,TRUE
2021-02-05,hospital_demand,0.9,0.94,0.98,0.98,1.03,1.07,Surged Additional 50% Reduction,Mongolia,MNG,2021-05-03,v8,TRUE
2021-02-05,ICU_demand,0.33,0.34,0.36,0.36,0.38,0.4,Surged Additional 50% Reduction,Mongolia,MNG,2021-05-03,v8,TRUE
2021-02-05,infections,16.45,16.68,16.94,16.94,17.2,17.43,Surged Additional 50% Reduction,Mongolia,MNG,2021-05-03,v8,TRUE
2021-02-05,prevalence,112.63,114.29,116.14,116.14,117.99,119.66,Surged Additional 50% Reduction,Mongolia,MNG,2021-05-03,v8,TRUE
2021-02-05,cumulative_infections,335.81,357.26,381.1,381.1,404.93,426.38,Surged Additional 50% Reduction,Mongolia,MNG,2021-05-03,v8,TRUE
2021-02-05,cumulative_deaths,0.58,0.62,0.68,0.68,0.73,0.78,Surged Additional 50% Reduction,Mongolia,MNG,2021-05-03,v8,TRUE
2021-02-05,Rt,1.44,1.44,1.45,1.45,1.46,1.47,Surged Additional 50% Reduction,Mongolia,MNG,2021-05-03,v8,TRUE
2021-02-05,Reff,1.44,1.44,1.45,1.45,1.46,1.47,Surged Additional 50% Reduction,Mongolia,MNG,2021-05-03,v8,TRUE
2021-02-05,deaths,0.02,0.02,0.02,0.02,0.02,0.02,Surged Maintain Status Quo,Mongolia,MNG,2021-05-03,v8,TRUE
2021-02-05,hospital_demand,0.9,0.94,0.98,0.98,1.03,1.07,Surged Maintain Status Quo,Mongolia,MNG,2021-05-03,v8,TRUE
2021-02-05,ICU_demand,0.33,0.34,0.36,0.36,0.38,0.4,Surged Maintain Status Quo,Mongolia,MNG,2021-05-03,v8,TRUE
2021-02-05,infections,16.45,16.68,16.94,16.94,17.2,17.43,Surged Maintain Status Quo,Mongolia,MNG,2021-05-03,v8,TRUE
2021-02-05,prevalence,112.63,114.29,116.14,116.14,117.99,119.66,Surged Maintain Status Quo,Mongolia,MNG,2021-05-03,v8,TRUE
2021-02-05,cumulative_infections,335.81,357.26,381.1,381.1,404.93,426.38,Surged Maintain Status Quo,Mongolia,MNG,2021-05-03,v8,TRUE
2021-02-05,cumulative_deaths,0.58,0.62,0.68,0.68,0.73,0.78,Surged Maintain Status Quo,Mongolia,MNG,2021-05-03,v8,TRUE
2021-02-05,Rt,1.44,1.44,1.45,1.45,1.46,1.47,Surged Maintain Status Quo,Mongolia,MNG,2021-05-03,v8,TRUE
2021-02-05,Reff,1.44,1.44,1.45,1.45,1.46,1.47,Surged Maintain Status Quo,Mongolia,MNG,2021-05-03,v8,TRUE
2021-02-05,deaths,0.02,0.02,0.02,0.02,0.02,0.02,Surged Relax Interventions 50%,Mongolia,MNG,2021-05-03,v8,TRUE
2021-02-05,hospital_demand,0.9,0.94,0.98,0.98,1.03,1.07,Surged Relax Interventions 50%,Mongolia,MNG,2021-05-03,v8,TRUE
2021-02-05,ICU_demand,0.33,0.34,0.36,0.36,0.38,0.4,Surged Relax Interventions 50%,Mongolia,MNG,2021-05-03,v8,TRUE
2021-02-05,infections,16.45,16.68,16.94,16.94,17.2,17.43,Surged Relax Interventions 50%,Mongolia,MNG,2021-05-03,v8,TRUE
2021-02-05,prevalence,112.63,114.29,116.14,116.14,117.99,119.66,Surged Relax Interventions 50%,Mongolia,MNG,2021-05-03,v8,TRUE
2021-02-05,cumulative_infections,335.81,357.26,381.1,381.1,404.93,426.38,Surged Relax Interventions 50%,Mongolia,MNG,2021-05-03,v8,TRUE
2021-02-05,cumulative_deaths,0.58,0.62,0.68,0.68,0.73,0.78,Surged Relax Interventions 50%,Mongolia,MNG,2021-05-03,v8,TRUE
2021-02-05,Rt,1.44,1.44,1.45,1.45,1.46,1.47,Surged Relax Interventions 50%,Mongolia,MNG,2021-05-03,v8,TRUE
2021-02-05,Reff,1.44,1.44,1.45,1.45,1.46,1.47,Surged Relax Interventions 50%,Mongolia,MNG,2021-05-03,v8,TRUE
2021-02-06,deaths,0.02,0.02,0.02,0.02,0.02,0.03,Additional 50% Reduction,Mongolia,MNG,2021-05-03,v8,TRUE
2021-02-06,hospital_demand,0.96,1,1.05,1.05,1.09,1.13,Additional 50% Reduction,Mongolia,MNG,2021-05-03,v8,TRUE
2021-02-06,ICU_demand,0.35,0.36,0.38,0.38,0.4,0.42,Additional 50% Reduction,Mongolia,MNG,2021-05-03,v8,TRUE
2021-02-06,infections,17.48,17.71,17.97,17.97,18.22,18.46,Additional 50% Reduction,Mongolia,MNG,2021-05-03,v8,TRUE
2021-02-06,prevalence,119.63,121.27,123.1,123.1,124.93,126.57,Additional 50% Reduction,Mongolia,MNG,2021-05-03,v8,TRUE
2021-02-06,cumulative_infections,353.29,374.97,399.06,399.06,423.15,444.83,Additional 50% Reduction,Mongolia,MNG,2021-05-03,v8,TRUE
2021-02-06,cumulative_deaths,0.6,0.65,0.7,0.7,0.76,0.81,Additional 50% Reduction,Mongolia,MNG,2021-05-03,v8,TRUE
2021-02-06,Rt,1.6,1.61,1.62,1.62,1.64,1.65,Additional 50% Reduction,Mongolia,MNG,2021-05-03,v8,TRUE
2021-02-06,Reff,1.59,1.61,1.62,1.62,1.64,1.65,Additional 50% Reduction,Mongolia,MNG,2021-05-03,v8,TRUE
2021-02-06,deaths,0.02,0.02,0.02,0.02,0.02,0.03,Maintain Status Quo,Mongolia,MNG,2021-05-03,v8,TRUE
2021-02-06,hospital_demand,0.96,1,1.05,1.05,1.09,1.13,Maintain Status Quo,Mongolia,MNG,2021-05-03,v8,TRUE
2021-02-06,ICU_demand,0.35,0.36,0.38,0.38,0.4,0.42,Maintain Status Quo,Mongolia,MNG,2021-05-03,v8,TRUE
2021-02-06,infections,17.48,17.71,17.97,17.97,18.22,18.46,Maintain Status Quo,Mongolia,MNG,2021-05-03,v8,TRUE
2021-02-06,prevalence,119.63,121.27,123.1,123.1,124.93,126.57,Maintain Status Quo,Mongolia,MNG,2021-05-03,v8,TRUE
2021-02-06,cumulative_infections,353.29,374.97,399.06,399.06,423.15,444.83,Maintain Status Quo,Mongolia,MNG,2021-05-03,v8,TRUE
2021-02-06,cumulative_deaths,0.6,0.65,0.7,0.7,0.76,0.81,Maintain Status Quo,Mongolia,MNG,2021-05-03,v8,TRUE
2021-02-06,Rt,1.6,1.61,1.62,1.62,1.64,1.65,Maintain Status Quo,Mongolia,MNG,2021-05-03,v8,TRUE
2021-02-06,Reff,1.59,1.61,1.62,1.62,1.64,1.65,Maintain Status Quo,Mongolia,MNG,2021-05-03,v8,TRUE
2021-02-06,deaths,0.02,0.02,0.02,0.02,0.02,0.03,Relax Interventions 50%,Mongolia,MNG,2021-05-03,v8,TRUE
2021-02-06,hospital_demand,0.96,1,1.05,1.05,1.09,1.13,Relax Interventions 50%,Mongolia,MNG,2021-05-03,v8,TRUE
2021-02-06,ICU_demand,0.35,0.36,0.38,0.38,0.4,0.42,Relax Interventions 50%,Mongolia,MNG,2021-05-03,v8,TRUE
2021-02-06,infections,17.48,17.71,17.97,17.97,18.22,18.46,Relax Interventions 50%,Mongolia,MNG,2021-05-03,v8,TRUE
2021-02-06,prevalence,119.63,121.27,123.1,123.1,124.93,126.57,Relax Interventions 50%,Mongolia,MNG,2021-05-03,v8,TRUE
2021-02-06,cumulative_infections,353.29,374.97,399.06,399.06,423.15,444.83,Relax Interventions 50%,Mongolia,MNG,2021-05-03,v8,TRUE
2021-02-06,cumulative_deaths,0.6,0.65,0.7,0.7,0.76,0.81,Relax Interventions 50%,Mongolia,MNG,2021-05-03,v8,TRUE
2021-02-06,Rt,1.6,1.61,1.62,1.62,1.64,1.65,Relax Interventions 50%,Mongolia,MNG,2021-05-03,v8,TRUE
2021-02-06,Reff,1.59,1.61,1.62,1.62,1.64,1.65,Relax Interventions 50%,Mongolia,MNG,2021-05-03,v8,TRUE
2021-02-06,deaths,0.02,0.02,0.02,0.02,0.02,0.03,Surged Additional 50% Reduction,Mongolia,MNG,2021-05-03,v8,TRUE
2021-02-06,hospital_demand,0.96,1,1.05,1.05,1.09,1.13,Surged Additional 50% Reduction,Mongolia,MNG,2021-05-03,v8,TRUE
2021-02-06,ICU_demand,0.35,0.36,0.38,0.38,0.4,0.42,Surged Additional 50% Reduction,Mongolia,MNG,2021-05-03,v8,TRUE
2021-02-06,infections,17.48,17.71,17.97,17.97,18.22,18.46,Surged Additional 50% Reduction,Mongolia,MNG,2021-05-03,v8,TRUE
2021-02-06,prevalence,119.63,121.27,123.1,123.1,124.93,126.57,Surged Additional 50% Reduction,Mongolia,MNG,2021-05-03,v8,TRUE
2021-02-06,cumulative_infections,353.29,374.97,399.06,399.06,423.15,444.83,Surged Additional 50% Reduction,Mongolia,MNG,2021-05-03,v8,TRUE
2021-02-06,cumulative_deaths,0.6,0.65,0.7,0.7,0.76,0.81,Surged Additional 50% Reduction,Mongolia,MNG,2021-05-03,v8,TRUE
2021-02-06,Rt,1.6,1.61,1.62,1.62,1.64,1.65,Surged Additional 50% Reduction,Mongolia,MNG,2021-05-03,v8,TRUE
2021-02-06,Reff,1.59,1.61,1.62,1.62,1.64,1.65,Surged Additional 50% Reduction,Mongolia,MNG,2021-05-03,v8,TRUE
2021-02-06,deaths,0.02,0.02,0.02,0.02,0.02,0.03,Surged Maintain Status Quo,Mongolia,MNG,2021-05-03,v8,TRUE
2021-02-06,hospital_demand,0.96,1,1.05,1.05,1.09,1.13,Surged Maintain Status Quo,Mongolia,MNG,2021-05-03,v8,TRUE
2021-02-06,ICU_demand,0.35,0.36,0.38,0.38,0.4,0.42,Surged Maintain Status Quo,Mongolia,MNG,2021-05-03,v8,TRUE
2021-02-06,infections,17.48,17.71,17.97,17.97,18.22,18.46,Surged Maintain Status Quo,Mongolia,MNG,2021-05-03,v8,TRUE
2021-02-06,prevalence,119.63,121.27,123.1,123.1,124.93,126.57,Surged Maintain Status Quo,Mongolia,MNG,2021-05-03,v8,TRUE
2021-02-06,cumulative_infections,353.29,374.97,399.06,399.06,423.15,444.83,Surged Maintain Status Quo,Mongolia,MNG,2021-05-03,v8,TRUE
2021-02-06,cumulative_deaths,0.6,0.65,0.7,0.7,0.76,0.81,Surged Maintain Status Quo,Mongolia,MNG,2021-05-03,v8,TRUE
2021-02-06,Rt,1.6,1.61,1.62,1.62,1.64,1.65,Surged Maintain Status Quo,Mongolia,MNG,2021-05-03,v8,TRUE
2021-02-06,Reff,1.59,1.61,1.62,1.62,1.64,1.65,Surged Maintain Status Quo,Mongolia,MNG,2021-05-03,v8,TRUE
2021-02-06,deaths,0.02,0.02,0.02,0.02,0.02,0.03,Surged Relax Interventions 50%,Mongolia,MNG,2021-05-03,v8,TRUE
2021-02-06,hospital_demand,0.96,1,1.05,1.05,1.09,1.13,Surged Relax Interventions 50%,Mongolia,MNG,2021-05-03,v8,TRUE
2021-02-06,ICU_demand,0.35,0.36,0.38,0.38,0.4,0.42,Surged Relax Interventions 50%,Mongolia,MNG,2021-05-03,v8,TRUE
2021-02-06,infections,17.48,17.71,17.97,17.97,18.22,18.46,Surged Relax Interventions 50%,Mongolia,MNG,2021-05-03,v8,TRUE
2021-02-06,prevalence,119.63,121.27,123.1,123.1,124.93,126.57,Surged Relax Interventions 50%,Mongolia,MNG,2021-05-03,v8,TRUE
2021-02-06,cumulative_infections,353.29,374.97,399.06,399.06,423.15,444.83,Surged Relax Interventions 50%,Mongolia,MNG,2021-05-03,v8,TRUE
2021-02-06,cumulative_deaths,0.6,0.65,0.7,0.7,0.76,0.81,Surged Relax Interventions 50%,Mongolia,MNG,2021-05-03,v8,TRUE
2021-02-06,Rt,1.6,1.61,1.62,1.62,1.64,1.65,Surged Relax Interventions 50%,Mongolia,MNG,2021-05-03,v8,TRUE
2021-02-06,Reff,1.59,1.61,1.62,1.62,1.64,1.65,Surged Relax Interventions 50%,Mongolia,MNG,2021-05-03,v8,TRUE
2021-02-07,deaths,0.02,0.02,0.02,0.02,0.03,0.03,Additional 50% Reduction,Mongolia,MNG,2021-05-03,v8,TRUE
2021-02-07,hospital_demand,1.03,1.07,1.11,1.11,1.16,1.2,Additional 50% Reduction,Mongolia,MNG,2021-05-03,v8,TRUE
2021-02-07,ICU_demand,0.37,0.39,0.4,0.4,0.42,0.44,Additional 50% Reduction,Mongolia,MNG,2021-05-03,v8,TRUE
2021-02-07,infections,18.73,18.95,19.21,19.21,19.46,19.69,Additional 50% Reduction,Mongolia,MNG,2021-05-03,v8,TRUE
2021-02-07,prevalence,129.95,131.53,133.27,133.27,135.02,136.6,Additional 50% Reduction,Mongolia,MNG,2021-05-03,v8,TRUE
2021-02-07,cumulative_infections,372.01,393.92,418.27,418.27,442.61,464.52,Additional 50% Reduction,Mongolia,MNG,2021-05-03,v8,TRUE
2021-02-07,cumulative_deaths,0.62,0.67,0.73,0.73,0.78,0.84,Additional 50% Reduction,Mongolia,MNG,2021-05-03,v8,TRUE
2021-02-07,Rt,1.63,1.64,1.66,1.66,1.67,1.69,Additional 50% Reduction,Mongolia,MNG,2021-05-03,v8,TRUE
2021-02-07,Reff,1.63,1.64,1.66,1.66,1.67,1.69,Additional 50% Reduction,Mongolia,MNG,2021-05-03,v8,TRUE
2021-02-07,deaths,0.02,0.02,0.02,0.02,0.03,0.03,Maintain Status Quo,Mongolia,MNG,2021-05-03,v8,TRUE
2021-02-07,hospital_demand,1.03,1.07,1.11,1.11,1.16,1.2,Maintain Status Quo,Mongolia,MNG,2021-05-03,v8,TRUE
2021-02-07,ICU_demand,0.37,0.39,0.4,0.4,0.42,0.44,Maintain Status Quo,Mongolia,MNG,2021-05-03,v8,TRUE
2021-02-07,infections,18.73,18.95,19.21,19.21,19.46,19.69,Maintain Status Quo,Mongolia,MNG,2021-05-03,v8,TRUE
2021-02-07,prevalence,129.95,131.53,133.27,133.27,135.02,136.6,Maintain Status Quo,Mongolia,MNG,2021-05-03,v8,TRUE
2021-02-07,cumulative_infections,372.01,393.92,418.27,418.27,442.61,464.52,Maintain Status Quo,Mongolia,MNG,2021-05-03,v8,TRUE
2021-02-07,cumulative_deaths,0.62,0.67,0.73,0.73,0.78,0.84,Maintain Status Quo,Mongolia,MNG,2021-05-03,v8,TRUE
2021-02-07,Rt,1.63,1.64,1.66,1.66,1.67,1.69,Maintain Status Quo,Mongolia,MNG,2021-05-03,v8,TRUE
2021-02-07,Reff,1.63,1.64,1.66,1.66,1.67,1.69,Maintain Status Quo,Mongolia,MNG,2021-05-03,v8,TRUE
2021-02-07,deaths,0.02,0.02,0.02,0.02,0.03,0.03,Relax Interventions 50%,Mongolia,MNG,2021-05-03,v8,TRUE
2021-02-07,hospital_demand,1.03,1.07,1.11,1.11,1.16,1.2,Relax Interventions 50%,Mongolia,MNG,2021-05-03,v8,TRUE
2021-02-07,ICU_demand,0.37,0.39,0.4,0.4,0.42,0.44,Relax Interventions 50%,Mongolia,MNG,2021-05-03,v8,TRUE
2021-02-07,infections,18.73,18.95,19.21,19.21,19.46,19.69,Relax Interventions 50%,Mongolia,MNG,2021-05-03,v8,TRUE
2021-02-07,prevalence,129.95,131.53,133.27,133.27,135.02,136.6,Relax Interventions 50%,Mongolia,MNG,2021-05-03,v8,TRUE
2021-02-07,cumulative_infections,372.01,393.92,418.27,418.27,442.61,464.52,Relax Interventions 50%,Mongolia,MNG,2021-05-03,v8,TRUE
2021-02-07,cumulative_deaths,0.62,0.67,0.73,0.73,0.78,0.84,Relax Interventions 50%,Mongolia,MNG,2021-05-03,v8,TRUE
2021-02-07,Rt,1.63,1.64,1.66,1.66,1.67,1.69,Relax Interventions 50%,Mongolia,MNG,2021-05-03,v8,TRUE
2021-02-07,Reff,1.63,1.64,1.66,1.66,1.67,1.69,Relax Interventions 50%,Mongolia,MNG,2021-05-03,v8,TRUE
2021-02-07,deaths,0.02,0.02,0.02,0.02,0.03,0.03,Surged Additional 50% Reduction,Mongolia,MNG,2021-05-03,v8,TRUE
2021-02-07,hospital_demand,1.03,1.07,1.11,1.11,1.16,1.2,Surged Additional 50% Reduction,Mongolia,MNG,2021-05-03,v8,TRUE
2021-02-07,ICU_demand,0.37,0.39,0.4,0.4,0.42,0.44,Surged Additional 50% Reduction,Mongolia,MNG,2021-05-03,v8,TRUE
2021-02-07,infections,18.73,18.95,19.21,19.21,19.46,19.69,Surged Additional 50% Reduction,Mongolia,MNG,2021-05-03,v8,TRUE
2021-02-07,prevalence,129.95,131.53,133.27,133.27,135.02,136.6,Surged Additional 50% Reduction,Mongolia,MNG,2021-05-03,v8,TRUE
2021-02-07,cumulative_infections,372.01,393.92,418.27,418.27,442.61,464.52,Surged Additional 50% Reduction,Mongolia,MNG,2021-05-03,v8,TRUE
2021-02-07,cumulative_deaths,0.62,0.67,0.73,0.73,0.78,0.84,Surged Additional 50% Reduction,Mongolia,MNG,2021-05-03,v8,TRUE
2021-02-07,Rt,1.63,1.64,1.66,1.66,1.67,1.69,Surged Additional 50% Reduction,Mongolia,MNG,2021-05-03,v8,TRUE
2021-02-07,Reff,1.63,1.64,1.66,1.66,1.67,1.69,Surged Additional 50% Reduction,Mongolia,MNG,2021-05-03,v8,TRUE
2021-02-07,deaths,0.02,0.02,0.02,0.02,0.03,0.03,Surged Maintain Status Quo,Mongolia,MNG,2021-05-03,v8,TRUE
2021-02-07,hospital_demand,1.03,1.07,1.11,1.11,1.16,1.2,Surged Maintain Status Quo,Mongolia,MNG,2021-05-03,v8,TRUE
2021-02-07,ICU_demand,0.37,0.39,0.4,0.4,0.42,0.44,Surged Maintain Status Quo,Mongolia,MNG,2021-05-03,v8,TRUE
2021-02-07,infections,18.73,18.95,19.21,19.21,19.46,19.69,Surged Maintain Status Quo,Mongolia,MNG,2021-05-03,v8,TRUE
2021-02-07,prevalence,129.95,131.53,133.27,133.27,135.02,136.6,Surged Maintain Status Quo,Mongolia,MNG,2021-05-03,v8,TRUE
2021-02-07,cumulative_infections,372.01,393.92,418.27,418.27,442.61,464.52,Surged Maintain Status Quo,Mongolia,MNG,2021-05-03,v8,TRUE
2021-02-07,cumulative_deaths,0.62,0.67,0.73,0.73,0.78,0.84,Surged Maintain Status Quo,Mongolia,MNG,2021-05-03,v8,TRUE
2021-02-07,Rt,1.63,1.64,1.66,1.66,1.67,1.69,Surged Maintain Status Quo,Mongolia,MNG,2021-05-03,v8,TRUE
2021-02-07,Reff,1.63,1.64,1.66,1.66,1.67,1.69,Surged Maintain Status Quo,Mongolia,MNG,2021-05-03,v8,TRUE
2021-02-07,deaths,0.02,0.02,0.02,0.02,0.03,0.03,Surged Relax Interventions 50%,Mongolia,MNG,2021-05-03,v8,TRUE
2021-02-07,hospital_demand,1.03,1.07,1.11,1.11,1.16,1.2,Surged Relax Interventions 50%,Mongolia,MNG,2021-05-03,v8,TRUE
2021-02-07,ICU_demand,0.37,0.39,0.4,0.4,0.42,0.44,Surged Relax Interventions 50%,Mongolia,MNG,2021-05-03,v8,TRUE
2021-02-07,infections,18.73,18.95,19.21,19.21,19.46,19.69,Surged Relax Interventions 50%,Mongolia,MNG,2021-05-03,v8,TRUE
2021-02-07,prevalence,129.95,131.53,133.27,133.27,135.02,136.6,Surged Relax Interventions 50%,Mongolia,MNG,2021-05-03,v8,TRUE
2021-02-07,cumulative_infections,372.01,393.92,418.27,418.27,442.61,464.52,Surged Relax Interventions 50%,Mongolia,MNG,2021-05-03,v8,TRUE
2021-02-07,cumulative_deaths,0.62,0.67,0.73,0.73,0.78,0.84,Surged Relax Interventions 50%,Mongolia,MNG,2021-05-03,v8,TRUE
2021-02-07,Rt,1.63,1.64,1.66,1.66,1.67,1.69,Surged Relax Interventions 50%,Mongolia,MNG,2021-05-03,v8,TRUE
2021-02-07,Reff,1.63,1.64,1.66,1.66,1.67,1.69,Surged Relax Interventions 50%,Mongolia,MNG,2021-05-03,v8,TRUE
2021-02-08,deaths,0.02,0.02,0.03,0.03,0.03,0.03,Additional 50% Reduction,Mongolia,MNG,2021-05-03,v8,TRUE
2021-02-08,hospital_demand,1.11,1.15,1.19,1.19,1.23,1.27,Additional 50% Reduction,Mongolia,MNG,2021-05-03,v8,TRUE
2021-02-08,ICU_demand,0.4,0.41,0.43,0.43,0.45,0.46,Additional 50% Reduction,Mongolia,MNG,2021-05-03,v8,TRUE
2021-02-08,infections,20.32,20.54,20.78,20.78,21.02,21.24,Additional 50% Reduction,Mongolia,MNG,2021-05-03,v8,TRUE
2021-02-08,prevalence,141.53,143.03,144.69,144.69,146.35,147.85,Additional 50% Reduction,Mongolia,MNG,2021-05-03,v8,TRUE
2021-02-08,cumulative_infections,392.34,414.46,439.05,439.05,463.64,485.76,Additional 50% Reduction,Mongolia,MNG,2021-05-03,v8,TRUE
2021-02-08,cumulative_deaths,0.64,0.69,0.75,0.75,0.81,0.86,Additional 50% Reduction,Mongolia,MNG,2021-05-03,v8,TRUE
2021-02-08,Rt,1.56,1.57,1.58,1.58,1.59,1.61,Additional 50% Reduction,Mongolia,MNG,2021-05-03,v8,TRUE
2021-02-08,Reff,1.55,1.57,1.58,1.58,1.59,1.61,Additional 50% Reduction,Mongolia,MNG,2021-05-03,v8,TRUE
2021-02-08,deaths,0.02,0.02,0.03,0.03,0.03,0.03,Maintain Status Quo,Mongolia,MNG,2021-05-03,v8,TRUE
2021-02-08,hospital_demand,1.11,1.15,1.19,1.19,1.23,1.27,Maintain Status Quo,Mongolia,MNG,2021-05-03,v8,TRUE
2021-02-08,ICU_demand,0.4,0.41,0.43,0.43,0.45,0.46,Maintain Status Quo,Mongolia,MNG,2021-05-03,v8,TRUE
2021-02-08,infections,20.32,20.54,20.78,20.78,21.02,21.24,Maintain Status Quo,Mongolia,MNG,2021-05-03,v8,TRUE
2021-02-08,prevalence,141.53,143.03,144.69,144.69,146.35,147.85,Maintain Status Quo,Mongolia,MNG,2021-05-03,v8,TRUE
2021-02-08,cumulative_infections,392.34,414.46,439.05,439.05,463.64,485.76,Maintain Status Quo,Mongolia,MNG,2021-05-03,v8,TRUE
2021-02-08,cumulative_deaths,0.64,0.69,0.75,0.75,0.81,0.86,Maintain Status Quo,Mongolia,MNG,2021-05-03,v8,TRUE
2021-02-08,Rt,1.56,1.57,1.58,1.58,1.59,1.61,Maintain Status Quo,Mongolia,MNG,2021-05-03,v8,TRUE
2021-02-08,Reff,1.55,1.57,1.58,1.58,1.59,1.61,Maintain Status Quo,Mongolia,MNG,2021-05-03,v8,TRUE
2021-02-08,deaths,0.02,0.02,0.03,0.03,0.03,0.03,Relax Interventions 50%,Mongolia,MNG,2021-05-03,v8,TRUE
2021-02-08,hospital_demand,1.11,1.15,1.19,1.19,1.23,1.27,Relax Interventions 50%,Mongolia,MNG,2021-05-03,v8,TRUE
2021-02-08,ICU_demand,0.4,0.41,0.43,0.43,0.45,0.46,Relax Interventions 50%,Mongolia,MNG,2021-05-03,v8,TRUE
2021-02-08,infections,20.32,20.54,20.78,20.78,21.02,21.24,Relax Interventions 50%,Mongolia,MNG,2021-05-03,v8,TRUE
2021-02-08,prevalence,141.53,143.03,144.69,144.69,146.35,147.85,Relax Interventions 50%,Mongolia,MNG,2021-05-03,v8,TRUE
2021-02-08,cumulative_infections,392.34,414.46,439.05,439.05,463.64,485.76,Relax Interventions 50%,Mongolia,MNG,2021-05-03,v8,TRUE
2021-02-08,cumulative_deaths,0.64,0.69,0.75,0.75,0.81,0.86,Relax Interventions 50%,Mongolia,MNG,2021-05-03,v8,TRUE
2021-02-08,Rt,1.56,1.57,1.58,1.58,1.59,1.61,Relax Interventions 50%,Mongolia,MNG,2021-05-03,v8,TRUE
2021-02-08,Reff,1.55,1.57,1.58,1.58,1.59,1.61,Relax Interventions 50%,Mongolia,MNG,2021-05-03,v8,TRUE
2021-02-08,deaths,0.02,0.02,0.03,0.03,0.03,0.03,Surged Additional 50% Reduction,Mongolia,MNG,2021-05-03,v8,TRUE
2021-02-08,hospital_demand,1.11,1.15,1.19,1.19,1.23,1.27,Surged Additional 50% Reduction,Mongolia,MNG,2021-05-03,v8,TRUE
2021-02-08,ICU_demand,0.4,0.41,0.43,0.43,0.45,0.46,Surged Additional 50% Reduction,Mongolia,MNG,2021-05-03,v8,TRUE
2021-02-08,infections,20.32,20.54,20.78,20.78,21.02,21.24,Surged Additional 50% Reduction,Mongolia,MNG,2021-05-03,v8,TRUE
2021-02-08,prevalence,141.53,143.03,144.69,144.69,146.35,147.85,Surged Additional 50% Reduction,Mongolia,MNG,2021-05-03,v8,TRUE
2021-02-08,cumulative_infections,392.34,414.46,439.05,439.05,463.64,485.76,Surged Additional 50% Reduction,Mongolia,MNG,2021-05-03,v8,TRUE
2021-02-08,cumulative_deaths,0.64,0.69,0.75,0.75,0.81,0.86,Surged Additional 50% Reduction,Mongolia,MNG,2021-05-03,v8,TRUE
2021-02-08,Rt,1.56,1.57,1.58,1.58,1.59,1.61,Surged Additional 50% Reduction,Mongolia,MNG,2021-05-03,v8,TRUE
2021-02-08,Reff,1.55,1.57,1.58,1.58,1.59,1.61,Surged Additional 50% Reduction,Mongolia,MNG,2021-05-03,v8,TRUE
2021-02-08,deaths,0.02,0.02,0.03,0.03,0.03,0.03,Surged Maintain Status Quo,Mongolia,MNG,2021-05-03,v8,TRUE
2021-02-08,hospital_demand,1.11,1.15,1.19,1.19,1.23,1.27,Surged Maintain Status Quo,Mongolia,MNG,2021-05-03,v8,TRUE
2021-02-08,ICU_demand,0.4,0.41,0.43,0.43,0.45,0.46,Surged Maintain Status Quo,Mongolia,MNG,2021-05-03,v8,TRUE
2021-02-08,infections,20.32,20.54,20.78,20.78,21.02,21.24,Surged Maintain Status Quo,Mongolia,MNG,2021-05-03,v8,TRUE
2021-02-08,prevalence,141.53,143.03,144.69,144.69,146.35,147.85,Surged Maintain Status Quo,Mongolia,MNG,2021-05-03,v8,TRUE
2021-02-08,cumulative_infections,392.34,414.46,439.05,439.05,463.64,485.76,Surged Maintain Status Quo,Mongolia,MNG,2021-05-03,v8,TRUE
2021-02-08,cumulative_deaths,0.64,0.69,0.75,0.75,0.81,0.86,Surged Maintain Status Quo,Mongolia,MNG,2021-05-03,v8,TRUE
2021-02-08,Rt,1.56,1.57,1.58,1.58,1.59,1.61,Surged Maintain Status Quo,Mongolia,MNG,2021-05-03,v8,TRUE
2021-02-08,Reff,1.55,1.57,1.58,1.58,1.59,1.61,Surged Maintain Status Quo,Mongolia,MNG,2021-05-03,v8,TRUE
2021-02-08,deaths,0.02,0.02,0.03,0.03,0.03,0.03,Surged Relax Interventions 50%,Mongolia,MNG,2021-05-03,v8,TRUE
2021-02-08,hospital_demand,1.11,1.15,1.19,1.19,1.23,1.27,Surged Relax Interventions 50%,Mongolia,MNG,2021-05-03,v8,TRUE
2021-02-08,ICU_demand,0.4,0.41,0.43,0.43,0.45,0.46,Surged Relax Interventions 50%,Mongolia,MNG,2021-05-03,v8,TRUE
2021-02-08,infections,20.32,20.54,20.78,20.78,21.02,21.24,Surged Relax Interventions 50%,Mongolia,MNG,2021-05-03,v8,TRUE
2021-02-08,prevalence,141.53,143.03,144.69,144.69,146.35,147.85,Surged Relax Interventions 50%,Mongolia,MNG,2021-05-03,v8,TRUE
2021-02-08,cumulative_infections,392.34,414.46,439.05,439.05,463.64,485.76,Surged Relax Interventions 50%,Mongolia,MNG,2021-05-03,v8,TRUE
2021-02-08,cumulative_deaths,0.64,0.69,0.75,0.75,0.81,0.86,Surged Relax Interventions 50%,Mongolia,MNG,2021-05-03,v8,TRUE
2021-02-08,Rt,1.56,1.57,1.58,1.58,1.59,1.61,Surged Relax Interventions 50%,Mongolia,MNG,2021-05-03,v8,TRUE
2021-02-08,Reff,1.55,1.57,1.58,1.58,1.59,1.61,Surged Relax Interventions 50%,Mongolia,MNG,2021-05-03,v8,TRUE
2021-02-09,deaths,0.02,0.03,0.03,0.03,0.03,0.03,Additional 50% Reduction,Mongolia,MNG,2021-05-03,v8,TRUE
2021-02-09,hospital_demand,1.19,1.23,1.27,1.27,1.31,1.35,Additional 50% Reduction,Mongolia,MNG,2021-05-03,v8,TRUE
2021-02-09,ICU_demand,0.42,0.44,0.46,0.46,0.47,0.49,Additional 50% Reduction,Mongolia,MNG,2021-05-03,v8,TRUE
2021-02-09,infections,22.05,22.25,22.48,22.48,22.71,22.92,Additional 50% Reduction,Mongolia,MNG,2021-05-03,v8,TRUE
2021-02-09,prevalence,152.66,154.07,155.63,155.63,157.2,158.61,Additional 50% Reduction,Mongolia,MNG,2021-05-03,v8,TRUE
2021-02-09,cumulative_infections,414.38,436.72,461.53,461.53,486.35,508.68,Additional 50% Reduction,Mongolia,MNG,2021-05-03,v8,TRUE
2021-02-09,cumulative_deaths,0.67,0.72,0.78,0.78,0.84,0.89,Additional 50% Reduction,Mongolia,MNG,2021-05-03,v8,TRUE
2021-02-09,Rt,1.88,1.9,1.93,1.93,1.95,1.97,Additional 50% Reduction,Mongolia,MNG,2021-05-03,v8,TRUE
2021-02-09,Reff,1.88,1.9,1.93,1.93,1.95,1.97,Additional 50% Reduction,Mongolia,MNG,2021-05-03,v8,TRUE
2021-02-09,deaths,0.02,0.03,0.03,0.03,0.03,0.03,Maintain Status Quo,Mongolia,MNG,2021-05-03,v8,TRUE
2021-02-09,hospital_demand,1.19,1.23,1.27,1.27,1.31,1.35,Maintain Status Quo,Mongolia,MNG,2021-05-03,v8,TRUE
2021-02-09,ICU_demand,0.42,0.44,0.46,0.46,0.47,0.49,Maintain Status Quo,Mongolia,MNG,2021-05-03,v8,TRUE
2021-02-09,infections,22.05,22.25,22.48,22.48,22.71,22.92,Maintain Status Quo,Mongolia,MNG,2021-05-03,v8,TRUE
2021-02-09,prevalence,152.66,154.07,155.63,155.63,157.2,158.61,Maintain Status Quo,Mongolia,MNG,2021-05-03,v8,TRUE
2021-02-09,cumulative_infections,414.38,436.72,461.53,461.53,486.35,508.68,Maintain Status Quo,Mongolia,MNG,2021-05-03,v8,TRUE
2021-02-09,cumulative_deaths,0.67,0.72,0.78,0.78,0.84,0.89,Maintain Status Quo,Mongolia,MNG,2021-05-03,v8,TRUE
2021-02-09,Rt,1.88,1.9,1.93,1.93,1.95,1.97,Maintain Status Quo,Mongolia,MNG,2021-05-03,v8,TRUE
2021-02-09,Reff,1.88,1.9,1.93,1.93,1.95,1.97,Maintain Status Quo,Mongolia,MNG,2021-05-03,v8,TRUE
2021-02-09,deaths,0.02,0.03,0.03,0.03,0.03,0.03,Relax Interventions 50%,Mongolia,MNG,2021-05-03,v8,TRUE
2021-02-09,hospital_demand,1.19,1.23,1.27,1.27,1.31,1.35,Relax Interventions 50%,Mongolia,MNG,2021-05-03,v8,TRUE
2021-02-09,ICU_demand,0.42,0.44,0.46,0.46,0.47,0.49,Relax Interventions 50%,Mongolia,MNG,2021-05-03,v8,TRUE
2021-02-09,infections,22.05,22.25,22.48,22.48,22.71,22.92,Relax Interventions 50%,Mongolia,MNG,2021-05-03,v8,TRUE
2021-02-09,prevalence,152.66,154.07,155.63,155.63,157.2,158.61,Relax Interventions 50%,Mongolia,MNG,2021-05-03,v8,TRUE
2021-02-09,cumulative_infections,414.38,436.72,461.53,461.53,486.35,508.68,Relax Interventions 50%,Mongolia,MNG,2021-05-03,v8,TRUE
2021-02-09,cumulative_deaths,0.67,0.72,0.78,0.78,0.84,0.89,Relax Interventions 50%,Mongolia,MNG,2021-05-03,v8,TRUE
2021-02-09,Rt,1.88,1.9,1.93,1.93,1.95,1.97,Relax Interventions 50%,Mongolia,MNG,2021-05-03,v8,TRUE
2021-02-09,Reff,1.88,1.9,1.93,1.93,1.95,1.97,Relax Interventions 50%,Mongolia,MNG,2021-05-03,v8,TRUE
2021-02-09,deaths,0.02,0.03,0.03,0.03,0.03,0.03,Surged Additional 50% Reduction,Mongolia,MNG,2021-05-03,v8,TRUE
2021-02-09,hospital_demand,1.19,1.23,1.27,1.27,1.31,1.35,Surged Additional 50% Reduction,Mongolia,MNG,2021-05-03,v8,TRUE
2021-02-09,ICU_demand,0.42,0.44,0.46,0.46,0.47,0.49,Surged Additional 50% Reduction,Mongolia,MNG,2021-05-03,v8,TRUE
2021-02-09,infections,22.05,22.25,22.48,22.48,22.71,22.92,Surged Additional 50% Reduction,Mongolia,MNG,2021-05-03,v8,TRUE
2021-02-09,prevalence,152.66,154.07,155.63,155.63,157.2,158.61,Surged Additional 50% Reduction,Mongolia,MNG,2021-05-03,v8,TRUE
2021-02-09,cumulative_infections,414.38,436.72,461.53,461.53,486.35,508.68,Surged Additional 50% Reduction,Mongolia,MNG,2021-05-03,v8,TRUE
2021-02-09,cumulative_deaths,0.67,0.72,0.78,0.78,0.84,0.89,Surged Additional 50% Reduction,Mongolia,MNG,2021-05-03,v8,TRUE
2021-02-09,Rt,1.88,1.9,1.93,1.93,1.95,1.97,Surged Additional 50% Reduction,Mongolia,MNG,2021-05-03,v8,TRUE
2021-02-09,Reff,1.88,1.9,1.93,1.93,1.95,1.97,Surged Additional 50% Reduction,Mongolia,MNG,2021-05-03,v8,TRUE
2021-02-09,deaths,0.02,0.03,0.03,0.03,0.03,0.03,Surged Maintain Status Quo,Mongolia,MNG,2021-05-03,v8,TRUE
2021-02-09,hospital_demand,1.19,1.23,1.27,1.27,1.31,1.35,Surged Maintain Status Quo,Mongolia,MNG,2021-05-03,v8,TRUE
2021-02-09,ICU_demand,0.42,0.44,0.46,0.46,0.47,0.49,Surged Maintain Status Quo,Mongolia,MNG,2021-05-03,v8,TRUE
2021-02-09,infections,22.05,22.25,22.48,22.48,22.71,22.92,Surged Maintain Status Quo,Mongolia,MNG,2021-05-03,v8,TRUE
2021-02-09,prevalence,152.66,154.07,155.63,155.63,157.2,158.61,Surged Maintain Status Quo,Mongolia,MNG,2021-05-03,v8,TRUE
2021-02-09,cumulative_infections,414.38,436.72,461.53,461.53,486.35,508.68,Surged Maintain Status Quo,Mongolia,MNG,2021-05-03,v8,TRUE
2021-02-09,cumulative_deaths,0.67,0.72,0.78,0.78,0.84,0.89,Surged Maintain Status Quo,Mongolia,MNG,2021-05-03,v8,TRUE
2021-02-09,Rt,1.88,1.9,1.93,1.93,1.95,1.97,Surged Maintain Status Quo,Mongolia,MNG,2021-05-03,v8,TRUE
2021-02-09,Reff,1.88,1.9,1.93,1.93,1.95,1.97,Surged Maintain Status Quo,Mongolia,MNG,2021-05-03,v8,TRUE
2021-02-09,deaths,0.02,0.03,0.03,0.03,0.03,0.03,Surged Relax Interventions 50%,Mongolia,MNG,2021-05-03,v8,TRUE
2021-02-09,hospital_demand,1.19,1.23,1.27,1.27,1.31,1.35,Surged Relax Interventions 50%,Mongolia,MNG,2021-05-03,v8,TRUE
2021-02-09,ICU_demand,0.42,0.44,0.46,0.46,0.47,0.49,Surged Relax Interventions 50%,Mongolia,MNG,2021-05-03,v8,TRUE
2021-02-09,infections,22.05,22.25,22.48,22.48,22.71,22.92,Surged Relax Interventions 50%,Mongolia,MNG,2021-05-03,v8,TRUE
2021-02-09,prevalence,152.66,154.07,155.63,155.63,157.2,158.61,Surged Relax Interventions 50%,Mongolia,MNG,2021-05-03,v8,TRUE
2021-02-09,cumulative_infections,414.38,436.72,461.53,461.53,486.35,508.68,Surged Relax Interventions 50%,Mongolia,MNG,2021-05-03,v8,TRUE
2021-02-09,cumulative_deaths,0.67,0.72,0.78,0.78,0.84,0.89,Surged Relax Interventions 50%,Mongolia,MNG,2021-05-03,v8,TRUE
2021-02-09,Rt,1.88,1.9,1.93,1.93,1.95,1.97,Surged Relax Interventions 50%,Mongolia,MNG,2021-05-03,v8,TRUE
2021-02-09,Reff,1.88,1.9,1.93,1.93,1.95,1.97,Surged Relax Interventions 50%,Mongolia,MNG,2021-05-03,v8,TRUE
2021-02-10,deaths,0.03,0.03,0.03,0.03,0.03,0.03,Additional 50% Reduction,Mongolia,MNG,2021-05-03,v8,TRUE
2021-02-10,hospital_demand,1.28,1.32,1.36,1.36,1.4,1.43,Additional 50% Reduction,Mongolia,MNG,2021-05-03,v8,TRUE
2021-02-10,ICU_demand,0.45,0.47,0.49,0.49,0.5,0.52,Additional 50% Reduction,Mongolia,MNG,2021-05-03,v8,TRUE
2021-02-10,infections,24.33,24.51,24.72,24.72,24.92,25.1,Additional 50% Reduction,Mongolia,MNG,2021-05-03,v8,TRUE
2021-02-10,prevalence,171.85,173.04,174.37,174.37,175.69,176.88,Additional 50% Reduction,Mongolia,MNG,2021-05-03,v8,TRUE
2021-02-10,cumulative_infections,438.71,461.23,486.25,486.25,511.27,533.79,Additional 50% Reduction,Mongolia,MNG,2021-05-03,v8,TRUE
2021-02-10,cumulative_deaths,0.69,0.75,0.81,0.81,0.87,0.92,Additional 50% Reduction,Mongolia,MNG,2021-05-03,v8,TRUE
2021-02-10,Rt,2.23,2.26,2.29,2.29,2.32,2.35,Additional 50% Reduction,Mongolia,MNG,2021-05-03,v8,TRUE
2021-02-10,Reff,2.23,2.26,2.29,2.29,2.32,2.35,Additional 50% Reduction,Mongolia,MNG,2021-05-03,v8,TRUE
2021-02-10,deaths,0.03,0.03,0.03,0.03,0.03,0.03,Maintain Status Quo,Mongolia,MNG,2021-05-03,v8,TRUE
2021-02-10,hospital_demand,1.28,1.32,1.36,1.36,1.4,1.43,Maintain Status Quo,Mongolia,MNG,2021-05-03,v8,TRUE
2021-02-10,ICU_demand,0.45,0.47,0.49,0.49,0.5,0.52,Maintain Status Quo,Mongolia,MNG,2021-05-03,v8,TRUE
2021-02-10,infections,24.33,24.51,24.72,24.72,24.92,25.1,Maintain Status Quo,Mongolia,MNG,2021-05-03,v8,TRUE
2021-02-10,prevalence,171.85,173.04,174.37,174.37,175.69,176.88,Maintain Status Quo,Mongolia,MNG,2021-05-03,v8,TRUE
2021-02-10,cumulative_infections,438.71,461.23,486.25,486.25,511.27,533.79,Maintain Status Quo,Mongolia,MNG,2021-05-03,v8,TRUE
2021-02-10,cumulative_deaths,0.69,0.75,0.81,0.81,0.87,0.92,Maintain Status Quo,Mongolia,MNG,2021-05-03,v8,TRUE
2021-02-10,Rt,2.23,2.26,2.29,2.29,2.32,2.35,Maintain Status Quo,Mongolia,MNG,2021-05-03,v8,TRUE
2021-02-10,Reff,2.23,2.26,2.29,2.29,2.32,2.35,Maintain Status Quo,Mongolia,MNG,2021-05-03,v8,TRUE
2021-02-10,deaths,0.03,0.03,0.03,0.03,0.03,0.03,Relax Interventions 50%,Mongolia,MNG,2021-05-03,v8,TRUE
2021-02-10,hospital_demand,1.28,1.32,1.36,1.36,1.4,1.43,Relax Interventions 50%,Mongolia,MNG,2021-05-03,v8,TRUE
2021-02-10,ICU_demand,0.45,0.47,0.49,0.49,0.5,0.52,Relax Interventions 50%,Mongolia,MNG,2021-05-03,v8,TRUE
2021-02-10,infections,24.33,24.51,24.72,24.72,24.92,25.1,Relax Interventions 50%,Mongolia,MNG,2021-05-03,v8,TRUE
2021-02-10,prevalence,171.85,173.04,174.37,174.37,175.69,176.88,Relax Interventions 50%,Mongolia,MNG,2021-05-03,v8,TRUE
2021-02-10,cumulative_infections,438.71,461.23,486.25,486.25,511.27,533.79,Relax Interventions 50%,Mongolia,MNG,2021-05-03,v8,TRUE
2021-02-10,cumulative_deaths,0.69,0.75,0.81,0.81,0.87,0.92,Relax Interventions 50%,Mongolia,MNG,2021-05-03,v8,TRUE
2021-02-10,Rt,2.23,2.26,2.29,2.29,2.32,2.35,Relax Interventions 50%,Mongolia,MNG,2021-05-03,v8,TRUE
2021-02-10,Reff,2.23,2.26,2.29,2.29,2.32,2.35,Relax Interventions 50%,Mongolia,MNG,2021-05-03,v8,TRUE
2021-02-10,deaths,0.03,0.03,0.03,0.03,0.03,0.03,Surged Additional 50% Reduction,Mongolia,MNG,2021-05-03,v8,TRUE
2021-02-10,hospital_demand,1.28,1.32,1.36,1.36,1.4,1.43,Surged Additional 50% Reduction,Mongolia,MNG,2021-05-03,v8,TRUE
2021-02-10,ICU_demand,0.45,0.47,0.49,0.49,0.5,0.52,Surged Additional 50% Reduction,Mongolia,MNG,2021-05-03,v8,TRUE
2021-02-10,infections,24.33,24.51,24.72,24.72,24.92,25.1,Surged Additional 50% Reduction,Mongolia,MNG,2021-05-03,v8,TRUE
2021-02-10,prevalence,171.85,173.04,174.37,174.37,175.69,176.88,Surged Additional 50% Reduction,Mongolia,MNG,2021-05-03,v8,TRUE
2021-02-10,cumulative_infections,438.71,461.23,486.25,486.25,511.27,533.79,Surged Additional 50% Reduction,Mongolia,MNG,2021-05-03,v8,TRUE
2021-02-10,cumulative_deaths,0.69,0.75,0.81,0.81,0.87,0.92,Surged Additional 50% Reduction,Mongolia,MNG,2021-05-03,v8,TRUE
2021-02-10,Rt,2.23,2.26,2.29,2.29,2.32,2.35,Surged Additional 50% Reduction,Mongolia,MNG,2021-05-03,v8,TRUE
2021-02-10,Reff,2.23,2.26,2.29,2.29,2.32,2.35,Surged Additional 50% Reduction,Mongolia,MNG,2021-05-03,v8,TRUE
2021-02-10,deaths,0.03,0.03,0.03,0.03,0.03,0.03,Surged Maintain Status Quo,Mongolia,MNG,2021-05-03,v8,TRUE
2021-02-10,hospital_demand,1.28,1.32,1.36,1.36,1.4,1.43,Surged Maintain Status Quo,Mongolia,MNG,2021-05-03,v8,TRUE
2021-02-10,ICU_demand,0.45,0.47,0.49,0.49,0.5,0.52,Surged Maintain Status Quo,Mongolia,MNG,2021-05-03,v8,TRUE
2021-02-10,infections,24.33,24.51,24.72,24.72,24.92,25.1,Surged Maintain Status Quo,Mongolia,MNG,2021-05-03,v8,TRUE
2021-02-10,prevalence,171.85,173.04,174.37,174.37,175.69,176.88,Surged Maintain Status Quo,Mongolia,MNG,2021-05-03,v8,TRUE
2021-02-10,cumulative_infections,438.71,461.23,486.25,486.25,511.27,533.79,Surged Maintain Status Quo,Mongolia,MNG,2021-05-03,v8,TRUE
2021-02-10,cumulative_deaths,0.69,0.75,0.81,0.81,0.87,0.92,Surged Maintain Status Quo,Mongolia,MNG,2021-05-03,v8,TRUE
2021-02-10,Rt,2.23,2.26,2.29,2.29,2.32,2.35,Surged Maintain Status Quo,Mongolia,MNG,2021-05-03,v8,TRUE
2021-02-10,Reff,2.23,2.26,2.29,2.29,2.32,2.35,Surged Maintain Status Quo,Mongolia,MNG,2021-05-03,v8,TRUE
2021-02-10,deaths,0.03,0.03,0.03,0.03,0.03,0.03,Surged Relax Interventions 50%,Mongolia,MNG,2021-05-03,v8,TRUE
2021-02-10,hospital_demand,1.28,1.32,1.36,1.36,1.4,1.43,Surged Relax Interventions 50%,Mongolia,MNG,2021-05-03,v8,TRUE
2021-02-10,ICU_demand,0.45,0.47,0.49,0.49,0.5,0.52,Surged Relax Interventions 50%,Mongolia,MNG,2021-05-03,v8,TRUE
2021-02-10,infections,24.33,24.51,24.72,24.72,24.92,25.1,Surged Relax Interventions 50%,Mongolia,MNG,2021-05-03,v8,TRUE
2021-02-10,prevalence,171.85,173.04,174.37,174.37,175.69,176.88,Surged Relax Interventions 50%,Mongolia,MNG,2021-05-03,v8,TRUE
2021-02-10,cumulative_infections,438.71,461.23,486.25,486.25,511.27,533.79,Surged Relax Interventions 50%,Mongolia,MNG,2021-05-03,v8,TRUE
2021-02-10,cumulative_deaths,0.69,0.75,0.81,0.81,0.87,0.92,Surged Relax Interventions 50%,Mongolia,MNG,2021-05-03,v8,TRUE
2021-02-10,Rt,2.23,2.26,2.29,2.29,2.32,2.35,Surged Relax Interventions 50%,Mongolia,MNG,2021-05-03,v8,TRUE
2021-02-10,Reff,2.23,2.26,2.29,2.29,2.32,2.35,Surged Relax Interventions 50%,Mongolia,MNG,2021-05-03,v8,TRUE
2021-02-11,deaths,0.03,0.03,0.03,0.03,0.03,0.03,Additional 50% Reduction,Mongolia,MNG,2021-05-03,v8,TRUE
2021-02-11,hospital_demand,1.38,1.41,1.45,1.45,1.49,1.53,Additional 50% Reduction,Mongolia,MNG,2021-05-03,v8,TRUE
2021-02-11,ICU_demand,0.49,0.5,0.52,0.52,0.53,0.55,Additional 50% Reduction,Mongolia,MNG,2021-05-03,v8,TRUE
2021-02-11,infections,27.9,28.04,28.19,28.19,28.34,28.48,Additional 50% Reduction,Mongolia,MNG,2021-05-03,v8,TRUE
2021-02-11,prevalence,201.02,201.8,202.68,202.68,203.55,204.33,Additional 50% Reduction,Mongolia,MNG,2021-05-03,v8,TRUE
2021-02-11,cumulative_infections,466.61,489.27,514.44,514.44,539.61,562.26,Additional 50% Reduction,Mongolia,MNG,2021-05-03,v8,TRUE
2021-02-11,cumulative_deaths,0.72,0.78,0.84,0.84,0.9,0.96,Additional 50% Reduction,Mongolia,MNG,2021-05-03,v8,TRUE
2021-02-11,Rt,0.58,0.59,0.6,0.6,0.61,0.62,Additional 50% Reduction,Mongolia,MNG,2021-05-03,v8,TRUE
2021-02-11,Reff,0.58,0.59,0.6,0.6,0.61,0.62,Additional 50% Reduction,Mongolia,MNG,2021-05-03,v8,TRUE
2021-02-11,deaths,0.03,0.03,0.03,0.03,0.03,0.03,Maintain Status Quo,Mongolia,MNG,2021-05-03,v8,TRUE
2021-02-11,hospital_demand,1.38,1.41,1.45,1.45,1.49,1.53,Maintain Status Quo,Mongolia,MNG,2021-05-03,v8,TRUE
2021-02-11,ICU_demand,0.49,0.5,0.52,0.52,0.53,0.55,Maintain Status Quo,Mongolia,MNG,2021-05-03,v8,TRUE
2021-02-11,infections,27.9,28.04,28.19,28.19,28.34,28.48,Maintain Status Quo,Mongolia,MNG,2021-05-03,v8,TRUE
2021-02-11,prevalence,201.02,201.8,202.68,202.68,203.55,204.33,Maintain Status Quo,Mongolia,MNG,2021-05-03,v8,TRUE
2021-02-11,cumulative_infections,466.61,489.27,514.44,514.44,539.61,562.26,Maintain Status Quo,Mongolia,MNG,2021-05-03,v8,TRUE
2021-02-11,cumulative_deaths,0.72,0.78,0.84,0.84,0.9,0.96,Maintain Status Quo,Mongolia,MNG,2021-05-03,v8,TRUE
2021-02-11,Rt,0.58,0.59,0.6,0.6,0.61,0.62,Maintain Status Quo,Mongolia,MNG,2021-05-03,v8,TRUE
2021-02-11,Reff,0.58,0.59,0.6,0.6,0.61,0.62,Maintain Status Quo,Mongolia,MNG,2021-05-03,v8,TRUE
2021-02-11,deaths,0.03,0.03,0.03,0.03,0.03,0.03,Relax Interventions 50%,Mongolia,MNG,2021-05-03,v8,TRUE
2021-02-11,hospital_demand,1.38,1.41,1.45,1.45,1.49,1.53,Relax Interventions 50%,Mongolia,MNG,2021-05-03,v8,TRUE
2021-02-11,ICU_demand,0.49,0.5,0.52,0.52,0.53,0.55,Relax Interventions 50%,Mongolia,MNG,2021-05-03,v8,TRUE
2021-02-11,infections,27.9,28.04,28.19,28.19,28.34,28.48,Relax Interventions 50%,Mongolia,MNG,2021-05-03,v8,TRUE
2021-02-11,prevalence,201.02,201.8,202.68,202.68,203.55,204.33,Relax Interventions 50%,Mongolia,MNG,2021-05-03,v8,TRUE
2021-02-11,cumulative_infections,466.61,489.27,514.44,514.44,539.61,562.26,Relax Interventions 50%,Mongolia,MNG,2021-05-03,v8,TRUE
2021-02-11,cumulative_deaths,0.72,0.78,0.84,0.84,0.9,0.96,Relax Interventions 50%,Mongolia,MNG,2021-05-03,v8,TRUE
2021-02-11,Rt,0.58,0.59,0.6,0.6,0.61,0.62,Relax Interventions 50%,Mongolia,MNG,2021-05-03,v8,TRUE
2021-02-11,Reff,0.58,0.59,0.6,0.6,0.61,0.62,Relax Interventions 50%,Mongolia,MNG,2021-05-03,v8,TRUE
2021-02-11,deaths,0.03,0.03,0.03,0.03,0.03,0.03,Surged Additional 50% Reduction,Mongolia,MNG,2021-05-03,v8,TRUE
2021-02-11,hospital_demand,1.38,1.41,1.45,1.45,1.49,1.53,Surged Additional 50% Reduction,Mongolia,MNG,2021-05-03,v8,TRUE
2021-02-11,ICU_demand,0.49,0.5,0.52,0.52,0.53,0.55,Surged Additional 50% Reduction,Mongolia,MNG,2021-05-03,v8,TRUE
2021-02-11,infections,27.9,28.04,28.19,28.19,28.34,28.48,Surged Additional 50% Reduction,Mongolia,MNG,2021-05-03,v8,TRUE
2021-02-11,prevalence,201.02,201.8,202.68,202.68,203.55,204.33,Surged Additional 50% Reduction,Mongolia,MNG,2021-05-03,v8,TRUE
2021-02-11,cumulative_infections,466.61,489.27,514.44,514.44,539.61,562.26,Surged Additional 50% Reduction,Mongolia,MNG,2021-05-03,v8,TRUE
2021-02-11,cumulative_deaths,0.72,0.78,0.84,0.84,0.9,0.96,Surged Additional 50% Reduction,Mongolia,MNG,2021-05-03,v8,TRUE
2021-02-11,Rt,0.58,0.59,0.6,0.6,0.61,0.62,Surged Additional 50% Reduction,Mongolia,MNG,2021-05-03,v8,TRUE
2021-02-11,Reff,0.58,0.59,0.6,0.6,0.61,0.62,Surged Additional 50% Reduction,Mongolia,MNG,2021-05-03,v8,TRUE
2021-02-11,deaths,0.03,0.03,0.03,0.03,0.03,0.03,Surged Maintain Status Quo,Mongolia,MNG,2021-05-03,v8,TRUE
2021-02-11,hospital_demand,1.38,1.41,1.45,1.45,1.49,1.53,Surged Maintain Status Quo,Mongolia,MNG,2021-05-03,v8,TRUE
2021-02-11,ICU_demand,0.49,0.5,0.52,0.52,0.53,0.55,Surged Maintain Status Quo,Mongolia,MNG,2021-05-03,v8,TRUE
2021-02-11,infections,27.9,28.04,28.19,28.19,28.34,28.48,Surged Maintain Status Quo,Mongolia,MNG,2021-05-03,v8,TRUE
2021-02-11,prevalence,201.02,201.8,202.68,202.68,203.55,204.33,Surged Maintain Status Quo,Mongolia,MNG,2021-05-03,v8,TRUE
2021-02-11,cumulative_infections,466.61,489.27,514.44,514.44,539.61,562.26,Surged Maintain Status Quo,Mongolia,MNG,2021-05-03,v8,TRUE
2021-02-11,cumulative_deaths,0.72,0.78,0.84,0.84,0.9,0.96,Surged Maintain Status Quo,Mongolia,MNG,2021-05-03,v8,TRUE
2021-02-11,Rt,0.58,0.59,0.6,0.6,0.61,0.62,Surged Maintain Status Quo,Mongolia,MNG,2021-05-03,v8,TRUE
2021-02-11,Reff,0.58,0.59,0.6,0.6,0.61,0.62,Surged Maintain Status Quo,Mongolia,MNG,2021-05-03,v8,TRUE
2021-02-11,deaths,0.03,0.03,0.03,0.03,0.03,0.03,Surged Relax Interventions 50%,Mongolia,MNG,2021-05-03,v8,TRUE
2021-02-11,hospital_demand,1.38,1.41,1.45,1.45,1.49,1.53,Surged Relax Interventions 50%,Mongolia,MNG,2021-05-03,v8,TRUE
2021-02-11,ICU_demand,0.49,0.5,0.52,0.52,0.53,0.55,Surged Relax Interventions 50%,Mongolia,MNG,2021-05-03,v8,TRUE
2021-02-11,infections,27.9,28.04,28.19,28.19,28.34,28.48,Surged Relax Interventions 50%,Mongolia,MNG,2021-05-03,v8,TRUE
2021-02-11,prevalence,201.02,201.8,202.68,202.68,203.55,204.33,Surged Relax Interventions 50%,Mongolia,MNG,2021-05-03,v8,TRUE
2021-02-11,cumulative_infections,466.61,489.27,514.44,514.44,539.61,562.26,Surged Relax Interventions 50%,Mongolia,MNG,2021-05-03,v8,TRUE
2021-02-11,cumulative_deaths,0.72,0.78,0.84,0.84,0.9,0.96,Surged Relax Interventions 50%,Mongolia,MNG,2021-05-03,v8,TRUE
2021-02-11,Rt,0.58,0.59,0.6,0.6,0.61,0.62,Surged Relax Interventions 50%,Mongolia,MNG,2021-05-03,v8,TRUE
2021-02-11,Reff,0.58,0.59,0.6,0.6,0.61,0.62,Surged Relax Interventions 50%,Mongolia,MNG,2021-05-03,v8,TRUE
2021-02-12,deaths,0.03,0.03,0.03,0.03,0.03,0.03,Additional 50% Reduction,Mongolia,MNG,2021-05-03,v8,TRUE
2021-02-12,hospital_demand,1.49,1.52,1.56,1.56,1.6,1.63,Additional 50% Reduction,Mongolia,MNG,2021-05-03,v8,TRUE
2021-02-12,ICU_demand,0.52,0.54,0.55,0.55,0.57,0.58,Additional 50% Reduction,Mongolia,MNG,2021-05-03,v8,TRUE
2021-02-12,infections,29.65,29.76,29.89,29.89,30.01,30.13,Additional 50% Reduction,Mongolia,MNG,2021-05-03,v8,TRUE
2021-02-12,prevalence,191.24,192.18,193.23,193.23,194.27,195.21,Additional 50% Reduction,Mongolia,MNG,2021-05-03,v8,TRUE
2021-02-12,cumulative_infections,496.26,519.03,544.33,544.33,569.62,592.39,Additional 50% Reduction,Mongolia,MNG,2021-05-03,v8,TRUE
2021-02-12,cumulative_deaths,0.75,0.81,0.87,0.87,0.93,0.99,Additional 50% Reduction,Mongolia,MNG,2021-05-03,v8,TRUE
2021-02-12,Rt,0.43,0.44,0.45,0.45,0.46,0.47,Additional 50% Reduction,Mongolia,MNG,2021-05-03,v8,TRUE
2021-02-12,Reff,0.43,0.44,0.45,0.45,0.46,0.47,Additional 50% Reduction,Mongolia,MNG,2021-05-03,v8,TRUE
2021-02-12,deaths,0.03,0.03,0.03,0.03,0.03,0.03,Maintain Status Quo,Mongolia,MNG,2021-05-03,v8,TRUE
2021-02-12,hospital_demand,1.49,1.52,1.56,1.56,1.6,1.63,Maintain Status Quo,Mongolia,MNG,2021-05-03,v8,TRUE
2021-02-12,ICU_demand,0.52,0.54,0.55,0.55,0.57,0.58,Maintain Status Quo,Mongolia,MNG,2021-05-03,v8,TRUE
2021-02-12,infections,29.65,29.76,29.89,29.89,30.01,30.13,Maintain Status Quo,Mongolia,MNG,2021-05-03,v8,TRUE
2021-02-12,prevalence,191.24,192.18,193.23,193.23,194.27,195.21,Maintain Status Quo,Mongolia,MNG,2021-05-03,v8,TRUE
2021-02-12,cumulative_infections,496.26,519.03,544.33,544.33,569.62,592.39,Maintain Status Quo,Mongolia,MNG,2021-05-03,v8,TRUE
2021-02-12,cumulative_deaths,0.75,0.81,0.87,0.87,0.93,0.99,Maintain Status Quo,Mongolia,MNG,2021-05-03,v8,TRUE
2021-02-12,Rt,0.43,0.44,0.45,0.45,0.46,0.47,Maintain Status Quo,Mongolia,MNG,2021-05-03,v8,TRUE
2021-02-12,Reff,0.43,0.44,0.45,0.45,0.46,0.47,Maintain Status Quo,Mongolia,MNG,2021-05-03,v8,TRUE
2021-02-12,deaths,0.03,0.03,0.03,0.03,0.03,0.03,Relax Interventions 50%,Mongolia,MNG,2021-05-03,v8,TRUE
2021-02-12,hospital_demand,1.49,1.52,1.56,1.56,1.6,1.63,Relax Interventions 50%,Mongolia,MNG,2021-05-03,v8,TRUE
2021-02-12,ICU_demand,0.52,0.54,0.55,0.55,0.57,0.58,Relax Interventions 50%,Mongolia,MNG,2021-05-03,v8,TRUE
2021-02-12,infections,29.65,29.76,29.89,29.89,30.01,30.13,Relax Interventions 50%,Mongolia,MNG,2021-05-03,v8,TRUE
2021-02-12,prevalence,191.24,192.18,193.23,193.23,194.27,195.21,Relax Interventions 50%,Mongolia,MNG,2021-05-03,v8,TRUE
2021-02-12,cumulative_infections,496.26,519.03,544.33,544.33,569.62,592.39,Relax Interventions 50%,Mongolia,MNG,2021-05-03,v8,TRUE
2021-02-12,cumulative_deaths,0.75,0.81,0.87,0.87,0.93,0.99,Relax Interventions 50%,Mongolia,MNG,2021-05-03,v8,TRUE
2021-02-12,Rt,0.43,0.44,0.45,0.45,0.46,0.47,Relax Interventions 50%,Mongolia,MNG,2021-05-03,v8,TRUE
2021-02-12,Reff,0.43,0.44,0.45,0.45,0.46,0.47,Relax Interventions 50%,Mongolia,MNG,2021-05-03,v8,TRUE
2021-02-12,deaths,0.03,0.03,0.03,0.03,0.03,0.03,Surged Additional 50% Reduction,Mongolia,MNG,2021-05-03,v8,TRUE
2021-02-12,hospital_demand,1.49,1.52,1.56,1.56,1.6,1.63,Surged Additional 50% Reduction,Mongolia,MNG,2021-05-03,v8,TRUE
2021-02-12,ICU_demand,0.52,0.54,0.55,0.55,0.57,0.58,Surged Additional 50% Reduction,Mongolia,MNG,2021-05-03,v8,TRUE
2021-02-12,infections,29.65,29.76,29.89,29.89,30.01,30.13,Surged Additional 50% Reduction,Mongolia,MNG,2021-05-03,v8,TRUE
2021-02-12,prevalence,191.24,192.18,193.23,193.23,194.27,195.21,Surged Additional 50% Reduction,Mongolia,MNG,2021-05-03,v8,TRUE
2021-02-12,cumulative_infections,496.26,519.03,544.33,544.33,569.62,592.39,Surged Additional 50% Reduction,Mongolia,MNG,2021-05-03,v8,TRUE
2021-02-12,cumulative_deaths,0.75,0.81,0.87,0.87,0.93,0.99,Surged Additional 50% Reduction,Mongolia,MNG,2021-05-03,v8,TRUE
2021-02-12,Rt,0.43,0.44,0.45,0.45,0.46,0.47,Surged Additional 50% Reduction,Mongolia,MNG,2021-05-03,v8,TRUE
2021-02-12,Reff,0.43,0.44,0.45,0.45,0.46,0.47,Surged Additional 50% Reduction,Mongolia,MNG,2021-05-03,v8,TRUE
2021-02-12,deaths,0.03,0.03,0.03,0.03,0.03,0.03,Surged Maintain Status Quo,Mongolia,MNG,2021-05-03,v8,TRUE
2021-02-12,hospital_demand,1.49,1.52,1.56,1.56,1.6,1.63,Surged Maintain Status Quo,Mongolia,MNG,2021-05-03,v8,TRUE
2021-02-12,ICU_demand,0.52,0.54,0.55,0.55,0.57,0.58,Surged Maintain Status Quo,Mongolia,MNG,2021-05-03,v8,TRUE
2021-02-12,infections,29.65,29.76,29.89,29.89,30.01,30.13,Surged Maintain Status Quo,Mongolia,MNG,2021-05-03,v8,TRUE
2021-02-12,prevalence,191.24,192.18,193.23,193.23,194.27,195.21,Surged Maintain Status Quo,Mongolia,MNG,2021-05-03,v8,TRUE
2021-02-12,cumulative_infections,496.26,519.03,544.33,544.33,569.62,592.39,Surged Maintain Status Quo,Mongolia,MNG,2021-05-03,v8,TRUE
2021-02-12,cumulative_deaths,0.75,0.81,0.87,0.87,0.93,0.99,Surged Maintain Status Quo,Mongolia,MNG,2021-05-03,v8,TRUE
2021-02-12,Rt,0.43,0.44,0.45,0.45,0.46,0.47,Surged Maintain Status Quo,Mongolia,MNG,2021-05-03,v8,TRUE
2021-02-12,Reff,0.43,0.44,0.45,0.45,0.46,0.47,Surged Maintain Status Quo,Mongolia,MNG,2021-05-03,v8,TRUE
2021-02-12,deaths,0.03,0.03,0.03,0.03,0.03,0.03,Surged Relax Interventions 50%,Mongolia,MNG,2021-05-03,v8,TRUE
2021-02-12,hospital_demand,1.49,1.52,1.56,1.56,1.6,1.63,Surged Relax Interventions 50%,Mongolia,MNG,2021-05-03,v8,TRUE
2021-02-12,ICU_demand,0.52,0.54,0.55,0.55,0.57,0.58,Surged Relax Interventions 50%,Mongolia,MNG,2021-05-03,v8,TRUE
2021-02-12,infections,29.65,29.76,29.89,29.89,30.01,30.13,Surged Relax Interventions 50%,Mongolia,MNG,2021-05-03,v8,TRUE
2021-02-12,prevalence,191.24,192.18,193.23,193.23,194.27,195.21,Surged Relax Interventions 50%,Mongolia,MNG,2021-05-03,v8,TRUE
2021-02-12,cumulative_infections,496.26,519.03,544.33,544.33,569.62,592.39,Surged Relax Interventions 50%,Mongolia,MNG,2021-05-03,v8,TRUE
2021-02-12,cumulative_deaths,0.75,0.81,0.87,0.87,0.93,0.99,Surged Relax Interventions 50%,Mongolia,MNG,2021-05-03,v8,TRUE
2021-02-12,Rt,0.43,0.44,0.45,0.45,0.46,0.47,Surged Relax Interventions 50%,Mongolia,MNG,2021-05-03,v8,TRUE
2021-02-12,Reff,0.43,0.44,0.45,0.45,0.46,0.47,Surged Relax Interventions 50%,Mongolia,MNG,2021-05-03,v8,TRUE
2021-02-13,deaths,0.03,0.03,0.03,0.03,0.04,0.04,Additional 50% Reduction,Mongolia,MNG,2021-05-03,v8,TRUE
2021-02-13,hospital_demand,1.61,1.64,1.68,1.68,1.71,1.75,Additional 50% Reduction,Mongolia,MNG,2021-05-03,v8,TRUE
2021-02-13,ICU_demand,0.57,0.58,0.59,0.59,0.61,0.62,Additional 50% Reduction,Mongolia,MNG,2021-05-03,v8,TRUE
2021-02-13,infections,28.23,28.37,28.51,28.51,28.66,28.8,Additional 50% Reduction,Mongolia,MNG,2021-05-03,v8,TRUE
2021-02-13,prevalence,176.58,177.71,178.98,178.98,180.25,181.39,Additional 50% Reduction,Mongolia,MNG,2021-05-03,v8,TRUE
2021-02-13,cumulative_infections,524.49,547.39,572.84,572.84,598.28,621.19,Additional 50% Reduction,Mongolia,MNG,2021-05-03,v8,TRUE
2021-02-13,cumulative_deaths,0.78,0.84,0.91,0.91,0.97,1.03,Additional 50% Reduction,Mongolia,MNG,2021-05-03,v8,TRUE
2021-02-13,Rt,0.49,0.5,0.52,0.52,0.53,0.54,Additional 50% Reduction,Mongolia,MNG,2021-05-03,v8,TRUE
2021-02-13,Reff,0.49,0.5,0.52,0.52,0.53,0.54,Additional 50% Reduction,Mongolia,MNG,2021-05-03,v8,TRUE
2021-02-13,deaths,0.03,0.03,0.03,0.03,0.04,0.04,Maintain Status Quo,Mongolia,MNG,2021-05-03,v8,TRUE
2021-02-13,hospital_demand,1.61,1.64,1.68,1.68,1.71,1.75,Maintain Status Quo,Mongolia,MNG,2021-05-03,v8,TRUE
2021-02-13,ICU_demand,0.57,0.58,0.59,0.59,0.61,0.62,Maintain Status Quo,Mongolia,MNG,2021-05-03,v8,TRUE
2021-02-13,infections,28.23,28.37,28.51,28.51,28.66,28.8,Maintain Status Quo,Mongolia,MNG,2021-05-03,v8,TRUE
2021-02-13,prevalence,176.58,177.71,178.98,178.98,180.25,181.39,Maintain Status Quo,Mongolia,MNG,2021-05-03,v8,TRUE
2021-02-13,cumulative_infections,524.49,547.39,572.84,572.84,598.28,621.19,Maintain Status Quo,Mongolia,MNG,2021-05-03,v8,TRUE
2021-02-13,cumulative_deaths,0.78,0.84,0.91,0.91,0.97,1.03,Maintain Status Quo,Mongolia,MNG,2021-05-03,v8,TRUE
2021-02-13,Rt,0.49,0.5,0.52,0.52,0.53,0.54,Maintain Status Quo,Mongolia,MNG,2021-05-03,v8,TRUE
2021-02-13,Reff,0.49,0.5,0.52,0.52,0.53,0.54,Maintain Status Quo,Mongolia,MNG,2021-05-03,v8,TRUE
2021-02-13,deaths,0.03,0.03,0.03,0.03,0.04,0.04,Relax Interventions 50%,Mongolia,MNG,2021-05-03,v8,TRUE
2021-02-13,hospital_demand,1.61,1.64,1.68,1.68,1.71,1.75,Relax Interventions 50%,Mongolia,MNG,2021-05-03,v8,TRUE
2021-02-13,ICU_demand,0.57,0.58,0.59,0.59,0.61,0.62,Relax Interventions 50%,Mongolia,MNG,2021-05-03,v8,TRUE
2021-02-13,infections,28.23,28.37,28.51,28.51,28.66,28.8,Relax Interventions 50%,Mongolia,MNG,2021-05-03,v8,TRUE
2021-02-13,prevalence,176.58,177.71,178.98,178.98,180.25,181.39,Relax Interventions 50%,Mongolia,MNG,2021-05-03,v8,TRUE
2021-02-13,cumulative_infections,524.49,547.39,572.84,572.84,598.28,621.19,Relax Interventions 50%,Mongolia,MNG,2021-05-03,v8,TRUE
2021-02-13,cumulative_deaths,0.78,0.84,0.91,0.91,0.97,1.03,Relax Interventions 50%,Mongolia,MNG,2021-05-03,v8,TRUE
2021-02-13,Rt,0.49,0.5,0.52,0.52,0.53,0.54,Relax Interventions 50%,Mongolia,MNG,2021-05-03,v8,TRUE
2021-02-13,Reff,0.49,0.5,0.52,0.52,0.53,0.54,Relax Interventions 50%,Mongolia,MNG,2021-05-03,v8,TRUE
2021-02-13,deaths,0.03,0.03,0.03,0.03,0.04,0.04,Surged Additional 50% Reduction,Mongolia,MNG,2021-05-03,v8,TRUE
2021-02-13,hospital_demand,1.61,1.64,1.68,1.68,1.71,1.75,Surged Additional 50% Reduction,Mongolia,MNG,2021-05-03,v8,TRUE
2021-02-13,ICU_demand,0.57,0.58,0.59,0.59,0.61,0.62,Surged Additional 50% Reduction,Mongolia,MNG,2021-05-03,v8,TRUE
2021-02-13,infections,28.23,28.37,28.51,28.51,28.66,28.8,Surged Additional 50% Reduction,Mongolia,MNG,2021-05-03,v8,TRUE
2021-02-13,prevalence,176.58,177.71,178.98,178.98,180.25,181.39,Surged Additional 50% Reduction,Mongolia,MNG,2021-05-03,v8,TRUE
2021-02-13,cumulative_infections,524.49,547.39,572.84,572.84,598.28,621.19,Surged Additional 50% Reduction,Mongolia,MNG,2021-05-03,v8,TRUE
2021-02-13,cumulative_deaths,0.78,0.84,0.91,0.91,0.97,1.03,Surged Additional 50% Reduction,Mongolia,MNG,2021-05-03,v8,TRUE
2021-02-13,Rt,0.49,0.5,0.52,0.52,0.53,0.54,Surged Additional 50% Reduction,Mongolia,MNG,2021-05-03,v8,TRUE
2021-02-13,Reff,0.49,0.5,0.52,0.52,0.53,0.54,Surged Additional 50% Reduction,Mongolia,MNG,2021-05-03,v8,TRUE
2021-02-13,deaths,0.03,0.03,0.03,0.03,0.04,0.04,Surged Maintain Status Quo,Mongolia,MNG,2021-05-03,v8,TRUE
2021-02-13,hospital_demand,1.61,1.64,1.68,1.68,1.71,1.75,Surged Maintain Status Quo,Mongolia,MNG,2021-05-03,v8,TRUE
2021-02-13,ICU_demand,0.57,0.58,0.59,0.59,0.61,0.62,Surged Maintain Status Quo,Mongolia,MNG,2021-05-03,v8,TRUE
2021-02-13,infections,28.23,28.37,28.51,28.51,28.66,28.8,Surged Maintain Status Quo,Mongolia,MNG,2021-05-03,v8,TRUE
2021-02-13,prevalence,176.58,177.71,178.98,178.98,180.25,181.39,Surged Maintain Status Quo,Mongolia,MNG,2021-05-03,v8,TRUE
2021-02-13,cumulative_infections,524.49,547.39,572.84,572.84,598.28,621.19,Surged Maintain Status Quo,Mongolia,MNG,2021-05-03,v8,TRUE
2021-02-13,cumulative_deaths,0.78,0.84,0.91,0.91,0.97,1.03,Surged Maintain Status Quo,Mongolia,MNG,2021-05-03,v8,TRUE
2021-02-13,Rt,0.49,0.5,0.52,0.52,0.53,0.54,Surged Maintain Status Quo,Mongolia,MNG,2021-05-03,v8,TRUE
2021-02-13,Reff,0.49,0.5,0.52,0.52,0.53,0.54,Surged Maintain Status Quo,Mongolia,MNG,2021-05-03,v8,TRUE
2021-02-13,deaths,0.03,0.03,0.03,0.03,0.04,0.04,Surged Relax Interventions 50%,Mongolia,MNG,2021-05-03,v8,TRUE
2021-02-13,hospital_demand,1.61,1.64,1.68,1.68,1.71,1.75,Surged Relax Interventions 50%,Mongolia,MNG,2021-05-03,v8,TRUE
2021-02-13,ICU_demand,0.57,0.58,0.59,0.59,0.61,0.62,Surged Relax Interventions 50%,Mongolia,MNG,2021-05-03,v8,TRUE
2021-02-13,infections,28.23,28.37,28.51,28.51,28.66,28.8,Surged Relax Interventions 50%,Mongolia,MNG,2021-05-03,v8,TRUE
2021-02-13,prevalence,176.58,177.71,178.98,178.98,180.25,181.39,Surged Relax Interventions 50%,Mongolia,MNG,2021-05-03,v8,TRUE
2021-02-13,cumulative_infections,524.49,547.39,572.84,572.84,598.28,621.19,Surged Relax Interventions 50%,Mongolia,MNG,2021-05-03,v8,TRUE
2021-02-13,cumulative_deaths,0.78,0.84,0.91,0.91,0.97,1.03,Surged Relax Interventions 50%,Mongolia,MNG,2021-05-03,v8,TRUE
2021-02-13,Rt,0.49,0.5,0.52,0.52,0.53,0.54,Surged Relax Interventions 50%,Mongolia,MNG,2021-05-03,v8,TRUE
2021-02-13,Reff,0.49,0.5,0.52,0.52,0.53,0.54,Surged Relax Interventions 50%,Mongolia,MNG,2021-05-03,v8,TRUE
2021-02-14,deaths,0.04,0.04,0.04,0.04,0.04,0.04,Additional 50% Reduction,Mongolia,MNG,2021-05-03,v8,TRUE
2021-02-14,hospital_demand,1.74,1.77,1.81,1.81,1.84,1.87,Additional 50% Reduction,Mongolia,MNG,2021-05-03,v8,TRUE
2021-02-14,ICU_demand,0.61,0.62,0.64,0.64,0.65,0.67,Additional 50% Reduction,Mongolia,MNG,2021-05-03,v8,TRUE
2021-02-14,infections,25.66,25.83,26.02,26.02,26.21,26.37,Additional 50% Reduction,Mongolia,MNG,2021-05-03,v8,TRUE
2021-02-14,prevalence,163.21,164.55,166.04,166.04,167.54,168.88,Additional 50% Reduction,Mongolia,MNG,2021-05-03,v8,TRUE
2021-02-14,cumulative_infections,550.16,573.23,598.86,598.86,624.49,647.56,Additional 50% Reduction,Mongolia,MNG,2021-05-03,v8,TRUE
2021-02-14,cumulative_deaths,0.82,0.88,0.94,0.94,1.01,1.07,Additional 50% Reduction,Mongolia,MNG,2021-05-03,v8,TRUE
2021-02-14,Rt,0.58,0.59,0.6,0.6,0.61,0.62,Additional 50% Reduction,Mongolia,MNG,2021-05-03,v8,TRUE
2021-02-14,Reff,0.58,0.59,0.6,0.6,0.61,0.62,Additional 50% Reduction,Mongolia,MNG,2021-05-03,v8,TRUE
2021-02-14,deaths,0.04,0.04,0.04,0.04,0.04,0.04,Maintain Status Quo,Mongolia,MNG,2021-05-03,v8,TRUE
2021-02-14,hospital_demand,1.74,1.77,1.81,1.81,1.84,1.87,Maintain Status Quo,Mongolia,MNG,2021-05-03,v8,TRUE
2021-02-14,ICU_demand,0.61,0.62,0.64,0.64,0.65,0.67,Maintain Status Quo,Mongolia,MNG,2021-05-03,v8,TRUE
2021-02-14,infections,25.66,25.83,26.02,26.02,26.21,26.37,Maintain Status Quo,Mongolia,MNG,2021-05-03,v8,TRUE
2021-02-14,prevalence,163.21,164.55,166.04,166.04,167.54,168.88,Maintain Status Quo,Mongolia,MNG,2021-05-03,v8,TRUE
2021-02-14,cumulative_infections,550.16,573.23,598.86,598.86,624.49,647.56,Maintain Status Quo,Mongolia,MNG,2021-05-03,v8,TRUE
2021-02-14,cumulative_deaths,0.82,0.88,0.94,0.94,1.01,1.07,Maintain Status Quo,Mongolia,MNG,2021-05-03,v8,TRUE
2021-02-14,Rt,0.58,0.59,0.6,0.6,0.61,0.62,Maintain Status Quo,Mongolia,MNG,2021-05-03,v8,TRUE
2021-02-14,Reff,0.58,0.59,0.6,0.6,0.61,0.62,Maintain Status Quo,Mongolia,MNG,2021-05-03,v8,TRUE
2021-02-14,deaths,0.04,0.04,0.04,0.04,0.04,0.04,Relax Interventions 50%,Mongolia,MNG,2021-05-03,v8,TRUE
2021-02-14,hospital_demand,1.74,1.77,1.81,1.81,1.84,1.87,Relax Interventions 50%,Mongolia,MNG,2021-05-03,v8,TRUE
2021-02-14,ICU_demand,0.61,0.62,0.64,0.64,0.65,0.67,Relax Interventions 50%,Mongolia,MNG,2021-05-03,v8,TRUE
2021-02-14,infections,25.66,25.83,26.02,26.02,26.21,26.37,Relax Interventions 50%,Mongolia,MNG,2021-05-03,v8,TRUE
2021-02-14,prevalence,163.21,164.55,166.04,166.04,167.54,168.88,Relax Interventions 50%,Mongolia,MNG,2021-05-03,v8,TRUE
2021-02-14,cumulative_infections,550.16,573.23,598.86,598.86,624.49,647.56,Relax Interventions 50%,Mongolia,MNG,2021-05-03,v8,TRUE
2021-02-14,cumulative_deaths,0.82,0.88,0.94,0.94,1.01,1.07,Relax Interventions 50%,Mongolia,MNG,2021-05-03,v8,TRUE
2021-02-14,Rt,0.58,0.59,0.6,0.6,0.61,0.62,Relax Interventions 50%,Mongolia,MNG,2021-05-03,v8,TRUE
2021-02-14,Reff,0.58,0.59,0.6,0.6,0.61,0.62,Relax Interventions 50%,Mongolia,MNG,2021-05-03,v8,TRUE
2021-02-14,deaths,0.04,0.04,0.04,0.04,0.04,0.04,Surged Additional 50% Reduction,Mongolia,MNG,2021-05-03,v8,TRUE
2021-02-14,hospital_demand,1.74,1.77,1.81,1.81,1.84,1.87,Surged Additional 50% Reduction,Mongolia,MNG,2021-05-03,v8,TRUE
2021-02-14,ICU_demand,0.61,0.62,0.64,0.64,0.65,0.67,Surged Additional 50% Reduction,Mongolia,MNG,2021-05-03,v8,TRUE
2021-02-14,infections,25.66,25.83,26.02,26.02,26.21,26.37,Surged Additional 50% Reduction,Mongolia,MNG,2021-05-03,v8,TRUE
2021-02-14,prevalence,163.21,164.55,166.04,166.04,167.54,168.88,Surged Additional 50% Reduction,Mongolia,MNG,2021-05-03,v8,TRUE
2021-02-14,cumulative_infections,550.16,573.23,598.86,598.86,624.49,647.56,Surged Additional 50% Reduction,Mongolia,MNG,2021-05-03,v8,TRUE
2021-02-14,cumulative_deaths,0.82,0.88,0.94,0.94,1.01,1.07,Surged Additional 50% Reduction,Mongolia,MNG,2021-05-03,v8,TRUE
2021-02-14,Rt,0.58,0.59,0.6,0.6,0.61,0.62,Surged Additional 50% Reduction,Mongolia,MNG,2021-05-03,v8,TRUE
2021-02-14,Reff,0.58,0.59,0.6,0.6,0.61,0.62,Surged Additional 50% Reduction,Mongolia,MNG,2021-05-03,v8,TRUE
2021-02-14,deaths,0.04,0.04,0.04,0.04,0.04,0.04,Surged Maintain Status Quo,Mongolia,MNG,2021-05-03,v8,TRUE
2021-02-14,hospital_demand,1.74,1.77,1.81,1.81,1.84,1.87,Surged Maintain Status Quo,Mongolia,MNG,2021-05-03,v8,TRUE
2021-02-14,ICU_demand,0.61,0.62,0.64,0.64,0.65,0.67,Surged Maintain Status Quo,Mongolia,MNG,2021-05-03,v8,TRUE
2021-02-14,infections,25.66,25.83,26.02,26.02,26.21,26.37,Surged Maintain Status Quo,Mongolia,MNG,2021-05-03,v8,TRUE
2021-02-14,prevalence,163.21,164.55,166.04,166.04,167.54,168.88,Surged Maintain Status Quo,Mongolia,MNG,2021-05-03,v8,TRUE
2021-02-14,cumulative_infections,550.16,573.23,598.86,598.86,624.49,647.56,Surged Maintain Status Quo,Mongolia,MNG,2021-05-03,v8,TRUE
2021-02-14,cumulative_deaths,0.82,0.88,0.94,0.94,1.01,1.07,Surged Maintain Status Quo,Mongolia,MNG,2021-05-03,v8,TRUE
2021-02-14,Rt,0.58,0.59,0.6,0.6,0.61,0.62,Surged Maintain Status Quo,Mongolia,MNG,2021-05-03,v8,TRUE
2021-02-14,Reff,0.58,0.59,0.6,0.6,0.61,0.62,Surged Maintain Status Quo,Mongolia,MNG,2021-05-03,v8,TRUE
2021-02-14,deaths,0.04,0.04,0.04,0.04,0.04,0.04,Surged Relax Interventions 50%,Mongolia,MNG,2021-05-03,v8,TRUE
2021-02-14,hospital_demand,1.74,1.77,1.81,1.81,1.84,1.87,Surged Relax Interventions 50%,Mongolia,MNG,2021-05-03,v8,TRUE
2021-02-14,ICU_demand,0.61,0.62,0.64,0.64,0.65,0.67,Surged Relax Interventions 50%,Mongolia,MNG,2021-05-03,v8,TRUE
2021-02-14,infections,25.66,25.83,26.02,26.02,26.21,26.37,Surged Relax Interventions 50%,Mongolia,MNG,2021-05-03,v8,TRUE
2021-02-14,prevalence,163.21,164.55,166.04,166.04,167.54,168.88,Surged Relax Interventions 50%,Mongolia,MNG,2021-05-03,v8,TRUE
2021-02-14,cumulative_infections,550.16,573.23,598.86,598.86,624.49,647.56,Surged Relax Interventions 50%,Mongolia,MNG,2021-05-03,v8,TRUE
2021-02-14,cumulative_deaths,0.82,0.88,0.94,0.94,1.01,1.07,Surged Relax Interventions 50%,Mongolia,MNG,2021-05-03,v8,TRUE
2021-02-14,Rt,0.58,0.59,0.6,0.6,0.61,0.62,Surged Relax Interventions 50%,Mongolia,MNG,2021-05-03,v8,TRUE
2021-02-14,Reff,0.58,0.59,0.6,0.6,0.61,0.62,Surged Relax Interventions 50%,Mongolia,MNG,2021-05-03,v8,TRUE
2021-02-15,deaths,0.04,0.04,0.04,0.04,0.04,0.04,Additional 50% Reduction,Mongolia,MNG,2021-05-03,v8,TRUE
2021-02-15,hospital_demand,1.88,1.9,1.94,1.94,1.97,2,Additional 50% Reduction,Mongolia,MNG,2021-05-03,v8,TRUE
2021-02-15,ICU_demand,0.66,0.67,0.68,0.68,0.7,0.71,Additional 50% Reduction,Mongolia,MNG,2021-05-03,v8,TRUE
2021-02-15,infections,23.18,23.39,23.62,23.62,23.84,24.05,Additional 50% Reduction,Mongolia,MNG,2021-05-03,v8,TRUE
2021-02-15,prevalence,152.24,153.78,155.48,155.48,157.19,158.73,Additional 50% Reduction,Mongolia,MNG,2021-05-03,v8,TRUE
2021-02-15,cumulative_infections,573.34,596.61,622.47,622.47,648.34,671.61,Additional 50% Reduction,Mongolia,MNG,2021-05-03,v8,TRUE
2021-02-15,cumulative_deaths,0.86,0.92,0.98,0.98,1.05,1.11,Additional 50% Reduction,Mongolia,MNG,2021-05-03,v8,TRUE
2021-02-15,Rt,0.56,0.57,0.58,0.58,0.59,0.6,Additional 50% Reduction,Mongolia,MNG,2021-05-03,v8,TRUE
2021-02-15,Reff,0.56,0.57,0.58,0.58,0.59,0.6,Additional 50% Reduction,Mongolia,MNG,2021-05-03,v8,TRUE
2021-02-15,deaths,0.04,0.04,0.04,0.04,0.04,0.04,Maintain Status Quo,Mongolia,MNG,2021-05-03,v8,TRUE
2021-02-15,hospital_demand,1.88,1.9,1.94,1.94,1.97,2,Maintain Status Quo,Mongolia,MNG,2021-05-03,v8,TRUE
2021-02-15,ICU_demand,0.66,0.67,0.68,0.68,0.7,0.71,Maintain Status Quo,Mongolia,MNG,2021-05-03,v8,TRUE
2021-02-15,infections,23.18,23.39,23.62,23.62,23.84,24.05,Maintain Status Quo,Mongolia,MNG,2021-05-03,v8,TRUE
2021-02-15,prevalence,152.24,153.78,155.48,155.48,157.19,158.73,Maintain Status Quo,Mongolia,MNG,2021-05-03,v8,TRUE
2021-02-15,cumulative_infections,573.34,596.61,622.47,622.47,648.34,671.61,Maintain Status Quo,Mongolia,MNG,2021-05-03,v8,TRUE
2021-02-15,cumulative_deaths,0.86,0.92,0.98,0.98,1.05,1.11,Maintain Status Quo,Mongolia,MNG,2021-05-03,v8,TRUE
2021-02-15,Rt,0.56,0.57,0.58,0.58,0.59,0.6,Maintain Status Quo,Mongolia,MNG,2021-05-03,v8,TRUE
2021-02-15,Reff,0.56,0.57,0.58,0.58,0.59,0.6,Maintain Status Quo,Mongolia,MNG,2021-05-03,v8,TRUE
2021-02-15,deaths,0.04,0.04,0.04,0.04,0.04,0.04,Relax Interventions 50%,Mongolia,MNG,2021-05-03,v8,TRUE
2021-02-15,hospital_demand,1.88,1.9,1.94,1.94,1.97,2,Relax Interventions 50%,Mongolia,MNG,2021-05-03,v8,TRUE
2021-02-15,ICU_demand,0.66,0.67,0.68,0.68,0.7,0.71,Relax Interventions 50%,Mongolia,MNG,2021-05-03,v8,TRUE
2021-02-15,infections,23.18,23.39,23.62,23.62,23.84,24.05,Relax Interventions 50%,Mongolia,MNG,2021-05-03,v8,TRUE
2021-02-15,prevalence,152.24,153.78,155.48,155.48,157.19,158.73,Relax Interventions 50%,Mongolia,MNG,2021-05-03,v8,TRUE
2021-02-15,cumulative_infections,573.34,596.61,622.47,622.47,648.34,671.61,Relax Interventions 50%,Mongolia,MNG,2021-05-03,v8,TRUE
2021-02-15,cumulative_deaths,0.86,0.92,0.98,0.98,1.05,1.11,Relax Interventions 50%,Mongolia,MNG,2021-05-03,v8,TRUE
2021-02-15,Rt,0.56,0.57,0.58,0.58,0.59,0.6,Relax Interventions 50%,Mongolia,MNG,2021-05-03,v8,TRUE
2021-02-15,Reff,0.56,0.57,0.58,0.58,0.59,0.6,Relax Interventions 50%,Mongolia,MNG,2021-05-03,v8,TRUE
2021-02-15,deaths,0.04,0.04,0.04,0.04,0.04,0.04,Surged Additional 50% Reduction,Mongolia,MNG,2021-05-03,v8,TRUE
2021-02-15,hospital_demand,1.88,1.9,1.94,1.94,1.97,2,Surged Additional 50% Reduction,Mongolia,MNG,2021-05-03,v8,TRUE
2021-02-15,ICU_demand,0.66,0.67,0.68,0.68,0.7,0.71,Surged Additional 50% Reduction,Mongolia,MNG,2021-05-03,v8,TRUE
2021-02-15,infections,23.18,23.39,23.62,23.62,23.84,24.05,Surged Additional 50% Reduction,Mongolia,MNG,2021-05-03,v8,TRUE
2021-02-15,prevalence,152.24,153.78,155.48,155.48,157.19,158.73,Surged Additional 50% Reduction,Mongolia,MNG,2021-05-03,v8,TRUE
2021-02-15,cumulative_infections,573.34,596.61,622.47,622.47,648.34,671.61,Surged Additional 50% Reduction,Mongolia,MNG,2021-05-03,v8,TRUE
2021-02-15,cumulative_deaths,0.86,0.92,0.98,0.98,1.05,1.11,Surged Additional 50% Reduction,Mongolia,MNG,2021-05-03,v8,TRUE
2021-02-15,Rt,0.56,0.57,0.58,0.58,0.59,0.6,Surged Additional 50% Reduction,Mongolia,MNG,2021-05-03,v8,TRUE
2021-02-15,Reff,0.56,0.57,0.58,0.58,0.59,0.6,Surged Additional 50% Reduction,Mongolia,MNG,2021-05-03,v8,TRUE
2021-02-15,deaths,0.04,0.04,0.04,0.04,0.04,0.04,Surged Maintain Status Quo,Mongolia,MNG,2021-05-03,v8,TRUE
2021-02-15,hospital_demand,1.88,1.9,1.94,1.94,1.97,2,Surged Maintain Status Quo,Mongolia,MNG,2021-05-03,v8,TRUE
2021-02-15,ICU_demand,0.66,0.67,0.68,0.68,0.7,0.71,Surged Maintain Status Quo,Mongolia,MNG,2021-05-03,v8,TRUE
2021-02-15,infections,23.18,23.39,23.62,23.62,23.84,24.05,Surged Maintain Status Quo,Mongolia,MNG,2021-05-03,v8,TRUE
2021-02-15,prevalence,152.24,153.78,155.48,155.48,157.19,158.73,Surged Maintain Status Quo,Mongolia,MNG,2021-05-03,v8,TRUE
2021-02-15,cumulative_infections,573.34,596.61,622.47,622.47,648.34,671.61,Surged Maintain Status Quo,Mongolia,MNG,2021-05-03,v8,TRUE
2021-02-15,cumulative_deaths,0.86,0.92,0.98,0.98,1.05,1.11,Surged Maintain Status Quo,Mongolia,MNG,2021-05-03,v8,TRUE
2021-02-15,Rt,0.56,0.57,0.58,0.58,0.59,0.6,Surged Maintain Status Quo,Mongolia,MNG,2021-05-03,v8,TRUE
2021-02-15,Reff,0.56,0.57,0.58,0.58,0.59,0.6,Surged Maintain Status Quo,Mongolia,MNG,2021-05-03,v8,TRUE
2021-02-15,deaths,0.04,0.04,0.04,0.04,0.04,0.04,Surged Relax Interventions 50%,Mongolia,MNG,2021-05-03,v8,TRUE
2021-02-15,hospital_demand,1.88,1.9,1.94,1.94,1.97,2,Surged Relax Interventions 50%,Mongolia,MNG,2021-05-03,v8,TRUE
2021-02-15,ICU_demand,0.66,0.67,0.68,0.68,0.7,0.71,Surged Relax Interventions 50%,Mongolia,MNG,2021-05-03,v8,TRUE
2021-02-15,infections,23.18,23.39,23.62,23.62,23.84,24.05,Surged Relax Interventions 50%,Mongolia,MNG,2021-05-03,v8,TRUE
2021-02-15,prevalence,152.24,153.78,155.48,155.48,157.19,158.73,Surged Relax Interventions 50%,Mongolia,MNG,2021-05-03,v8,TRUE
2021-02-15,cumulative_infections,573.34,596.61,622.47,622.47,648.34,671.61,Surged Relax Interventions 50%,Mongolia,MNG,2021-05-03,v8,TRUE
2021-02-15,cumulative_deaths,0.86,0.92,0.98,0.98,1.05,1.11,Surged Relax Interventions 50%,Mongolia,MNG,2021-05-03,v8,TRUE
2021-02-15,Rt,0.56,0.57,0.58,0.58,0.59,0.6,Surged Relax Interventions 50%,Mongolia,MNG,2021-05-03,v8,TRUE
2021-02-15,Reff,0.56,0.57,0.58,0.58,0.59,0.6,Surged Relax Interventions 50%,Mongolia,MNG,2021-05-03,v8,TRUE
2021-02-16,deaths,0.04,0.04,0.04,0.04,0.04,0.04,Additional 50% Reduction,Mongolia,MNG,2021-05-03,v8,TRUE
2021-02-16,hospital_demand,2,2.03,2.06,2.06,2.09,2.12,Additional 50% Reduction,Mongolia,MNG,2021-05-03,v8,TRUE
2021-02-16,ICU_demand,0.7,0.71,0.73,0.73,0.74,0.75,Additional 50% Reduction,Mongolia,MNG,2021-05-03,v8,TRUE
2021-02-16,infections,21.08,21.32,21.58,21.58,21.85,22.09,Additional 50% Reduction,Mongolia,MNG,2021-05-03,v8,TRUE
2021-02-16,prevalence,141.46,143.18,145.09,145.09,147,148.71,Additional 50% Reduction,Mongolia,MNG,2021-05-03,v8,TRUE
2021-02-16,cumulative_infections,594.41,617.93,644.06,644.06,670.19,693.7,Additional 50% Reduction,Mongolia,MNG,2021-05-03,v8,TRUE
2021-02-16,cumulative_deaths,0.9,0.96,1.03,1.03,1.09,1.15,Additional 50% Reduction,Mongolia,MNG,2021-05-03,v8,TRUE
2021-02-16,Rt,0.74,0.75,0.76,0.76,0.77,0.79,Additional 50% Reduction,Mongolia,MNG,2021-05-03,v8,TRUE
2021-02-16,Reff,0.74,0.75,0.76,0.76,0.77,0.79,Additional 50% Reduction,Mongolia,MNG,2021-05-03,v8,TRUE
2021-02-16,deaths,0.04,0.04,0.04,0.04,0.04,0.04,Maintain Status Quo,Mongolia,MNG,2021-05-03,v8,TRUE
2021-02-16,hospital_demand,2,2.03,2.06,2.06,2.09,2.12,Maintain Status Quo,Mongolia,MNG,2021-05-03,v8,TRUE
2021-02-16,ICU_demand,0.7,0.71,0.73,0.73,0.74,0.75,Maintain Status Quo,Mongolia,MNG,2021-05-03,v8,TRUE
2021-02-16,infections,21.08,21.32,21.58,21.58,21.85,22.09,Maintain Status Quo,Mongolia,MNG,2021-05-03,v8,TRUE
2021-02-16,prevalence,141.46,143.18,145.09,145.09,147,148.71,Maintain Status Quo,Mongolia,MNG,2021-05-03,v8,TRUE
2021-02-16,cumulative_infections,594.41,617.93,644.06,644.06,670.19,693.7,Maintain Status Quo,Mongolia,MNG,2021-05-03,v8,TRUE
2021-02-16,cumulative_deaths,0.9,0.96,1.03,1.03,1.09,1.15,Maintain Status Quo,Mongolia,MNG,2021-05-03,v8,TRUE
2021-02-16,Rt,0.74,0.75,0.76,0.76,0.77,0.79,Maintain Status Quo,Mongolia,MNG,2021-05-03,v8,TRUE
2021-02-16,Reff,0.74,0.75,0.76,0.76,0.77,0.79,Maintain Status Quo,Mongolia,MNG,2021-05-03,v8,TRUE
2021-02-16,deaths,0.04,0.04,0.04,0.04,0.04,0.04,Relax Interventions 50%,Mongolia,MNG,2021-05-03,v8,TRUE
2021-02-16,hospital_demand,2,2.03,2.06,2.06,2.09,2.12,Relax Interventions 50%,Mongolia,MNG,2021-05-03,v8,TRUE
2021-02-16,ICU_demand,0.7,0.71,0.73,0.73,0.74,0.75,Relax Interventions 50%,Mongolia,MNG,2021-05-03,v8,TRUE
2021-02-16,infections,21.08,21.32,21.58,21.58,21.85,22.09,Relax Interventions 50%,Mongolia,MNG,2021-05-03,v8,TRUE
2021-02-16,prevalence,141.46,143.18,145.09,145.09,147,148.71,Relax Interventions 50%,Mongolia,MNG,2021-05-03,v8,TRUE
2021-02-16,cumulative_infections,594.41,617.93,644.06,644.06,670.19,693.7,Relax Interventions 50%,Mongolia,MNG,2021-05-03,v8,TRUE
2021-02-16,cumulative_deaths,0.9,0.96,1.03,1.03,1.09,1.15,Relax Interventions 50%,Mongolia,MNG,2021-05-03,v8,TRUE
2021-02-16,Rt,0.74,0.75,0.76,0.76,0.77,0.79,Relax Interventions 50%,Mongolia,MNG,2021-05-03,v8,TRUE
2021-02-16,Reff,0.74,0.75,0.76,0.76,0.77,0.79,Relax Interventions 50%,Mongolia,MNG,2021-05-03,v8,TRUE
2021-02-16,deaths,0.04,0.04,0.04,0.04,0.04,0.04,Surged Additional 50% Reduction,Mongolia,MNG,2021-05-03,v8,TRUE
2021-02-16,hospital_demand,2,2.03,2.06,2.06,2.09,2.12,Surged Additional 50% Reduction,Mongolia,MNG,2021-05-03,v8,TRUE
2021-02-16,ICU_demand,0.7,0.71,0.73,0.73,0.74,0.75,Surged Additional 50% Reduction,Mongolia,MNG,2021-05-03,v8,TRUE
2021-02-16,infections,21.08,21.32,21.58,21.58,21.85,22.09,Surged Additional 50% Reduction,Mongolia,MNG,2021-05-03,v8,TRUE
2021-02-16,prevalence,141.46,143.18,145.09,145.09,147,148.71,Surged Additional 50% Reduction,Mongolia,MNG,2021-05-03,v8,TRUE
2021-02-16,cumulative_infections,594.41,617.93,644.06,644.06,670.19,693.7,Surged Additional 50% Reduction,Mongolia,MNG,2021-05-03,v8,TRUE
2021-02-16,cumulative_deaths,0.9,0.96,1.03,1.03,1.09,1.15,Surged Additional 50% Reduction,Mongolia,MNG,2021-05-03,v8,TRUE
2021-02-16,Rt,0.74,0.75,0.76,0.76,0.77,0.79,Surged Additional 50% Reduction,Mongolia,MNG,2021-05-03,v8,TRUE
2021-02-16,Reff,0.74,0.75,0.76,0.76,0.77,0.79,Surged Additional 50% Reduction,Mongolia,MNG,2021-05-03,v8,TRUE
2021-02-16,deaths,0.04,0.04,0.04,0.04,0.04,0.04,Surged Maintain Status Quo,Mongolia,MNG,2021-05-03,v8,TRUE
2021-02-16,hospital_demand,2,2.03,2.06,2.06,2.09,2.12,Surged Maintain Status Quo,Mongolia,MNG,2021-05-03,v8,TRUE
2021-02-16,ICU_demand,0.7,0.71,0.73,0.73,0.74,0.75,Surged Maintain Status Quo,Mongolia,MNG,2021-05-03,v8,TRUE
2021-02-16,infections,21.08,21.32,21.58,21.58,21.85,22.09,Surged Maintain Status Quo,Mongolia,MNG,2021-05-03,v8,TRUE
2021-02-16,prevalence,141.46,143.18,145.09,145.09,147,148.71,Surged Maintain Status Quo,Mongolia,MNG,2021-05-03,v8,TRUE
2021-02-16,cumulative_infections,594.41,617.93,644.06,644.06,670.19,693.7,Surged Maintain Status Quo,Mongolia,MNG,2021-05-03,v8,TRUE
2021-02-16,cumulative_deaths,0.9,0.96,1.03,1.03,1.09,1.15,Surged Maintain Status Quo,Mongolia,MNG,2021-05-03,v8,TRUE
2021-02-16,Rt,0.74,0.75,0.76,0.76,0.77,0.79,Surged Maintain Status Quo,Mongolia,MNG,2021-05-03,v8,TRUE
2021-02-16,Reff,0.74,0.75,0.76,0.76,0.77,0.79,Surged Maintain Status Quo,Mongolia,MNG,2021-05-03,v8,TRUE
2021-02-16,deaths,0.04,0.04,0.04,0.04,0.04,0.04,Surged Relax Interventions 50%,Mongolia,MNG,2021-05-03,v8,TRUE
2021-02-16,hospital_demand,2,2.03,2.06,2.06,2.09,2.12,Surged Relax Interventions 50%,Mongolia,MNG,2021-05-03,v8,TRUE
2021-02-16,ICU_demand,0.7,0.71,0.73,0.73,0.74,0.75,Surged Relax Interventions 50%,Mongolia,MNG,2021-05-03,v8,TRUE
2021-02-16,infections,21.08,21.32,21.58,21.58,21.85,22.09,Surged Relax Interventions 50%,Mongolia,MNG,2021-05-03,v8,TRUE
2021-02-16,prevalence,141.46,143.18,145.09,145.09,147,148.71,Surged Relax Interventions 50%,Mongolia,MNG,2021-05-03,v8,TRUE
2021-02-16,cumulative_infections,594.41,617.93,644.06,644.06,670.19,693.7,Surged Relax Interventions 50%,Mongolia,MNG,2021-05-03,v8,TRUE
2021-02-16,cumulative_deaths,0.9,0.96,1.03,1.03,1.09,1.15,Surged Relax Interventions 50%,Mongolia,MNG,2021-05-03,v8,TRUE
2021-02-16,Rt,0.74,0.75,0.76,0.76,0.77,0.79,Surged Relax Interventions 50%,Mongolia,MNG,2021-05-03,v8,TRUE
2021-02-16,Reff,0.74,0.75,0.76,0.76,0.77,0.79,Surged Relax Interventions 50%,Mongolia,MNG,2021-05-03,v8,TRUE
2021-02-17,deaths,0.04,0.05,0.05,0.05,0.05,0.05,Additional 50% Reduction,Mongolia,MNG,2021-05-03,v8,TRUE
2021-02-17,hospital_demand,2.11,2.14,2.17,2.17,2.2,2.23,Additional 50% Reduction,Mongolia,MNG,2021-05-03,v8,TRUE
2021-02-17,ICU_demand,0.74,0.75,0.77,0.77,0.78,0.79,Additional 50% Reduction,Mongolia,MNG,2021-05-03,v8,TRUE
2021-02-17,infections,19.56,19.84,20.14,20.14,20.45,20.72,Additional 50% Reduction,Mongolia,MNG,2021-05-03,v8,TRUE
2021-02-17,prevalence,135.36,137.31,139.49,139.49,141.66,143.62,Additional 50% Reduction,Mongolia,MNG,2021-05-03,v8,TRUE
2021-02-17,cumulative_infections,613.97,637.76,664.2,664.2,690.63,714.42,Additional 50% Reduction,Mongolia,MNG,2021-05-03,v8,TRUE
2021-02-17,cumulative_deaths,0.94,1,1.07,1.07,1.14,1.2,Additional 50% Reduction,Mongolia,MNG,2021-05-03,v8,TRUE
2021-02-17,Rt,0.79,0.8,0.82,0.82,0.83,0.84,Additional 50% Reduction,Mongolia,MNG,2021-05-03,v8,TRUE
2021-02-17,Reff,0.79,0.8,0.82,0.82,0.83,0.84,Additional 50% Reduction,Mongolia,MNG,2021-05-03,v8,TRUE
2021-02-17,deaths,0.04,0.05,0.05,0.05,0.05,0.05,Maintain Status Quo,Mongolia,MNG,2021-05-03,v8,TRUE
2021-02-17,hospital_demand,2.11,2.14,2.17,2.17,2.2,2.23,Maintain Status Quo,Mongolia,MNG,2021-05-03,v8,TRUE
2021-02-17,ICU_demand,0.74,0.75,0.77,0.77,0.78,0.79,Maintain Status Quo,Mongolia,MNG,2021-05-03,v8,TRUE
2021-02-17,infections,19.56,19.84,20.14,20.14,20.45,20.72,Maintain Status Quo,Mongolia,MNG,2021-05-03,v8,TRUE
2021-02-17,prevalence,135.36,137.31,139.49,139.49,141.66,143.62,Maintain Status Quo,Mongolia,MNG,2021-05-03,v8,TRUE
2021-02-17,cumulative_infections,613.97,637.76,664.2,664.2,690.63,714.42,Maintain Status Quo,Mongolia,MNG,2021-05-03,v8,TRUE
2021-02-17,cumulative_deaths,0.94,1,1.07,1.07,1.14,1.2,Maintain Status Quo,Mongolia,MNG,2021-05-03,v8,TRUE
2021-02-17,Rt,0.79,0.8,0.82,0.82,0.83,0.84,Maintain Status Quo,Mongolia,MNG,2021-05-03,v8,TRUE
2021-02-17,Reff,0.79,0.8,0.82,0.82,0.83,0.84,Maintain Status Quo,Mongolia,MNG,2021-05-03,v8,TRUE
2021-02-17,deaths,0.04,0.05,0.05,0.05,0.05,0.05,Relax Interventions 50%,Mongolia,MNG,2021-05-03,v8,TRUE
2021-02-17,hospital_demand,2.11,2.14,2.17,2.17,2.2,2.23,Relax Interventions 50%,Mongolia,MNG,2021-05-03,v8,TRUE
2021-02-17,ICU_demand,0.74,0.75,0.77,0.77,0.78,0.79,Relax Interventions 50%,Mongolia,MNG,2021-05-03,v8,TRUE
2021-02-17,infections,19.56,19.84,20.14,20.14,20.45,20.72,Relax Interventions 50%,Mongolia,MNG,2021-05-03,v8,TRUE
2021-02-17,prevalence,135.36,137.31,139.49,139.49,141.66,143.62,Relax Interventions 50%,Mongolia,MNG,2021-05-03,v8,TRUE
2021-02-17,cumulative_infections,613.97,637.76,664.2,664.2,690.63,714.42,Relax Interventions 50%,Mongolia,MNG,2021-05-03,v8,TRUE
2021-02-17,cumulative_deaths,0.94,1,1.07,1.07,1.14,1.2,Relax Interventions 50%,Mongolia,MNG,2021-05-03,v8,TRUE
2021-02-17,Rt,0.79,0.8,0.82,0.82,0.83,0.84,Relax Interventions 50%,Mongolia,MNG,2021-05-03,v8,TRUE
2021-02-17,Reff,0.79,0.8,0.82,0.82,0.83,0.84,Relax Interventions 50%,Mongolia,MNG,2021-05-03,v8,TRUE
2021-02-17,deaths,0.04,0.05,0.05,0.05,0.05,0.05,Surged Additional 50% Reduction,Mongolia,MNG,2021-05-03,v8,TRUE
2021-02-17,hospital_demand,2.11,2.14,2.17,2.17,2.2,2.23,Surged Additional 50% Reduction,Mongolia,MNG,2021-05-03,v8,TRUE
2021-02-17,ICU_demand,0.74,0.75,0.77,0.77,0.78,0.79,Surged Additional 50% Reduction,Mongolia,MNG,2021-05-03,v8,TRUE
2021-02-17,infections,19.56,19.84,20.14,20.14,20.45,20.72,Surged Additional 50% Reduction,Mongolia,MNG,2021-05-03,v8,TRUE
2021-02-17,prevalence,135.36,137.31,139.49,139.49,141.66,143.62,Surged Additional 50% Reduction,Mongolia,MNG,2021-05-03,v8,TRUE
2021-02-17,cumulative_infections,613.97,637.76,664.2,664.2,690.63,714.42,Surged Additional 50% Reduction,Mongolia,MNG,2021-05-03,v8,TRUE
2021-02-17,cumulative_deaths,0.94,1,1.07,1.07,1.14,1.2,Surged Additional 50% Reduction,Mongolia,MNG,2021-05-03,v8,TRUE
2021-02-17,Rt,0.79,0.8,0.82,0.82,0.83,0.84,Surged Additional 50% Reduction,Mongolia,MNG,2021-05-03,v8,TRUE
2021-02-17,Reff,0.79,0.8,0.82,0.82,0.83,0.84,Surged Additional 50% Reduction,Mongolia,MNG,2021-05-03,v8,TRUE
2021-02-17,deaths,0.04,0.05,0.05,0.05,0.05,0.05,Surged Maintain Status Quo,Mongolia,MNG,2021-05-03,v8,TRUE
2021-02-17,hospital_demand,2.11,2.14,2.17,2.17,2.2,2.23,Surged Maintain Status Quo,Mongolia,MNG,2021-05-03,v8,TRUE
2021-02-17,ICU_demand,0.74,0.75,0.77,0.77,0.78,0.79,Surged Maintain Status Quo,Mongolia,MNG,2021-05-03,v8,TRUE
2021-02-17,infections,19.56,19.84,20.14,20.14,20.45,20.72,Surged Maintain Status Quo,Mongolia,MNG,2021-05-03,v8,TRUE
2021-02-17,prevalence,135.36,137.31,139.49,139.49,141.66,143.62,Surged Maintain Status Quo,Mongolia,MNG,2021-05-03,v8,TRUE
2021-02-17,cumulative_infections,613.97,637.76,664.2,664.2,690.63,714.42,Surged Maintain Status Quo,Mongolia,MNG,2021-05-03,v8,TRUE
2021-02-17,cumulative_deaths,0.94,1,1.07,1.07,1.14,1.2,Surged Maintain Status Quo,Mongolia,MNG,2021-05-03,v8,TRUE
2021-02-17,Rt,0.79,0.8,0.82,0.82,0.83,0.84,Surged Maintain Status Quo,Mongolia,MNG,2021-05-03,v8,TRUE
2021-02-17,Reff,0.79,0.8,0.82,0.82,0.83,0.84,Surged Maintain Status Quo,Mongolia,MNG,2021-05-03,v8,TRUE
2021-02-17,deaths,0.04,0.05,0.05,0.05,0.05,0.05,Surged Relax Interventions 50%,Mongolia,MNG,2021-05-03,v8,TRUE
2021-02-17,hospital_demand,2.11,2.14,2.17,2.17,2.2,2.23,Surged Relax Interventions 50%,Mongolia,MNG,2021-05-03,v8,TRUE
2021-02-17,ICU_demand,0.74,0.75,0.77,0.77,0.78,0.79,Surged Relax Interventions 50%,Mongolia,MNG,2021-05-03,v8,TRUE
2021-02-17,infections,19.56,19.84,20.14,20.14,20.45,20.72,Surged Relax Interventions 50%,Mongolia,MNG,2021-05-03,v8,TRUE
2021-02-17,prevalence,135.36,137.31,139.49,139.49,141.66,143.62,Surged Relax Interventions 50%,Mongolia,MNG,2021-05-03,v8,TRUE
2021-02-17,cumulative_infections,613.97,637.76,664.2,664.2,690.63,714.42,Surged Relax Interventions 50%,Mongolia,MNG,2021-05-03,v8,TRUE
2021-02-17,cumulative_deaths,0.94,1,1.07,1.07,1.14,1.2,Surged Relax Interventions 50%,Mongolia,MNG,2021-05-03,v8,TRUE
2021-02-17,Rt,0.79,0.8,0.82,0.82,0.83,0.84,Surged Relax Interventions 50%,Mongolia,MNG,2021-05-03,v8,TRUE
2021-02-17,Reff,0.79,0.8,0.82,0.82,0.83,0.84,Surged Relax Interventions 50%,Mongolia,MNG,2021-05-03,v8,TRUE
2021-02-18,deaths,0.05,0.05,0.05,0.05,0.05,0.05,Additional 50% Reduction,Mongolia,MNG,2021-05-03,v8,TRUE
2021-02-18,hospital_demand,2.2,2.23,2.26,2.26,2.29,2.31,Additional 50% Reduction,Mongolia,MNG,2021-05-03,v8,TRUE
2021-02-18,ICU_demand,0.78,0.79,0.8,0.8,0.81,0.83,Additional 50% Reduction,Mongolia,MNG,2021-05-03,v8,TRUE
2021-02-18,infections,18.66,18.97,19.31,19.31,19.66,19.97,Additional 50% Reduction,Mongolia,MNG,2021-05-03,v8,TRUE
2021-02-18,prevalence,130.87,133.04,135.45,135.45,137.86,140.03,Additional 50% Reduction,Mongolia,MNG,2021-05-03,v8,TRUE
2021-02-18,cumulative_infections,632.63,656.73,683.51,683.51,710.29,734.4,Additional 50% Reduction,Mongolia,MNG,2021-05-03,v8,TRUE
2021-02-18,cumulative_deaths,0.99,1.05,1.12,1.12,1.19,1.25,Additional 50% Reduction,Mongolia,MNG,2021-05-03,v8,TRUE
2021-02-18,Rt,0.81,0.82,0.84,0.84,0.85,0.86,Additional 50% Reduction,Mongolia,MNG,2021-05-03,v8,TRUE
2021-02-18,Reff,0.81,0.82,0.84,0.84,0.85,0.86,Additional 50% Reduction,Mongolia,MNG,2021-05-03,v8,TRUE
2021-02-18,deaths,0.05,0.05,0.05,0.05,0.05,0.05,Maintain Status Quo,Mongolia,MNG,2021-05-03,v8,TRUE
2021-02-18,hospital_demand,2.2,2.23,2.26,2.26,2.29,2.31,Maintain Status Quo,Mongolia,MNG,2021-05-03,v8,TRUE
2021-02-18,ICU_demand,0.78,0.79,0.8,0.8,0.81,0.83,Maintain Status Quo,Mongolia,MNG,2021-05-03,v8,TRUE
2021-02-18,infections,18.66,18.97,19.31,19.31,19.66,19.97,Maintain Status Quo,Mongolia,MNG,2021-05-03,v8,TRUE
2021-02-18,prevalence,130.87,133.04,135.45,135.45,137.86,140.03,Maintain Status Quo,Mongolia,MNG,2021-05-03,v8,TRUE
2021-02-18,cumulative_infections,632.63,656.73,683.51,683.51,710.29,734.4,Maintain Status Quo,Mongolia,MNG,2021-05-03,v8,TRUE
2021-02-18,cumulative_deaths,0.99,1.05,1.12,1.12,1.19,1.25,Maintain Status Quo,Mongolia,MNG,2021-05-03,v8,TRUE
2021-02-18,Rt,0.81,0.82,0.84,0.84,0.85,0.86,Maintain Status Quo,Mongolia,MNG,2021-05-03,v8,TRUE
2021-02-18,Reff,0.81,0.82,0.84,0.84,0.85,0.86,Maintain Status Quo,Mongolia,MNG,2021-05-03,v8,TRUE
2021-02-18,deaths,0.05,0.05,0.05,0.05,0.05,0.05,Relax Interventions 50%,Mongolia,MNG,2021-05-03,v8,TRUE
2021-02-18,hospital_demand,2.2,2.23,2.26,2.26,2.29,2.31,Relax Interventions 50%,Mongolia,MNG,2021-05-03,v8,TRUE
2021-02-18,ICU_demand,0.78,0.79,0.8,0.8,0.81,0.83,Relax Interventions 50%,Mongolia,MNG,2021-05-03,v8,TRUE
2021-02-18,infections,18.66,18.97,19.31,19.31,19.66,19.97,Relax Interventions 50%,Mongolia,MNG,2021-05-03,v8,TRUE
2021-02-18,prevalence,130.87,133.04,135.45,135.45,137.86,140.03,Relax Interventions 50%,Mongolia,MNG,2021-05-03,v8,TRUE
2021-02-18,cumulative_infections,632.63,656.73,683.51,683.51,710.29,734.4,Relax Interventions 50%,Mongolia,MNG,2021-05-03,v8,TRUE
2021-02-18,cumulative_deaths,0.99,1.05,1.12,1.12,1.19,1.25,Relax Interventions 50%,Mongolia,MNG,2021-05-03,v8,TRUE
2021-02-18,Rt,0.81,0.82,0.84,0.84,0.85,0.86,Relax Interventions 50%,Mongolia,MNG,2021-05-03,v8,TRUE
2021-02-18,Reff,0.81,0.82,0.84,0.84,0.85,0.86,Relax Interventions 50%,Mongolia,MNG,2021-05-03,v8,TRUE
2021-02-18,deaths,0.05,0.05,0.05,0.05,0.05,0.05,Surged Additional 50% Reduction,Mongolia,MNG,2021-05-03,v8,TRUE
2021-02-18,hospital_demand,2.2,2.23,2.26,2.26,2.29,2.31,Surged Additional 50% Reduction,Mongolia,MNG,2021-05-03,v8,TRUE
2021-02-18,ICU_demand,0.78,0.79,0.8,0.8,0.81,0.83,Surged Additional 50% Reduction,Mongolia,MNG,2021-05-03,v8,TRUE
2021-02-18,infections,18.66,18.97,19.31,19.31,19.66,19.97,Surged Additional 50% Reduction,Mongolia,MNG,2021-05-03,v8,TRUE
2021-02-18,prevalence,130.87,133.04,135.45,135.45,137.86,140.03,Surged Additional 50% Reduction,Mongolia,MNG,2021-05-03,v8,TRUE
2021-02-18,cumulative_infections,632.63,656.73,683.51,683.51,710.29,734.4,Surged Additional 50% Reduction,Mongolia,MNG,2021-05-03,v8,TRUE
2021-02-18,cumulative_deaths,0.99,1.05,1.12,1.12,1.19,1.25,Surged Additional 50% Reduction,Mongolia,MNG,2021-05-03,v8,TRUE
2021-02-18,Rt,0.81,0.82,0.84,0.84,0.85,0.86,Surged Additional 50% Reduction,Mongolia,MNG,2021-05-03,v8,TRUE
2021-02-18,Reff,0.81,0.82,0.84,0.84,0.85,0.86,Surged Additional 50% Reduction,Mongolia,MNG,2021-05-03,v8,TRUE
2021-02-18,deaths,0.05,0.05,0.05,0.05,0.05,0.05,Surged Maintain Status Quo,Mongolia,MNG,2021-05-03,v8,TRUE
2021-02-18,hospital_demand,2.2,2.23,2.26,2.26,2.29,2.31,Surged Maintain Status Quo,Mongolia,MNG,2021-05-03,v8,TRUE
2021-02-18,ICU_demand,0.78,0.79,0.8,0.8,0.81,0.83,Surged Maintain Status Quo,Mongolia,MNG,2021-05-03,v8,TRUE
2021-02-18,infections,18.66,18.97,19.31,19.31,19.66,19.97,Surged Maintain Status Quo,Mongolia,MNG,2021-05-03,v8,TRUE
2021-02-18,prevalence,130.87,133.04,135.45,135.45,137.86,140.03,Surged Maintain Status Quo,Mongolia,MNG,2021-05-03,v8,TRUE
2021-02-18,cumulative_infections,632.63,656.73,683.51,683.51,710.29,734.4,Surged Maintain Status Quo,Mongolia,MNG,2021-05-03,v8,TRUE
2021-02-18,cumulative_deaths,0.99,1.05,1.12,1.12,1.19,1.25,Surged Maintain Status Quo,Mongolia,MNG,2021-05-03,v8,TRUE
2021-02-18,Rt,0.81,0.82,0.84,0.84,0.85,0.86,Surged Maintain Status Quo,Mongolia,MNG,2021-05-03,v8,TRUE
2021-02-18,Reff,0.81,0.82,0.84,0.84,0.85,0.86,Surged Maintain Status Quo,Mongolia,MNG,2021-05-03,v8,TRUE
2021-02-18,deaths,0.05,0.05,0.05,0.05,0.05,0.05,Surged Relax Interventions 50%,Mongolia,MNG,2021-05-03,v8,TRUE
2021-02-18,hospital_demand,2.2,2.23,2.26,2.26,2.29,2.31,Surged Relax Interventions 50%,Mongolia,MNG,2021-05-03,v8,TRUE
2021-02-18,ICU_demand,0.78,0.79,0.8,0.8,0.81,0.83,Surged Relax Interventions 50%,Mongolia,MNG,2021-05-03,v8,TRUE
2021-02-18,infections,18.66,18.97,19.31,19.31,19.66,19.97,Surged Relax Interventions 50%,Mongolia,MNG,2021-05-03,v8,TRUE
2021-02-18,prevalence,130.87,133.04,135.45,135.45,137.86,140.03,Surged Relax Interventions 50%,Mongolia,MNG,2021-05-03,v8,TRUE
2021-02-18,cumulative_infections,632.63,656.73,683.51,683.51,710.29,734.4,Surged Relax Interventions 50%,Mongolia,MNG,2021-05-03,v8,TRUE
2021-02-18,cumulative_deaths,0.99,1.05,1.12,1.12,1.19,1.25,Surged Relax Interventions 50%,Mongolia,MNG,2021-05-03,v8,TRUE
2021-02-18,Rt,0.81,0.82,0.84,0.84,0.85,0.86,Surged Relax Interventions 50%,Mongolia,MNG,2021-05-03,v8,TRUE
2021-02-18,Reff,0.81,0.82,0.84,0.84,0.85,0.86,Surged Relax Interventions 50%,Mongolia,MNG,2021-05-03,v8,TRUE
2021-02-19,deaths,0.05,0.05,0.05,0.05,0.05,0.05,Additional 50% Reduction,Mongolia,MNG,2021-05-03,v8,TRUE
2021-02-19,hospital_demand,2.27,2.3,2.33,2.33,2.35,2.38,Additional 50% Reduction,Mongolia,MNG,2021-05-03,v8,TRUE
2021-02-19,ICU_demand,0.81,0.82,0.83,0.83,0.84,0.85,Additional 50% Reduction,Mongolia,MNG,2021-05-03,v8,TRUE
2021-02-19,infections,18.09,18.43,18.81,18.81,19.19,19.53,Additional 50% Reduction,Mongolia,MNG,2021-05-03,v8,TRUE
2021-02-19,prevalence,127.03,129.39,132.02,132.02,134.64,137,Additional 50% Reduction,Mongolia,MNG,2021-05-03,v8,TRUE
2021-02-19,cumulative_infections,650.72,675.16,702.32,702.32,729.48,753.93,Additional 50% Reduction,Mongolia,MNG,2021-05-03,v8,TRUE
2021-02-19,cumulative_deaths,1.04,1.1,1.17,1.17,1.24,1.31,Additional 50% Reduction,Mongolia,MNG,2021-05-03,v8,TRUE
2021-02-19,Rt,0.82,0.84,0.85,0.85,0.86,0.87,Additional 50% Reduction,Mongolia,MNG,2021-05-03,v8,TRUE
2021-02-19,Reff,0.82,0.84,0.85,0.85,0.86,0.87,Additional 50% Reduction,Mongolia,MNG,2021-05-03,v8,TRUE
2021-02-19,deaths,0.05,0.05,0.05,0.05,0.05,0.05,Maintain Status Quo,Mongolia,MNG,2021-05-03,v8,TRUE
2021-02-19,hospital_demand,2.27,2.3,2.33,2.33,2.35,2.38,Maintain Status Quo,Mongolia,MNG,2021-05-03,v8,TRUE
2021-02-19,ICU_demand,0.81,0.82,0.83,0.83,0.84,0.85,Maintain Status Quo,Mongolia,MNG,2021-05-03,v8,TRUE
2021-02-19,infections,18.09,18.43,18.81,18.81,19.19,19.53,Maintain Status Quo,Mongolia,MNG,2021-05-03,v8,TRUE
2021-02-19,prevalence,127.03,129.39,132.02,132.02,134.64,137,Maintain Status Quo,Mongolia,MNG,2021-05-03,v8,TRUE
2021-02-19,cumulative_infections,650.72,675.16,702.32,702.32,729.48,753.93,Maintain Status Quo,Mongolia,MNG,2021-05-03,v8,TRUE
2021-02-19,cumulative_deaths,1.04,1.1,1.17,1.17,1.24,1.31,Maintain Status Quo,Mongolia,MNG,2021-05-03,v8,TRUE
2021-02-19,Rt,0.82,0.84,0.85,0.85,0.86,0.87,Maintain Status Quo,Mongolia,MNG,2021-05-03,v8,TRUE
2021-02-19,Reff,0.82,0.84,0.85,0.85,0.86,0.87,Maintain Status Quo,Mongolia,MNG,2021-05-03,v8,TRUE
2021-02-19,deaths,0.05,0.05,0.05,0.05,0.05,0.05,Relax Interventions 50%,Mongolia,MNG,2021-05-03,v8,TRUE
2021-02-19,hospital_demand,2.27,2.3,2.33,2.33,2.35,2.38,Relax Interventions 50%,Mongolia,MNG,2021-05-03,v8,TRUE
2021-02-19,ICU_demand,0.81,0.82,0.83,0.83,0.84,0.85,Relax Interventions 50%,Mongolia,MNG,2021-05-03,v8,TRUE
2021-02-19,infections,18.09,18.43,18.81,18.81,19.19,19.53,Relax Interventions 50%,Mongolia,MNG,2021-05-03,v8,TRUE
2021-02-19,prevalence,127.03,129.39,132.02,132.02,134.64,137,Relax Interventions 50%,Mongolia,MNG,2021-05-03,v8,TRUE
2021-02-19,cumulative_infections,650.72,675.16,702.32,702.32,729.48,753.93,Relax Interventions 50%,Mongolia,MNG,2021-05-03,v8,TRUE
2021-02-19,cumulative_deaths,1.04,1.1,1.17,1.17,1.24,1.31,Relax Interventions 50%,Mongolia,MNG,2021-05-03,v8,TRUE
2021-02-19,Rt,0.82,0.84,0.85,0.85,0.86,0.87,Relax Interventions 50%,Mongolia,MNG,2021-05-03,v8,TRUE
2021-02-19,Reff,0.82,0.84,0.85,0.85,0.86,0.87,Relax Interventions 50%,Mongolia,MNG,2021-05-03,v8,TRUE
2021-02-19,deaths,0.05,0.05,0.05,0.05,0.05,0.05,Surged Additional 50% Reduction,Mongolia,MNG,2021-05-03,v8,TRUE
2021-02-19,hospital_demand,2.27,2.3,2.33,2.33,2.35,2.38,Surged Additional 50% Reduction,Mongolia,MNG,2021-05-03,v8,TRUE
2021-02-19,ICU_demand,0.81,0.82,0.83,0.83,0.84,0.85,Surged Additional 50% Reduction,Mongolia,MNG,2021-05-03,v8,TRUE
2021-02-19,infections,18.09,18.43,18.81,18.81,19.19,19.53,Surged Additional 50% Reduction,Mongolia,MNG,2021-05-03,v8,TRUE
2021-02-19,prevalence,127.03,129.39,132.02,132.02,134.64,137,Surged Additional 50% Reduction,Mongolia,MNG,2021-05-03,v8,TRUE
2021-02-19,cumulative_infections,650.72,675.16,702.32,702.32,729.48,753.93,Surged Additional 50% Reduction,Mongolia,MNG,2021-05-03,v8,TRUE
2021-02-19,cumulative_deaths,1.04,1.1,1.17,1.17,1.24,1.31,Surged Additional 50% Reduction,Mongolia,MNG,2021-05-03,v8,TRUE
2021-02-19,Rt,0.82,0.84,0.85,0.85,0.86,0.87,Surged Additional 50% Reduction,Mongolia,MNG,2021-05-03,v8,TRUE
2021-02-19,Reff,0.82,0.84,0.85,0.85,0.86,0.87,Surged Additional 50% Reduction,Mongolia,MNG,2021-05-03,v8,TRUE
2021-02-19,deaths,0.05,0.05,0.05,0.05,0.05,0.05,Surged Maintain Status Quo,Mongolia,MNG,2021-05-03,v8,TRUE
2021-02-19,hospital_demand,2.27,2.3,2.33,2.33,2.35,2.38,Surged Maintain Status Quo,Mongolia,MNG,2021-05-03,v8,TRUE
2021-02-19,ICU_demand,0.81,0.82,0.83,0.83,0.84,0.85,Surged Maintain Status Quo,Mongolia,MNG,2021-05-03,v8,TRUE
2021-02-19,infections,18.09,18.43,18.81,18.81,19.19,19.53,Surged Maintain Status Quo,Mongolia,MNG,2021-05-03,v8,TRUE
2021-02-19,prevalence,127.03,129.39,132.02,132.02,134.64,137,Surged Maintain Status Quo,Mongolia,MNG,2021-05-03,v8,TRUE
2021-02-19,cumulative_infections,650.72,675.16,702.32,702.32,729.48,753.93,Surged Maintain Status Quo,Mongolia,MNG,2021-05-03,v8,TRUE
2021-02-19,cumulative_deaths,1.04,1.1,1.17,1.17,1.24,1.31,Surged Maintain Status Quo,Mongolia,MNG,2021-05-03,v8,TRUE
2021-02-19,Rt,0.82,0.84,0.85,0.85,0.86,0.87,Surged Maintain Status Quo,Mongolia,MNG,2021-05-03,v8,TRUE
2021-02-19,Reff,0.82,0.84,0.85,0.85,0.86,0.87,Surged Maintain Status Quo,Mongolia,MNG,2021-05-03,v8,TRUE
2021-02-19,deaths,0.05,0.05,0.05,0.05,0.05,0.05,Surged Relax Interventions 50%,Mongolia,MNG,2021-05-03,v8,TRUE
2021-02-19,hospital_demand,2.27,2.3,2.33,2.33,2.35,2.38,Surged Relax Interventions 50%,Mongolia,MNG,2021-05-03,v8,TRUE
2021-02-19,ICU_demand,0.81,0.82,0.83,0.83,0.84,0.85,Surged Relax Interventions 50%,Mongolia,MNG,2021-05-03,v8,TRUE
2021-02-19,infections,18.09,18.43,18.81,18.81,19.19,19.53,Surged Relax Interventions 50%,Mongolia,MNG,2021-05-03,v8,TRUE
2021-02-19,prevalence,127.03,129.39,132.02,132.02,134.64,137,Surged Relax Interventions 50%,Mongolia,MNG,2021-05-03,v8,TRUE
2021-02-19,cumulative_infections,650.72,675.16,702.32,702.32,729.48,753.93,Surged Relax Interventions 50%,Mongolia,MNG,2021-05-03,v8,TRUE
2021-02-19,cumulative_deaths,1.04,1.1,1.17,1.17,1.24,1.31,Surged Relax Interventions 50%,Mongolia,MNG,2021-05-03,v8,TRUE
2021-02-19,Rt,0.82,0.84,0.85,0.85,0.86,0.87,Surged Relax Interventions 50%,Mongolia,MNG,2021-05-03,v8,TRUE
2021-02-19,Reff,0.82,0.84,0.85,0.85,0.86,0.87,Surged Relax Interventions 50%,Mongolia,MNG,2021-05-03,v8,TRUE
2021-02-20,deaths,0.05,0.05,0.05,0.05,0.05,0.06,Additional 50% Reduction,Mongolia,MNG,2021-05-03,v8,TRUE
2021-02-20,hospital_demand,2.32,2.34,2.37,2.37,2.4,2.43,Additional 50% Reduction,Mongolia,MNG,2021-05-03,v8,TRUE
2021-02-20,ICU_demand,0.83,0.84,0.85,0.85,0.86,0.88,Additional 50% Reduction,Mongolia,MNG,2021-05-03,v8,TRUE
2021-02-20,infections,17.66,18.03,18.44,18.44,18.85,19.22,Additional 50% Reduction,Mongolia,MNG,2021-05-03,v8,TRUE
2021-02-20,prevalence,123.63,126.17,128.99,128.99,131.81,134.35,Additional 50% Reduction,Mongolia,MNG,2021-05-03,v8,TRUE
2021-02-20,cumulative_infections,668.37,693.19,720.76,720.76,748.33,773.15,Additional 50% Reduction,Mongolia,MNG,2021-05-03,v8,TRUE
2021-02-20,cumulative_deaths,1.09,1.16,1.23,1.23,1.3,1.36,Additional 50% Reduction,Mongolia,MNG,2021-05-03,v8,TRUE
2021-02-20,Rt,0.91,0.92,0.93,0.93,0.94,0.95,Additional 50% Reduction,Mongolia,MNG,2021-05-03,v8,TRUE
2021-02-20,Reff,0.91,0.92,0.93,0.93,0.94,0.95,Additional 50% Reduction,Mongolia,MNG,2021-05-03,v8,TRUE
2021-02-20,deaths,0.05,0.05,0.05,0.05,0.05,0.06,Maintain Status Quo,Mongolia,MNG,2021-05-03,v8,TRUE
2021-02-20,hospital_demand,2.32,2.34,2.37,2.37,2.4,2.43,Maintain Status Quo,Mongolia,MNG,2021-05-03,v8,TRUE
2021-02-20,ICU_demand,0.83,0.84,0.85,0.85,0.86,0.88,Maintain Status Quo,Mongolia,MNG,2021-05-03,v8,TRUE
2021-02-20,infections,17.66,18.03,18.44,18.44,18.85,19.22,Maintain Status Quo,Mongolia,MNG,2021-05-03,v8,TRUE
2021-02-20,prevalence,123.63,126.17,128.99,128.99,131.81,134.35,Maintain Status Quo,Mongolia,MNG,2021-05-03,v8,TRUE
2021-02-20,cumulative_infections,668.37,693.19,720.76,720.76,748.33,773.15,Maintain Status Quo,Mongolia,MNG,2021-05-03,v8,TRUE
2021-02-20,cumulative_deaths,1.09,1.16,1.23,1.23,1.3,1.36,Maintain Status Quo,Mongolia,MNG,2021-05-03,v8,TRUE
2021-02-20,Rt,0.91,0.92,0.93,0.93,0.94,0.95,Maintain Status Quo,Mongolia,MNG,2021-05-03,v8,TRUE
2021-02-20,Reff,0.91,0.92,0.93,0.93,0.94,0.95,Maintain Status Quo,Mongolia,MNG,2021-05-03,v8,TRUE
2021-02-20,deaths,0.05,0.05,0.05,0.05,0.05,0.06,Relax Interventions 50%,Mongolia,MNG,2021-05-03,v8,TRUE
2021-02-20,hospital_demand,2.32,2.34,2.37,2.37,2.4,2.43,Relax Interventions 50%,Mongolia,MNG,2021-05-03,v8,TRUE
2021-02-20,ICU_demand,0.83,0.84,0.85,0.85,0.86,0.88,Relax Interventions 50%,Mongolia,MNG,2021-05-03,v8,TRUE
2021-02-20,infections,17.66,18.03,18.44,18.44,18.85,19.22,Relax Interventions 50%,Mongolia,MNG,2021-05-03,v8,TRUE
2021-02-20,prevalence,123.63,126.17,128.99,128.99,131.81,134.35,Relax Interventions 50%,Mongolia,MNG,2021-05-03,v8,TRUE
2021-02-20,cumulative_infections,668.37,693.19,720.76,720.76,748.33,773.15,Relax Interventions 50%,Mongolia,MNG,2021-05-03,v8,TRUE
2021-02-20,cumulative_deaths,1.09,1.16,1.23,1.23,1.3,1.36,Relax Interventions 50%,Mongolia,MNG,2021-05-03,v8,TRUE
2021-02-20,Rt,0.91,0.92,0.93,0.93,0.94,0.95,Relax Interventions 50%,Mongolia,MNG,2021-05-03,v8,TRUE
2021-02-20,Reff,0.91,0.92,0.93,0.93,0.94,0.95,Relax Interventions 50%,Mongolia,MNG,2021-05-03,v8,TRUE
2021-02-20,deaths,0.05,0.05,0.05,0.05,0.05,0.06,Surged Additional 50% Reduction,Mongolia,MNG,2021-05-03,v8,TRUE
2021-02-20,hospital_demand,2.32,2.34,2.37,2.37,2.4,2.43,Surged Additional 50% Reduction,Mongolia,MNG,2021-05-03,v8,TRUE
2021-02-20,ICU_demand,0.83,0.84,0.85,0.85,0.86,0.88,Surged Additional 50% Reduction,Mongolia,MNG,2021-05-03,v8,TRUE
2021-02-20,infections,17.66,18.03,18.44,18.44,18.85,19.22,Surged Additional 50% Reduction,Mongolia,MNG,2021-05-03,v8,TRUE
2021-02-20,prevalence,123.63,126.17,128.99,128.99,131.81,134.35,Surged Additional 50% Reduction,Mongolia,MNG,2021-05-03,v8,TRUE
2021-02-20,cumulative_infections,668.37,693.19,720.76,720.76,748.33,773.15,Surged Additional 50% Reduction,Mongolia,MNG,2021-05-03,v8,TRUE
2021-02-20,cumulative_deaths,1.09,1.16,1.23,1.23,1.3,1.36,Surged Additional 50% Reduction,Mongolia,MNG,2021-05-03,v8,TRUE
2021-02-20,Rt,0.91,0.92,0.93,0.93,0.94,0.95,Surged Additional 50% Reduction,Mongolia,MNG,2021-05-03,v8,TRUE
2021-02-20,Reff,0.91,0.92,0.93,0.93,0.94,0.95,Surged Additional 50% Reduction,Mongolia,MNG,2021-05-03,v8,TRUE
2021-02-20,deaths,0.05,0.05,0.05,0.05,0.05,0.06,Surged Maintain Status Quo,Mongolia,MNG,2021-05-03,v8,TRUE
2021-02-20,hospital_demand,2.32,2.34,2.37,2.37,2.4,2.43,Surged Maintain Status Quo,Mongolia,MNG,2021-05-03,v8,TRUE
2021-02-20,ICU_demand,0.83,0.84,0.85,0.85,0.86,0.88,Surged Maintain Status Quo,Mongolia,MNG,2021-05-03,v8,TRUE
2021-02-20,infections,17.66,18.03,18.44,18.44,18.85,19.22,Surged Maintain Status Quo,Mongolia,MNG,2021-05-03,v8,TRUE
2021-02-20,prevalence,123.63,126.17,128.99,128.99,131.81,134.35,Surged Maintain Status Quo,Mongolia,MNG,2021-05-03,v8,TRUE
2021-02-20,cumulative_infections,668.37,693.19,720.76,720.76,748.33,773.15,Surged Maintain Status Quo,Mongolia,MNG,2021-05-03,v8,TRUE
2021-02-20,cumulative_deaths,1.09,1.16,1.23,1.23,1.3,1.36,Surged Maintain Status Quo,Mongolia,MNG,2021-05-03,v8,TRUE
2021-02-20,Rt,0.91,0.92,0.93,0.93,0.94,0.95,Surged Maintain Status Quo,Mongolia,MNG,2021-05-03,v8,TRUE
2021-02-20,Reff,0.91,0.92,0.93,0.93,0.94,0.95,Surged Maintain Status Quo,Mongolia,MNG,2021-05-03,v8,TRUE
2021-02-20,deaths,0.05,0.05,0.05,0.05,0.05,0.06,Surged Relax Interventions 50%,Mongolia,MNG,2021-05-03,v8,TRUE
2021-02-20,hospital_demand,2.32,2.34,2.37,2.37,2.4,2.43,Surged Relax Interventions 50%,Mongolia,MNG,2021-05-03,v8,TRUE
2021-02-20,ICU_demand,0.83,0.84,0.85,0.85,0.86,0.88,Surged Relax Interventions 50%,Mongolia,MNG,2021-05-03,v8,TRUE
2021-02-20,infections,17.66,18.03,18.44,18.44,18.85,19.22,Surged Relax Interventions 50%,Mongolia,MNG,2021-05-03,v8,TRUE
2021-02-20,prevalence,123.63,126.17,128.99,128.99,131.81,134.35,Surged Relax Interventions 50%,Mongolia,MNG,2021-05-03,v8,TRUE
2021-02-20,cumulative_infections,668.37,693.19,720.76,720.76,748.33,773.15,Surged Relax Interventions 50%,Mongolia,MNG,2021-05-03,v8,TRUE
2021-02-20,cumulative_deaths,1.09,1.16,1.23,1.23,1.3,1.36,Surged Relax Interventions 50%,Mongolia,MNG,2021-05-03,v8,TRUE
2021-02-20,Rt,0.91,0.92,0.93,0.93,0.94,0.95,Surged Relax Interventions 50%,Mongolia,MNG,2021-05-03,v8,TRUE
2021-02-20,Reff,0.91,0.92,0.93,0.93,0.94,0.95,Surged Relax Interventions 50%,Mongolia,MNG,2021-05-03,v8,TRUE
2021-02-21,deaths,0.05,0.06,0.06,0.06,0.06,0.06,Additional 50% Reduction,Mongolia,MNG,2021-05-03,v8,TRUE
2021-02-21,hospital_demand,2.34,2.37,2.4,2.4,2.43,2.45,Additional 50% Reduction,Mongolia,MNG,2021-05-03,v8,TRUE
2021-02-21,ICU_demand,0.85,0.86,0.87,0.87,0.88,0.89,Additional 50% Reduction,Mongolia,MNG,2021-05-03,v8,TRUE
2021-02-21,infections,17.38,17.77,18.21,18.21,18.65,19.05,Additional 50% Reduction,Mongolia,MNG,2021-05-03,v8,TRUE
2021-02-21,prevalence,121.98,124.69,127.7,127.7,130.71,133.43,Additional 50% Reduction,Mongolia,MNG,2021-05-03,v8,TRUE
2021-02-21,cumulative_infections,685.75,710.96,738.97,738.97,766.99,792.2,Additional 50% Reduction,Mongolia,MNG,2021-05-03,v8,TRUE
2021-02-21,cumulative_deaths,1.15,1.21,1.28,1.28,1.35,1.42,Additional 50% Reduction,Mongolia,MNG,2021-05-03,v8,TRUE
2021-02-21,Rt,0.9,0.91,0.92,0.92,0.93,0.94,Additional 50% Reduction,Mongolia,MNG,2021-05-03,v8,TRUE
2021-02-21,Reff,0.9,0.91,0.92,0.92,0.93,0.94,Additional 50% Reduction,Mongolia,MNG,2021-05-03,v8,TRUE
2021-02-21,deaths,0.05,0.06,0.06,0.06,0.06,0.06,Maintain Status Quo,Mongolia,MNG,2021-05-03,v8,TRUE
2021-02-21,hospital_demand,2.34,2.37,2.4,2.4,2.43,2.45,Maintain Status Quo,Mongolia,MNG,2021-05-03,v8,TRUE
2021-02-21,ICU_demand,0.85,0.86,0.87,0.87,0.88,0.89,Maintain Status Quo,Mongolia,MNG,2021-05-03,v8,TRUE
2021-02-21,infections,17.38,17.77,18.21,18.21,18.65,19.05,Maintain Status Quo,Mongolia,MNG,2021-05-03,v8,TRUE
2021-02-21,prevalence,121.98,124.69,127.7,127.7,130.71,133.43,Maintain Status Quo,Mongolia,MNG,2021-05-03,v8,TRUE
2021-02-21,cumulative_infections,685.75,710.96,738.97,738.97,766.99,792.2,Maintain Status Quo,Mongolia,MNG,2021-05-03,v8,TRUE
2021-02-21,cumulative_deaths,1.15,1.21,1.28,1.28,1.35,1.42,Maintain Status Quo,Mongolia,MNG,2021-05-03,v8,TRUE
2021-02-21,Rt,0.9,0.91,0.92,0.92,0.93,0.94,Maintain Status Quo,Mongolia,MNG,2021-05-03,v8,TRUE
2021-02-21,Reff,0.9,0.91,0.92,0.92,0.93,0.94,Maintain Status Quo,Mongolia,MNG,2021-05-03,v8,TRUE
2021-02-21,deaths,0.05,0.06,0.06,0.06,0.06,0.06,Relax Interventions 50%,Mongolia,MNG,2021-05-03,v8,TRUE
2021-02-21,hospital_demand,2.34,2.37,2.4,2.4,2.43,2.45,Relax Interventions 50%,Mongolia,MNG,2021-05-03,v8,TRUE
2021-02-21,ICU_demand,0.85,0.86,0.87,0.87,0.88,0.89,Relax Interventions 50%,Mongolia,MNG,2021-05-03,v8,TRUE
2021-02-21,infections,17.38,17.77,18.21,18.21,18.65,19.05,Relax Interventions 50%,Mongolia,MNG,2021-05-03,v8,TRUE
2021-02-21,prevalence,121.98,124.69,127.7,127.7,130.71,133.43,Relax Interventions 50%,Mongolia,MNG,2021-05-03,v8,TRUE
2021-02-21,cumulative_infections,685.75,710.96,738.97,738.97,766.99,792.2,Relax Interventions 50%,Mongolia,MNG,2021-05-03,v8,TRUE
2021-02-21,cumulative_deaths,1.15,1.21,1.28,1.28,1.35,1.42,Relax Interventions 50%,Mongolia,MNG,2021-05-03,v8,TRUE
2021-02-21,Rt,0.9,0.91,0.92,0.92,0.93,0.94,Relax Interventions 50%,Mongolia,MNG,2021-05-03,v8,TRUE
2021-02-21,Reff,0.9,0.91,0.92,0.92,0.93,0.94,Relax Interventions 50%,Mongolia,MNG,2021-05-03,v8,TRUE
2021-02-21,deaths,0.05,0.06,0.06,0.06,0.06,0.06,Surged Additional 50% Reduction,Mongolia,MNG,2021-05-03,v8,TRUE
2021-02-21,hospital_demand,2.34,2.37,2.4,2.4,2.43,2.45,Surged Additional 50% Reduction,Mongolia,MNG,2021-05-03,v8,TRUE
2021-02-21,ICU_demand,0.85,0.86,0.87,0.87,0.88,0.89,Surged Additional 50% Reduction,Mongolia,MNG,2021-05-03,v8,TRUE
2021-02-21,infections,17.38,17.77,18.21,18.21,18.65,19.05,Surged Additional 50% Reduction,Mongolia,MNG,2021-05-03,v8,TRUE
2021-02-21,prevalence,121.98,124.69,127.7,127.7,130.71,133.43,Surged Additional 50% Reduction,Mongolia,MNG,2021-05-03,v8,TRUE
2021-02-21,cumulative_infections,685.75,710.96,738.97,738.97,766.99,792.2,Surged Additional 50% Reduction,Mongolia,MNG,2021-05-03,v8,TRUE
2021-02-21,cumulative_deaths,1.15,1.21,1.28,1.28,1.35,1.42,Surged Additional 50% Reduction,Mongolia,MNG,2021-05-03,v8,TRUE
2021-02-21,Rt,0.9,0.91,0.92,0.92,0.93,0.94,Surged Additional 50% Reduction,Mongolia,MNG,2021-05-03,v8,TRUE
2021-02-21,Reff,0.9,0.91,0.92,0.92,0.93,0.94,Surged Additional 50% Reduction,Mongolia,MNG,2021-05-03,v8,TRUE
2021-02-21,deaths,0.05,0.06,0.06,0.06,0.06,0.06,Surged Maintain Status Quo,Mongolia,MNG,2021-05-03,v8,TRUE
2021-02-21,hospital_demand,2.34,2.37,2.4,2.4,2.43,2.45,Surged Maintain Status Quo,Mongolia,MNG,2021-05-03,v8,TRUE
2021-02-21,ICU_demand,0.85,0.86,0.87,0.87,0.88,0.89,Surged Maintain Status Quo,Mongolia,MNG,2021-05-03,v8,TRUE
2021-02-21,infections,17.38,17.77,18.21,18.21,18.65,19.05,Surged Maintain Status Quo,Mongolia,MNG,2021-05-03,v8,TRUE
2021-02-21,prevalence,121.98,124.69,127.7,127.7,130.71,133.43,Surged Maintain Status Quo,Mongolia,MNG,2021-05-03,v8,TRUE
2021-02-21,cumulative_infections,685.75,710.96,738.97,738.97,766.99,792.2,Surged Maintain Status Quo,Mongolia,MNG,2021-05-03,v8,TRUE
2021-02-21,cumulative_deaths,1.15,1.21,1.28,1.28,1.35,1.42,Surged Maintain Status Quo,Mongolia,MNG,2021-05-03,v8,TRUE
2021-02-21,Rt,0.9,0.91,0.92,0.92,0.93,0.94,Surged Maintain Status Quo,Mongolia,MNG,2021-05-03,v8,TRUE
2021-02-21,Reff,0.9,0.91,0.92,0.92,0.93,0.94,Surged Maintain Status Quo,Mongolia,MNG,2021-05-03,v8,TRUE
2021-02-21,deaths,0.05,0.06,0.06,0.06,0.06,0.06,Surged Relax Interventions 50%,Mongolia,MNG,2021-05-03,v8,TRUE
2021-02-21,hospital_demand,2.34,2.37,2.4,2.4,2.43,2.45,Surged Relax Interventions 50%,Mongolia,MNG,2021-05-03,v8,TRUE
2021-02-21,ICU_demand,0.85,0.86,0.87,0.87,0.88,0.89,Surged Relax Interventions 50%,Mongolia,MNG,2021-05-03,v8,TRUE
2021-02-21,infections,17.38,17.77,18.21,18.21,18.65,19.05,Surged Relax Interventions 50%,Mongolia,MNG,2021-05-03,v8,TRUE
2021-02-21,prevalence,121.98,124.69,127.7,127.7,130.71,133.43,Surged Relax Interventions 50%,Mongolia,MNG,2021-05-03,v8,TRUE
2021-02-21,cumulative_infections,685.75,710.96,738.97,738.97,766.99,792.2,Surged Relax Interventions 50%,Mongolia,MNG,2021-05-03,v8,TRUE
2021-02-21,cumulative_deaths,1.15,1.21,1.28,1.28,1.35,1.42,Surged Relax Interventions 50%,Mongolia,MNG,2021-05-03,v8,TRUE
2021-02-21,Rt,0.9,0.91,0.92,0.92,0.93,0.94,Surged Relax Interventions 50%,Mongolia,MNG,2021-05-03,v8,TRUE
2021-02-21,Reff,0.9,0.91,0.92,0.92,0.93,0.94,Surged Relax Interventions 50%,Mongolia,MNG,2021-05-03,v8,TRUE
2021-02-22,deaths,0.06,0.06,0.06,0.06,0.06,0.06,Additional 50% Reduction,Mongolia,MNG,2021-05-03,v8,TRUE
2021-02-22,hospital_demand,2.35,2.38,2.41,2.41,2.44,2.47,Additional 50% Reduction,Mongolia,MNG,2021-05-03,v8,TRUE
2021-02-22,ICU_demand,0.86,0.87,0.88,0.88,0.89,0.91,Additional 50% Reduction,Mongolia,MNG,2021-05-03,v8,TRUE
2021-02-22,infections,17.2,17.62,18.08,18.08,18.55,18.97,Additional 50% Reduction,Mongolia,MNG,2021-05-03,v8,TRUE
2021-02-22,prevalence,120.16,123.04,126.23,126.23,129.43,132.3,Additional 50% Reduction,Mongolia,MNG,2021-05-03,v8,TRUE
2021-02-22,cumulative_infections,702.94,728.58,757.06,757.06,785.54,811.18,Additional 50% Reduction,Mongolia,MNG,2021-05-03,v8,TRUE
2021-02-22,cumulative_deaths,1.2,1.27,1.34,1.34,1.41,1.48,Additional 50% Reduction,Mongolia,MNG,2021-05-03,v8,TRUE
2021-02-22,Rt,0.87,0.88,0.9,0.9,0.91,0.92,Additional 50% Reduction,Mongolia,MNG,2021-05-03,v8,TRUE
2021-02-22,Reff,0.87,0.88,0.9,0.9,0.91,0.92,Additional 50% Reduction,Mongolia,MNG,2021-05-03,v8,TRUE
2021-02-22,deaths,0.06,0.06,0.06,0.06,0.06,0.06,Maintain Status Quo,Mongolia,MNG,2021-05-03,v8,TRUE
2021-02-22,hospital_demand,2.35,2.38,2.41,2.41,2.44,2.47,Maintain Status Quo,Mongolia,MNG,2021-05-03,v8,TRUE
2021-02-22,ICU_demand,0.86,0.87,0.88,0.88,0.89,0.91,Maintain Status Quo,Mongolia,MNG,2021-05-03,v8,TRUE
2021-02-22,infections,17.2,17.62,18.08,18.08,18.55,18.97,Maintain Status Quo,Mongolia,MNG,2021-05-03,v8,TRUE
2021-02-22,prevalence,120.16,123.04,126.23,126.23,129.43,132.3,Maintain Status Quo,Mongolia,MNG,2021-05-03,v8,TRUE
2021-02-22,cumulative_infections,702.94,728.58,757.06,757.06,785.54,811.18,Maintain Status Quo,Mongolia,MNG,2021-05-03,v8,TRUE
2021-02-22,cumulative_deaths,1.2,1.27,1.34,1.34,1.41,1.48,Maintain Status Quo,Mongolia,MNG,2021-05-03,v8,TRUE
2021-02-22,Rt,0.87,0.88,0.9,0.9,0.91,0.92,Maintain Status Quo,Mongolia,MNG,2021-05-03,v8,TRUE
2021-02-22,Reff,0.87,0.88,0.9,0.9,0.91,0.92,Maintain Status Quo,Mongolia,MNG,2021-05-03,v8,TRUE
2021-02-22,deaths,0.06,0.06,0.06,0.06,0.06,0.06,Relax Interventions 50%,Mongolia,MNG,2021-05-03,v8,TRUE
2021-02-22,hospital_demand,2.35,2.38,2.41,2.41,2.44,2.47,Relax Interventions 50%,Mongolia,MNG,2021-05-03,v8,TRUE
2021-02-22,ICU_demand,0.86,0.87,0.88,0.88,0.89,0.91,Relax Interventions 50%,Mongolia,MNG,2021-05-03,v8,TRUE
2021-02-22,infections,17.2,17.62,18.08,18.08,18.55,18.97,Relax Interventions 50%,Mongolia,MNG,2021-05-03,v8,TRUE
2021-02-22,prevalence,120.16,123.04,126.23,126.23,129.43,132.3,Relax Interventions 50%,Mongolia,MNG,2021-05-03,v8,TRUE
2021-02-22,cumulative_infections,702.94,728.58,757.06,757.06,785.54,811.18,Relax Interventions 50%,Mongolia,MNG,2021-05-03,v8,TRUE
2021-02-22,cumulative_deaths,1.2,1.27,1.34,1.34,1.41,1.48,Relax Interventions 50%,Mongolia,MNG,2021-05-03,v8,TRUE
2021-02-22,Rt,0.87,0.88,0.9,0.9,0.91,0.92,Relax Interventions 50%,Mongolia,MNG,2021-05-03,v8,TRUE
2021-02-22,Reff,0.87,0.88,0.9,0.9,0.91,0.92,Relax Interventions 50%,Mongolia,MNG,2021-05-03,v8,TRUE
2021-02-22,deaths,0.06,0.06,0.06,0.06,0.06,0.06,Surged Additional 50% Reduction,Mongolia,MNG,2021-05-03,v8,TRUE
2021-02-22,hospital_demand,2.35,2.38,2.41,2.41,2.44,2.47,Surged Additional 50% Reduction,Mongolia,MNG,2021-05-03,v8,TRUE
2021-02-22,ICU_demand,0.86,0.87,0.88,0.88,0.89,0.91,Surged Additional 50% Reduction,Mongolia,MNG,2021-05-03,v8,TRUE
2021-02-22,infections,17.2,17.62,18.08,18.08,18.55,18.97,Surged Additional 50% Reduction,Mongolia,MNG,2021-05-03,v8,TRUE
2021-02-22,prevalence,120.16,123.04,126.23,126.23,129.43,132.3,Surged Additional 50% Reduction,Mongolia,MNG,2021-05-03,v8,TRUE
2021-02-22,cumulative_infections,702.94,728.58,757.06,757.06,785.54,811.18,Surged Additional 50% Reduction,Mongolia,MNG,2021-05-03,v8,TRUE
2021-02-22,cumulative_deaths,1.2,1.27,1.34,1.34,1.41,1.48,Surged Additional 50% Reduction,Mongolia,MNG,2021-05-03,v8,TRUE
2021-02-22,Rt,0.87,0.88,0.9,0.9,0.91,0.92,Surged Additional 50% Reduction,Mongolia,MNG,2021-05-03,v8,TRUE
2021-02-22,Reff,0.87,0.88,0.9,0.9,0.91,0.92,Surged Additional 50% Reduction,Mongolia,MNG,2021-05-03,v8,TRUE
2021-02-22,deaths,0.06,0.06,0.06,0.06,0.06,0.06,Surged Maintain Status Quo,Mongolia,MNG,2021-05-03,v8,TRUE
2021-02-22,hospital_demand,2.35,2.38,2.41,2.41,2.44,2.47,Surged Maintain Status Quo,Mongolia,MNG,2021-05-03,v8,TRUE
2021-02-22,ICU_demand,0.86,0.87,0.88,0.88,0.89,0.91,Surged Maintain Status Quo,Mongolia,MNG,2021-05-03,v8,TRUE
2021-02-22,infections,17.2,17.62,18.08,18.08,18.55,18.97,Surged Maintain Status Quo,Mongolia,MNG,2021-05-03,v8,TRUE
2021-02-22,prevalence,120.16,123.04,126.23,126.23,129.43,132.3,Surged Maintain Status Quo,Mongolia,MNG,2021-05-03,v8,TRUE
2021-02-22,cumulative_infections,702.94,728.58,757.06,757.06,785.54,811.18,Surged Maintain Status Quo,Mongolia,MNG,2021-05-03,v8,TRUE
2021-02-22,cumulative_deaths,1.2,1.27,1.34,1.34,1.41,1.48,Surged Maintain Status Quo,Mongolia,MNG,2021-05-03,v8,TRUE
2021-02-22,Rt,0.87,0.88,0.9,0.9,0.91,0.92,Surged Maintain Status Quo,Mongolia,MNG,2021-05-03,v8,TRUE
2021-02-22,Reff,0.87,0.88,0.9,0.9,0.91,0.92,Surged Maintain Status Quo,Mongolia,MNG,2021-05-03,v8,TRUE
2021-02-22,deaths,0.06,0.06,0.06,0.06,0.06,0.06,Surged Relax Interventions 50%,Mongolia,MNG,2021-05-03,v8,TRUE
2021-02-22,hospital_demand,2.35,2.38,2.41,2.41,2.44,2.47,Surged Relax Interventions 50%,Mongolia,MNG,2021-05-03,v8,TRUE
2021-02-22,ICU_demand,0.86,0.87,0.88,0.88,0.89,0.91,Surged Relax Interventions 50%,Mongolia,MNG,2021-05-03,v8,TRUE
2021-02-22,infections,17.2,17.62,18.08,18.08,18.55,18.97,Surged Relax Interventions 50%,Mongolia,MNG,2021-05-03,v8,TRUE
2021-02-22,prevalence,120.16,123.04,126.23,126.23,129.43,132.3,Surged Relax Interventions 50%,Mongolia,MNG,2021-05-03,v8,TRUE
2021-02-22,cumulative_infections,702.94,728.58,757.06,757.06,785.54,811.18,Surged Relax Interventions 50%,Mongolia,MNG,2021-05-03,v8,TRUE
2021-02-22,cumulative_deaths,1.2,1.27,1.34,1.34,1.41,1.48,Surged Relax Interventions 50%,Mongolia,MNG,2021-05-03,v8,TRUE
2021-02-22,Rt,0.87,0.88,0.9,0.9,0.91,0.92,Surged Relax Interventions 50%,Mongolia,MNG,2021-05-03,v8,TRUE
2021-02-22,Reff,0.87,0.88,0.9,0.9,0.91,0.92,Surged Relax Interventions 50%,Mongolia,MNG,2021-05-03,v8,TRUE
2021-02-23,deaths,0.06,0.06,0.06,0.06,0.06,0.06,Additional 50% Reduction,Mongolia,MNG,2021-05-03,v8,TRUE
2021-02-23,hospital_demand,2.35,2.38,2.41,2.41,2.44,2.47,Additional 50% Reduction,Mongolia,MNG,2021-05-03,v8,TRUE
2021-02-23,ICU_demand,0.86,0.88,0.89,0.89,0.9,0.91,Additional 50% Reduction,Mongolia,MNG,2021-05-03,v8,TRUE
2021-02-23,infections,16.98,17.42,17.91,17.91,18.41,18.85,Additional 50% Reduction,Mongolia,MNG,2021-05-03,v8,TRUE
2021-02-23,prevalence,117.91,120.94,124.3,124.3,127.67,130.7,Additional 50% Reduction,Mongolia,MNG,2021-05-03,v8,TRUE
2021-02-23,cumulative_infections,719.92,746,774.97,774.97,803.95,830.03,Additional 50% Reduction,Mongolia,MNG,2021-05-03,v8,TRUE
2021-02-23,cumulative_deaths,1.26,1.33,1.4,1.4,1.47,1.54,Additional 50% Reduction,Mongolia,MNG,2021-05-03,v8,TRUE
2021-02-23,Rt,1.94,1.95,1.97,1.97,1.98,1.99,Additional 50% Reduction,Mongolia,MNG,2021-05-03,v8,TRUE
2021-02-23,Reff,1.94,1.95,1.97,1.97,1.98,1.99,Additional 50% Reduction,Mongolia,MNG,2021-05-03,v8,TRUE
2021-02-23,deaths,0.06,0.06,0.06,0.06,0.06,0.06,Maintain Status Quo,Mongolia,MNG,2021-05-03,v8,TRUE
2021-02-23,hospital_demand,2.35,2.38,2.41,2.41,2.44,2.47,Maintain Status Quo,Mongolia,MNG,2021-05-03,v8,TRUE
2021-02-23,ICU_demand,0.86,0.88,0.89,0.89,0.9,0.91,Maintain Status Quo,Mongolia,MNG,2021-05-03,v8,TRUE
2021-02-23,infections,16.98,17.42,17.91,17.91,18.41,18.85,Maintain Status Quo,Mongolia,MNG,2021-05-03,v8,TRUE
2021-02-23,prevalence,117.91,120.94,124.3,124.3,127.67,130.7,Maintain Status Quo,Mongolia,MNG,2021-05-03,v8,TRUE
2021-02-23,cumulative_infections,719.92,746,774.97,774.97,803.95,830.03,Maintain Status Quo,Mongolia,MNG,2021-05-03,v8,TRUE
2021-02-23,cumulative_deaths,1.26,1.33,1.4,1.4,1.47,1.54,Maintain Status Quo,Mongolia,MNG,2021-05-03,v8,TRUE
2021-02-23,Rt,1.94,1.95,1.97,1.97,1.98,1.99,Maintain Status Quo,Mongolia,MNG,2021-05-03,v8,TRUE
2021-02-23,Reff,1.94,1.95,1.97,1.97,1.98,1.99,Maintain Status Quo,Mongolia,MNG,2021-05-03,v8,TRUE
2021-02-23,deaths,0.06,0.06,0.06,0.06,0.06,0.06,Relax Interventions 50%,Mongolia,MNG,2021-05-03,v8,TRUE
2021-02-23,hospital_demand,2.35,2.38,2.41,2.41,2.44,2.47,Relax Interventions 50%,Mongolia,MNG,2021-05-03,v8,TRUE
2021-02-23,ICU_demand,0.86,0.88,0.89,0.89,0.9,0.91,Relax Interventions 50%,Mongolia,MNG,2021-05-03,v8,TRUE
2021-02-23,infections,16.98,17.42,17.91,17.91,18.41,18.85,Relax Interventions 50%,Mongolia,MNG,2021-05-03,v8,TRUE
2021-02-23,prevalence,117.91,120.94,124.3,124.3,127.67,130.7,Relax Interventions 50%,Mongolia,MNG,2021-05-03,v8,TRUE
2021-02-23,cumulative_infections,719.92,746,774.97,774.97,803.95,830.03,Relax Interventions 50%,Mongolia,MNG,2021-05-03,v8,TRUE
2021-02-23,cumulative_deaths,1.26,1.33,1.4,1.4,1.47,1.54,Relax Interventions 50%,Mongolia,MNG,2021-05-03,v8,TRUE
2021-02-23,Rt,1.94,1.95,1.97,1.97,1.98,1.99,Relax Interventions 50%,Mongolia,MNG,2021-05-03,v8,TRUE
2021-02-23,Reff,1.94,1.95,1.97,1.97,1.98,1.99,Relax Interventions 50%,Mongolia,MNG,2021-05-03,v8,TRUE
2021-02-23,deaths,0.06,0.06,0.06,0.06,0.06,0.06,Surged Additional 50% Reduction,Mongolia,MNG,2021-05-03,v8,TRUE
2021-02-23,hospital_demand,2.35,2.38,2.41,2.41,2.44,2.47,Surged Additional 50% Reduction,Mongolia,MNG,2021-05-03,v8,TRUE
2021-02-23,ICU_demand,0.86,0.88,0.89,0.89,0.9,0.91,Surged Additional 50% Reduction,Mongolia,MNG,2021-05-03,v8,TRUE
2021-02-23,infections,16.98,17.42,17.91,17.91,18.41,18.85,Surged Additional 50% Reduction,Mongolia,MNG,2021-05-03,v8,TRUE
2021-02-23,prevalence,117.91,120.94,124.3,124.3,127.67,130.7,Surged Additional 50% Reduction,Mongolia,MNG,2021-05-03,v8,TRUE
2021-02-23,cumulative_infections,719.92,746,774.97,774.97,803.95,830.03,Surged Additional 50% Reduction,Mongolia,MNG,2021-05-03,v8,TRUE
2021-02-23,cumulative_deaths,1.26,1.33,1.4,1.4,1.47,1.54,Surged Additional 50% Reduction,Mongolia,MNG,2021-05-03,v8,TRUE
2021-02-23,Rt,1.94,1.95,1.97,1.97,1.98,1.99,Surged Additional 50% Reduction,Mongolia,MNG,2021-05-03,v8,TRUE
2021-02-23,Reff,1.94,1.95,1.97,1.97,1.98,1.99,Surged Additional 50% Reduction,Mongolia,MNG,2021-05-03,v8,TRUE
2021-02-23,deaths,0.06,0.06,0.06,0.06,0.06,0.06,Surged Maintain Status Quo,Mongolia,MNG,2021-05-03,v8,TRUE
2021-02-23,hospital_demand,2.35,2.38,2.41,2.41,2.44,2.47,Surged Maintain Status Quo,Mongolia,MNG,2021-05-03,v8,TRUE
2021-02-23,ICU_demand,0.86,0.88,0.89,0.89,0.9,0.91,Surged Maintain Status Quo,Mongolia,MNG,2021-05-03,v8,TRUE
2021-02-23,infections,16.98,17.42,17.91,17.91,18.41,18.85,Surged Maintain Status Quo,Mongolia,MNG,2021-05-03,v8,TRUE
2021-02-23,prevalence,117.91,120.94,124.3,124.3,127.67,130.7,Surged Maintain Status Quo,Mongolia,MNG,2021-05-03,v8,TRUE
2021-02-23,cumulative_infections,719.92,746,774.97,774.97,803.95,830.03,Surged Maintain Status Quo,Mongolia,MNG,2021-05-03,v8,TRUE
2021-02-23,cumulative_deaths,1.26,1.33,1.4,1.4,1.47,1.54,Surged Maintain Status Quo,Mongolia,MNG,2021-05-03,v8,TRUE
2021-02-23,Rt,1.94,1.95,1.97,1.97,1.98,1.99,Surged Maintain Status Quo,Mongolia,MNG,2021-05-03,v8,TRUE
2021-02-23,Reff,1.94,1.95,1.97,1.97,1.98,1.99,Surged Maintain Status Quo,Mongolia,MNG,2021-05-03,v8,TRUE
2021-02-23,deaths,0.06,0.06,0.06,0.06,0.06,0.06,Surged Relax Interventions 50%,Mongolia,MNG,2021-05-03,v8,TRUE
2021-02-23,hospital_demand,2.35,2.38,2.41,2.41,2.44,2.47,Surged Relax Interventions 50%,Mongolia,MNG,2021-05-03,v8,TRUE
2021-02-23,ICU_demand,0.86,0.88,0.89,0.89,0.9,0.91,Surged Relax Interventions 50%,Mongolia,MNG,2021-05-03,v8,TRUE
2021-02-23,infections,16.98,17.42,17.91,17.91,18.41,18.85,Surged Relax Interventions 50%,Mongolia,MNG,2021-05-03,v8,TRUE
2021-02-23,prevalence,117.91,120.94,124.3,124.3,127.67,130.7,Surged Relax Interventions 50%,Mongolia,MNG,2021-05-03,v8,TRUE
2021-02-23,cumulative_infections,719.92,746,774.97,774.97,803.95,830.03,Surged Relax Interventions 50%,Mongolia,MNG,2021-05-03,v8,TRUE
2021-02-23,cumulative_deaths,1.26,1.33,1.4,1.4,1.47,1.54,Surged Relax Interventions 50%,Mongolia,MNG,2021-05-03,v8,TRUE
2021-02-23,Rt,1.94,1.95,1.97,1.97,1.98,1.99,Surged Relax Interventions 50%,Mongolia,MNG,2021-05-03,v8,TRUE
2021-02-23,Reff,1.94,1.95,1.97,1.97,1.98,1.99,Surged Relax Interventions 50%,Mongolia,MNG,2021-05-03,v8,TRUE
2021-02-24,deaths,0.06,0.06,0.06,0.06,0.06,0.06,Additional 50% Reduction,Mongolia,MNG,2021-05-03,v8,TRUE
2021-02-24,hospital_demand,2.33,2.36,2.4,2.4,2.43,2.46,Additional 50% Reduction,Mongolia,MNG,2021-05-03,v8,TRUE
2021-02-24,ICU_demand,0.87,0.88,0.89,0.89,0.91,0.92,Additional 50% Reduction,Mongolia,MNG,2021-05-03,v8,TRUE
2021-02-24,infections,18.11,18.57,19.09,19.09,19.61,20.07,Additional 50% Reduction,Mongolia,MNG,2021-05-03,v8,TRUE
2021-02-24,prevalence,135.42,138.6,142.13,142.13,145.67,148.85,Additional 50% Reduction,Mongolia,MNG,2021-05-03,v8,TRUE
2021-02-24,cumulative_infections,738.03,764.57,794.06,794.06,823.55,850.1,Additional 50% Reduction,Mongolia,MNG,2021-05-03,v8,TRUE
2021-02-24,cumulative_deaths,1.32,1.39,1.46,1.46,1.53,1.6,Additional 50% Reduction,Mongolia,MNG,2021-05-03,v8,TRUE
2021-02-24,Rt,1.84,1.85,1.86,1.86,1.87,1.88,Additional 50% Reduction,Mongolia,MNG,2021-05-03,v8,TRUE
2021-02-24,Reff,1.84,1.85,1.86,1.86,1.87,1.88,Additional 50% Reduction,Mongolia,MNG,2021-05-03,v8,TRUE
2021-02-24,deaths,0.06,0.06,0.06,0.06,0.06,0.06,Maintain Status Quo,Mongolia,MNG,2021-05-03,v8,TRUE
2021-02-24,hospital_demand,2.33,2.36,2.4,2.4,2.43,2.46,Maintain Status Quo,Mongolia,MNG,2021-05-03,v8,TRUE
2021-02-24,ICU_demand,0.87,0.88,0.89,0.89,0.91,0.92,Maintain Status Quo,Mongolia,MNG,2021-05-03,v8,TRUE
2021-02-24,infections,18.11,18.57,19.09,19.09,19.61,20.07,Maintain Status Quo,Mongolia,MNG,2021-05-03,v8,TRUE
2021-02-24,prevalence,135.42,138.6,142.13,142.13,145.67,148.85,Maintain Status Quo,Mongolia,MNG,2021-05-03,v8,TRUE
2021-02-24,cumulative_infections,738.03,764.57,794.06,794.06,823.55,850.1,Maintain Status Quo,Mongolia,MNG,2021-05-03,v8,TRUE
2021-02-24,cumulative_deaths,1.32,1.39,1.46,1.46,1.53,1.6,Maintain Status Quo,Mongolia,MNG,2021-05-03,v8,TRUE
2021-02-24,Rt,1.84,1.85,1.86,1.86,1.87,1.88,Maintain Status Quo,Mongolia,MNG,2021-05-03,v8,TRUE
2021-02-24,Reff,1.84,1.85,1.86,1.86,1.87,1.88,Maintain Status Quo,Mongolia,MNG,2021-05-03,v8,TRUE
2021-02-24,deaths,0.06,0.06,0.06,0.06,0.06,0.06,Relax Interventions 50%,Mongolia,MNG,2021-05-03,v8,TRUE
2021-02-24,hospital_demand,2.33,2.36,2.4,2.4,2.43,2.46,Relax Interventions 50%,Mongolia,MNG,2021-05-03,v8,TRUE
2021-02-24,ICU_demand,0.87,0.88,0.89,0.89,0.91,0.92,Relax Interventions 50%,Mongolia,MNG,2021-05-03,v8,TRUE
2021-02-24,infections,18.11,18.57,19.09,19.09,19.61,20.07,Relax Interventions 50%,Mongolia,MNG,2021-05-03,v8,TRUE
2021-02-24,prevalence,135.42,138.6,142.13,142.13,145.67,148.85,Relax Interventions 50%,Mongolia,MNG,2021-05-03,v8,TRUE
2021-02-24,cumulative_infections,738.03,764.57,794.06,794.06,823.55,850.1,Relax Interventions 50%,Mongolia,MNG,2021-05-03,v8,TRUE
2021-02-24,cumulative_deaths,1.32,1.39,1.46,1.46,1.53,1.6,Relax Interventions 50%,Mongolia,MNG,2021-05-03,v8,TRUE
2021-02-24,Rt,1.84,1.85,1.86,1.86,1.87,1.88,Relax Interventions 50%,Mongolia,MNG,2021-05-03,v8,TRUE
2021-02-24,Reff,1.84,1.85,1.86,1.86,1.87,1.88,Relax Interventions 50%,Mongolia,MNG,2021-05-03,v8,TRUE
2021-02-24,deaths,0.06,0.06,0.06,0.06,0.06,0.06,Surged Additional 50% Reduction,Mongolia,MNG,2021-05-03,v8,TRUE
2021-02-24,hospital_demand,2.33,2.36,2.4,2.4,2.43,2.46,Surged Additional 50% Reduction,Mongolia,MNG,2021-05-03,v8,TRUE
2021-02-24,ICU_demand,0.87,0.88,0.89,0.89,0.91,0.92,Surged Additional 50% Reduction,Mongolia,MNG,2021-05-03,v8,TRUE
2021-02-24,infections,18.11,18.57,19.09,19.09,19.61,20.07,Surged Additional 50% Reduction,Mongolia,MNG,2021-05-03,v8,TRUE
2021-02-24,prevalence,135.42,138.6,142.13,142.13,145.67,148.85,Surged Additional 50% Reduction,Mongolia,MNG,2021-05-03,v8,TRUE
2021-02-24,cumulative_infections,738.03,764.57,794.06,794.06,823.55,850.1,Surged Additional 50% Reduction,Mongolia,MNG,2021-05-03,v8,TRUE
2021-02-24,cumulative_deaths,1.32,1.39,1.46,1.46,1.53,1.6,Surged Additional 50% Reduction,Mongolia,MNG,2021-05-03,v8,TRUE
2021-02-24,Rt,1.84,1.85,1.86,1.86,1.87,1.88,Surged Additional 50% Reduction,Mongolia,MNG,2021-05-03,v8,TRUE
2021-02-24,Reff,1.84,1.85,1.86,1.86,1.87,1.88,Surged Additional 50% Reduction,Mongolia,MNG,2021-05-03,v8,TRUE
2021-02-24,deaths,0.06,0.06,0.06,0.06,0.06,0.06,Surged Maintain Status Quo,Mongolia,MNG,2021-05-03,v8,TRUE
2021-02-24,hospital_demand,2.33,2.36,2.4,2.4,2.43,2.46,Surged Maintain Status Quo,Mongolia,MNG,2021-05-03,v8,TRUE
2021-02-24,ICU_demand,0.87,0.88,0.89,0.89,0.91,0.92,Surged Maintain Status Quo,Mongolia,MNG,2021-05-03,v8,TRUE
2021-02-24,infections,18.11,18.57,19.09,19.09,19.61,20.07,Surged Maintain Status Quo,Mongolia,MNG,2021-05-03,v8,TRUE
2021-02-24,prevalence,135.42,138.6,142.13,142.13,145.67,148.85,Surged Maintain Status Quo,Mongolia,MNG,2021-05-03,v8,TRUE
2021-02-24,cumulative_infections,738.03,764.57,794.06,794.06,823.55,850.1,Surged Maintain Status Quo,Mongolia,MNG,2021-05-03,v8,TRUE
2021-02-24,cumulative_deaths,1.32,1.39,1.46,1.46,1.53,1.6,Surged Maintain Status Quo,Mongolia,MNG,2021-05-03,v8,TRUE
2021-02-24,Rt,1.84,1.85,1.86,1.86,1.87,1.88,Surged Maintain Status Quo,Mongolia,MNG,2021-05-03,v8,TRUE
2021-02-24,Reff,1.84,1.85,1.86,1.86,1.87,1.88,Surged Maintain Status Quo,Mongolia,MNG,2021-05-03,v8,TRUE
2021-02-24,deaths,0.06,0.06,0.06,0.06,0.06,0.06,Surged Relax Interventions 50%,Mongolia,MNG,2021-05-03,v8,TRUE
2021-02-24,hospital_demand,2.33,2.36,2.4,2.4,2.43,2.46,Surged Relax Interventions 50%,Mongolia,MNG,2021-05-03,v8,TRUE
2021-02-24,ICU_demand,0.87,0.88,0.89,0.89,0.91,0.92,Surged Relax Interventions 50%,Mongolia,MNG,2021-05-03,v8,TRUE
2021-02-24,infections,18.11,18.57,19.09,19.09,19.61,20.07,Surged Relax Interventions 50%,Mongolia,MNG,2021-05-03,v8,TRUE
2021-02-24,prevalence,135.42,138.6,142.13,142.13,145.67,148.85,Surged Relax Interventions 50%,Mongolia,MNG,2021-05-03,v8,TRUE
2021-02-24,cumulative_infections,738.03,764.57,794.06,794.06,823.55,850.1,Surged Relax Interventions 50%,Mongolia,MNG,2021-05-03,v8,TRUE
2021-02-24,cumulative_deaths,1.32,1.39,1.46,1.46,1.53,1.6,Surged Relax Interventions 50%,Mongolia,MNG,2021-05-03,v8,TRUE
2021-02-24,Rt,1.84,1.85,1.86,1.86,1.87,1.88,Surged Relax Interventions 50%,Mongolia,MNG,2021-05-03,v8,TRUE
2021-02-24,Reff,1.84,1.85,1.86,1.86,1.87,1.88,Surged Relax Interventions 50%,Mongolia,MNG,2021-05-03,v8,TRUE
2021-02-25,deaths,0.06,0.06,0.06,0.06,0.06,0.06,Additional 50% Reduction,Mongolia,MNG,2021-05-03,v8,TRUE
2021-02-25,hospital_demand,2.31,2.35,2.38,2.38,2.41,2.44,Additional 50% Reduction,Mongolia,MNG,2021-05-03,v8,TRUE
2021-02-25,ICU_demand,0.87,0.88,0.9,0.9,0.91,0.92,Additional 50% Reduction,Mongolia,MNG,2021-05-03,v8,TRUE
2021-02-25,infections,20.57,21.06,21.6,21.6,22.15,22.63,Additional 50% Reduction,Mongolia,MNG,2021-05-03,v8,TRUE
2021-02-25,prevalence,151.12,154.47,158.2,158.2,161.92,165.27,Additional 50% Reduction,Mongolia,MNG,2021-05-03,v8,TRUE
2021-02-25,cumulative_infections,758.6,785.63,815.67,815.67,845.7,872.73,Additional 50% Reduction,Mongolia,MNG,2021-05-03,v8,TRUE
2021-02-25,cumulative_deaths,1.38,1.44,1.52,1.52,1.59,1.66,Additional 50% Reduction,Mongolia,MNG,2021-05-03,v8,TRUE
2021-02-25,Rt,1.83,1.84,1.85,1.85,1.86,1.87,Additional 50% Reduction,Mongolia,MNG,2021-05-03,v8,TRUE
2021-02-25,Reff,1.83,1.84,1.85,1.85,1.86,1.87,Additional 50% Reduction,Mongolia,MNG,2021-05-03,v8,TRUE
2021-02-25,deaths,0.06,0.06,0.06,0.06,0.06,0.06,Maintain Status Quo,Mongolia,MNG,2021-05-03,v8,TRUE
2021-02-25,hospital_demand,2.31,2.35,2.38,2.38,2.41,2.44,Maintain Status Quo,Mongolia,MNG,2021-05-03,v8,TRUE
2021-02-25,ICU_demand,0.87,0.88,0.9,0.9,0.91,0.92,Maintain Status Quo,Mongolia,MNG,2021-05-03,v8,TRUE
2021-02-25,infections,20.57,21.06,21.6,21.6,22.15,22.63,Maintain Status Quo,Mongolia,MNG,2021-05-03,v8,TRUE
2021-02-25,prevalence,151.12,154.47,158.2,158.2,161.92,165.27,Maintain Status Quo,Mongolia,MNG,2021-05-03,v8,TRUE
2021-02-25,cumulative_infections,758.6,785.63,815.67,815.67,845.7,872.73,Maintain Status Quo,Mongolia,MNG,2021-05-03,v8,TRUE
2021-02-25,cumulative_deaths,1.38,1.44,1.52,1.52,1.59,1.66,Maintain Status Quo,Mongolia,MNG,2021-05-03,v8,TRUE
2021-02-25,Rt,1.83,1.84,1.85,1.85,1.86,1.87,Maintain Status Quo,Mongolia,MNG,2021-05-03,v8,TRUE
2021-02-25,Reff,1.83,1.84,1.85,1.85,1.86,1.87,Maintain Status Quo,Mongolia,MNG,2021-05-03,v8,TRUE
2021-02-25,deaths,0.06,0.06,0.06,0.06,0.06,0.06,Relax Interventions 50%,Mongolia,MNG,2021-05-03,v8,TRUE
2021-02-25,hospital_demand,2.31,2.35,2.38,2.38,2.41,2.44,Relax Interventions 50%,Mongolia,MNG,2021-05-03,v8,TRUE
2021-02-25,ICU_demand,0.87,0.88,0.9,0.9,0.91,0.92,Relax Interventions 50%,Mongolia,MNG,2021-05-03,v8,TRUE
2021-02-25,infections,20.57,21.06,21.6,21.6,22.15,22.63,Relax Interventions 50%,Mongolia,MNG,2021-05-03,v8,TRUE
2021-02-25,prevalence,151.12,154.47,158.2,158.2,161.92,165.27,Relax Interventions 50%,Mongolia,MNG,2021-05-03,v8,TRUE
2021-02-25,cumulative_infections,758.6,785.63,815.67,815.67,845.7,872.73,Relax Interventions 50%,Mongolia,MNG,2021-05-03,v8,TRUE
2021-02-25,cumulative_deaths,1.38,1.44,1.52,1.52,1.59,1.66,Relax Interventions 50%,Mongolia,MNG,2021-05-03,v8,TRUE
2021-02-25,Rt,1.83,1.84,1.85,1.85,1.86,1.87,Relax Interventions 50%,Mongolia,MNG,2021-05-03,v8,TRUE
2021-02-25,Reff,1.83,1.84,1.85,1.85,1.86,1.87,Relax Interventions 50%,Mongolia,MNG,2021-05-03,v8,TRUE
2021-02-25,deaths,0.06,0.06,0.06,0.06,0.06,0.06,Surged Additional 50% Reduction,Mongolia,MNG,2021-05-03,v8,TRUE
2021-02-25,hospital_demand,2.31,2.35,2.38,2.38,2.41,2.44,Surged Additional 50% Reduction,Mongolia,MNG,2021-05-03,v8,TRUE
2021-02-25,ICU_demand,0.87,0.88,0.9,0.9,0.91,0.92,Surged Additional 50% Reduction,Mongolia,MNG,2021-05-03,v8,TRUE
2021-02-25,infections,20.57,21.06,21.6,21.6,22.15,22.63,Surged Additional 50% Reduction,Mongolia,MNG,2021-05-03,v8,TRUE
2021-02-25,prevalence,151.12,154.47,158.2,158.2,161.92,165.27,Surged Additional 50% Reduction,Mongolia,MNG,2021-05-03,v8,TRUE
2021-02-25,cumulative_infections,758.6,785.63,815.67,815.67,845.7,872.73,Surged Additional 50% Reduction,Mongolia,MNG,2021-05-03,v8,TRUE
2021-02-25,cumulative_deaths,1.38,1.44,1.52,1.52,1.59,1.66,Surged Additional 50% Reduction,Mongolia,MNG,2021-05-03,v8,TRUE
2021-02-25,Rt,1.83,1.84,1.85,1.85,1.86,1.87,Surged Additional 50% Reduction,Mongolia,MNG,2021-05-03,v8,TRUE
2021-02-25,Reff,1.83,1.84,1.85,1.85,1.86,1.87,Surged Additional 50% Reduction,Mongolia,MNG,2021-05-03,v8,TRUE
2021-02-25,deaths,0.06,0.06,0.06,0.06,0.06,0.06,Surged Maintain Status Quo,Mongolia,MNG,2021-05-03,v8,TRUE
2021-02-25,hospital_demand,2.31,2.35,2.38,2.38,2.41,2.44,Surged Maintain Status Quo,Mongolia,MNG,2021-05-03,v8,TRUE
2021-02-25,ICU_demand,0.87,0.88,0.9,0.9,0.91,0.92,Surged Maintain Status Quo,Mongolia,MNG,2021-05-03,v8,TRUE
2021-02-25,infections,20.57,21.06,21.6,21.6,22.15,22.63,Surged Maintain Status Quo,Mongolia,MNG,2021-05-03,v8,TRUE
2021-02-25,prevalence,151.12,154.47,158.2,158.2,161.92,165.27,Surged Maintain Status Quo,Mongolia,MNG,2021-05-03,v8,TRUE
2021-02-25,cumulative_infections,758.6,785.63,815.67,815.67,845.7,872.73,Surged Maintain Status Quo,Mongolia,MNG,2021-05-03,v8,TRUE
2021-02-25,cumulative_deaths,1.38,1.44,1.52,1.52,1.59,1.66,Surged Maintain Status Quo,Mongolia,MNG,2021-05-03,v8,TRUE
2021-02-25,Rt,1.83,1.84,1.85,1.85,1.86,1.87,Surged Maintain Status Quo,Mongolia,MNG,2021-05-03,v8,TRUE
2021-02-25,Reff,1.83,1.84,1.85,1.85,1.86,1.87,Surged Maintain Status Quo,Mongolia,MNG,2021-05-03,v8,TRUE
2021-02-25,deaths,0.06,0.06,0.06,0.06,0.06,0.06,Surged Relax Interventions 50%,Mongolia,MNG,2021-05-03,v8,TRUE
2021-02-25,hospital_demand,2.31,2.35,2.38,2.38,2.41,2.44,Surged Relax Interventions 50%,Mongolia,MNG,2021-05-03,v8,TRUE
2021-02-25,ICU_demand,0.87,0.88,0.9,0.9,0.91,0.92,Surged Relax Interventions 50%,Mongolia,MNG,2021-05-03,v8,TRUE
2021-02-25,infections,20.57,21.06,21.6,21.6,22.15,22.63,Surged Relax Interventions 50%,Mongolia,MNG,2021-05-03,v8,TRUE
2021-02-25,prevalence,151.12,154.47,158.2,158.2,161.92,165.27,Surged Relax Interventions 50%,Mongolia,MNG,2021-05-03,v8,TRUE
2021-02-25,cumulative_infections,758.6,785.63,815.67,815.67,845.7,872.73,Surged Relax Interventions 50%,Mongolia,MNG,2021-05-03,v8,TRUE
2021-02-25,cumulative_deaths,1.38,1.44,1.52,1.52,1.59,1.66,Surged Relax Interventions 50%,Mongolia,MNG,2021-05-03,v8,TRUE
2021-02-25,Rt,1.83,1.84,1.85,1.85,1.86,1.87,Surged Relax Interventions 50%,Mongolia,MNG,2021-05-03,v8,TRUE
2021-02-25,Reff,1.83,1.84,1.85,1.85,1.86,1.87,Surged Relax Interventions 50%,Mongolia,MNG,2021-05-03,v8,TRUE
2021-02-26,deaths,0.06,0.06,0.06,0.06,0.06,0.06,Additional 50% Reduction,Mongolia,MNG,2021-05-03,v8,TRUE
2021-02-26,hospital_demand,2.29,2.33,2.36,2.36,2.4,2.43,Additional 50% Reduction,Mongolia,MNG,2021-05-03,v8,TRUE
2021-02-26,ICU_demand,0.87,0.88,0.9,0.9,0.91,0.92,Additional 50% Reduction,Mongolia,MNG,2021-05-03,v8,TRUE
2021-02-26,infections,23.34,23.85,24.42,24.42,24.99,25.51,Additional 50% Reduction,Mongolia,MNG,2021-05-03,v8,TRUE
2021-02-26,prevalence,167.54,171.07,175,175,178.92,182.45,Additional 50% Reduction,Mongolia,MNG,2021-05-03,v8,TRUE
2021-02-26,cumulative_infections,781.94,809.49,840.09,840.09,870.69,898.24,Additional 50% Reduction,Mongolia,MNG,2021-05-03,v8,TRUE
2021-02-26,cumulative_deaths,1.44,1.5,1.58,1.58,1.66,1.72,Additional 50% Reduction,Mongolia,MNG,2021-05-03,v8,TRUE
2021-02-26,Rt,1.82,1.83,1.84,1.84,1.85,1.86,Additional 50% Reduction,Mongolia,MNG,2021-05-03,v8,TRUE
2021-02-26,Reff,1.82,1.83,1.84,1.84,1.85,1.86,Additional 50% Reduction,Mongolia,MNG,2021-05-03,v8,TRUE
2021-02-26,deaths,0.06,0.06,0.06,0.06,0.06,0.06,Maintain Status Quo,Mongolia,MNG,2021-05-03,v8,TRUE
2021-02-26,hospital_demand,2.29,2.33,2.36,2.36,2.4,2.43,Maintain Status Quo,Mongolia,MNG,2021-05-03,v8,TRUE
2021-02-26,ICU_demand,0.87,0.88,0.9,0.9,0.91,0.92,Maintain Status Quo,Mongolia,MNG,2021-05-03,v8,TRUE
2021-02-26,infections,23.34,23.85,24.42,24.42,24.99,25.51,Maintain Status Quo,Mongolia,MNG,2021-05-03,v8,TRUE
2021-02-26,prevalence,167.54,171.07,175,175,178.92,182.45,Maintain Status Quo,Mongolia,MNG,2021-05-03,v8,TRUE
2021-02-26,cumulative_infections,781.94,809.49,840.09,840.09,870.69,898.24,Maintain Status Quo,Mongolia,MNG,2021-05-03,v8,TRUE
2021-02-26,cumulative_deaths,1.44,1.5,1.58,1.58,1.66,1.72,Maintain Status Quo,Mongolia,MNG,2021-05-03,v8,TRUE
2021-02-26,Rt,1.82,1.83,1.84,1.84,1.85,1.86,Maintain Status Quo,Mongolia,MNG,2021-05-03,v8,TRUE
2021-02-26,Reff,1.82,1.83,1.84,1.84,1.85,1.86,Maintain Status Quo,Mongolia,MNG,2021-05-03,v8,TRUE
2021-02-26,deaths,0.06,0.06,0.06,0.06,0.06,0.06,Relax Interventions 50%,Mongolia,MNG,2021-05-03,v8,TRUE
2021-02-26,hospital_demand,2.29,2.33,2.36,2.36,2.4,2.43,Relax Interventions 50%,Mongolia,MNG,2021-05-03,v8,TRUE
2021-02-26,ICU_demand,0.87,0.88,0.9,0.9,0.91,0.92,Relax Interventions 50%,Mongolia,MNG,2021-05-03,v8,TRUE
2021-02-26,infections,23.34,23.85,24.42,24.42,24.99,25.51,Relax Interventions 50%,Mongolia,MNG,2021-05-03,v8,TRUE
2021-02-26,prevalence,167.54,171.07,175,175,178.92,182.45,Relax Interventions 50%,Mongolia,MNG,2021-05-03,v8,TRUE
2021-02-26,cumulative_infections,781.94,809.49,840.09,840.09,870.69,898.24,Relax Interventions 50%,Mongolia,MNG,2021-05-03,v8,TRUE
2021-02-26,cumulative_deaths,1.44,1.5,1.58,1.58,1.66,1.72,Relax Interventions 50%,Mongolia,MNG,2021-05-03,v8,TRUE
2021-02-26,Rt,1.82,1.83,1.84,1.84,1.85,1.86,Relax Interventions 50%,Mongolia,MNG,2021-05-03,v8,TRUE
2021-02-26,Reff,1.82,1.83,1.84,1.84,1.85,1.86,Relax Interventions 50%,Mongolia,MNG,2021-05-03,v8,TRUE
2021-02-26,deaths,0.06,0.06,0.06,0.06,0.06,0.06,Surged Additional 50% Reduction,Mongolia,MNG,2021-05-03,v8,TRUE
2021-02-26,hospital_demand,2.29,2.33,2.36,2.36,2.4,2.43,Surged Additional 50% Reduction,Mongolia,MNG,2021-05-03,v8,TRUE
2021-02-26,ICU_demand,0.87,0.88,0.9,0.9,0.91,0.92,Surged Additional 50% Reduction,Mongolia,MNG,2021-05-03,v8,TRUE
2021-02-26,infections,23.34,23.85,24.42,24.42,24.99,25.51,Surged Additional 50% Reduction,Mongolia,MNG,2021-05-03,v8,TRUE
2021-02-26,prevalence,167.54,171.07,175,175,178.92,182.45,Surged Additional 50% Reduction,Mongolia,MNG,2021-05-03,v8,TRUE
2021-02-26,cumulative_infections,781.94,809.49,840.09,840.09,870.69,898.24,Surged Additional 50% Reduction,Mongolia,MNG,2021-05-03,v8,TRUE
2021-02-26,cumulative_deaths,1.44,1.5,1.58,1.58,1.66,1.72,Surged Additional 50% Reduction,Mongolia,MNG,2021-05-03,v8,TRUE
2021-02-26,Rt,1.82,1.83,1.84,1.84,1.85,1.86,Surged Additional 50% Reduction,Mongolia,MNG,2021-05-03,v8,TRUE
2021-02-26,Reff,1.82,1.83,1.84,1.84,1.85,1.86,Surged Additional 50% Reduction,Mongolia,MNG,2021-05-03,v8,TRUE
2021-02-26,deaths,0.06,0.06,0.06,0.06,0.06,0.06,Surged Maintain Status Quo,Mongolia,MNG,2021-05-03,v8,TRUE
2021-02-26,hospital_demand,2.29,2.33,2.36,2.36,2.4,2.43,Surged Maintain Status Quo,Mongolia,MNG,2021-05-03,v8,TRUE
2021-02-26,ICU_demand,0.87,0.88,0.9,0.9,0.91,0.92,Surged Maintain Status Quo,Mongolia,MNG,2021-05-03,v8,TRUE
2021-02-26,infections,23.34,23.85,24.42,24.42,24.99,25.51,Surged Maintain Status Quo,Mongolia,MNG,2021-05-03,v8,TRUE
2021-02-26,prevalence,167.54,171.07,175,175,178.92,182.45,Surged Maintain Status Quo,Mongolia,MNG,2021-05-03,v8,TRUE
2021-02-26,cumulative_infections,781.94,809.49,840.09,840.09,870.69,898.24,Surged Maintain Status Quo,Mongolia,MNG,2021-05-03,v8,TRUE
2021-02-26,cumulative_deaths,1.44,1.5,1.58,1.58,1.66,1.72,Surged Maintain Status Quo,Mongolia,MNG,2021-05-03,v8,TRUE
2021-02-26,Rt,1.82,1.83,1.84,1.84,1.85,1.86,Surged Maintain Status Quo,Mongolia,MNG,2021-05-03,v8,TRUE
2021-02-26,Reff,1.82,1.83,1.84,1.84,1.85,1.86,Surged Maintain Status Quo,Mongolia,MNG,2021-05-03,v8,TRUE
2021-02-26,deaths,0.06,0.06,0.06,0.06,0.06,0.06,Surged Relax Interventions 50%,Mongolia,MNG,2021-05-03,v8,TRUE
2021-02-26,hospital_demand,2.29,2.33,2.36,2.36,2.4,2.43,Surged Relax Interventions 50%,Mongolia,MNG,2021-05-03,v8,TRUE
2021-02-26,ICU_demand,0.87,0.88,0.9,0.9,0.91,0.92,Surged Relax Interventions 50%,Mongolia,MNG,2021-05-03,v8,TRUE
2021-02-26,infections,23.34,23.85,24.42,24.42,24.99,25.51,Surged Relax Interventions 50%,Mongolia,MNG,2021-05-03,v8,TRUE
2021-02-26,prevalence,167.54,171.07,175,175,178.92,182.45,Surged Relax Interventions 50%,Mongolia,MNG,2021-05-03,v8,TRUE
2021-02-26,cumulative_infections,781.94,809.49,840.09,840.09,870.69,898.24,Surged Relax Interventions 50%,Mongolia,MNG,2021-05-03,v8,TRUE
2021-02-26,cumulative_deaths,1.44,1.5,1.58,1.58,1.66,1.72,Surged Relax Interventions 50%,Mongolia,MNG,2021-05-03,v8,TRUE
2021-02-26,Rt,1.82,1.83,1.84,1.84,1.85,1.86,Surged Relax Interventions 50%,Mongolia,MNG,2021-05-03,v8,TRUE
2021-02-26,Reff,1.82,1.83,1.84,1.84,1.85,1.86,Surged Relax Interventions 50%,Mongolia,MNG,2021-05-03,v8,TRUE
2021-02-27,deaths,0.06,0.06,0.06,0.06,0.06,0.06,Additional 50% Reduction,Mongolia,MNG,2021-05-03,v8,TRUE
2021-02-27,hospital_demand,2.28,2.31,2.35,2.35,2.39,2.42,Additional 50% Reduction,Mongolia,MNG,2021-05-03,v8,TRUE
2021-02-27,ICU_demand,0.87,0.88,0.9,0.9,0.91,0.93,Additional 50% Reduction,Mongolia,MNG,2021-05-03,v8,TRUE
2021-02-27,infections,26.19,26.73,27.33,27.33,27.93,28.47,Additional 50% Reduction,Mongolia,MNG,2021-05-03,v8,TRUE
2021-02-27,prevalence,185.22,188.93,193.06,193.06,197.19,200.91,Additional 50% Reduction,Mongolia,MNG,2021-05-03,v8,TRUE
2021-02-27,cumulative_infections,808.14,836.22,867.43,867.43,898.63,926.71,Additional 50% Reduction,Mongolia,MNG,2021-05-03,v8,TRUE
2021-02-27,cumulative_deaths,1.5,1.56,1.64,1.64,1.72,1.79,Additional 50% Reduction,Mongolia,MNG,2021-05-03,v8,TRUE
2021-02-27,Rt,2.04,2.06,2.07,2.07,2.09,2.11,Additional 50% Reduction,Mongolia,MNG,2021-05-03,v8,TRUE
2021-02-27,Reff,2.04,2.06,2.07,2.07,2.09,2.11,Additional 50% Reduction,Mongolia,MNG,2021-05-03,v8,TRUE
2021-02-27,deaths,0.06,0.06,0.06,0.06,0.06,0.06,Maintain Status Quo,Mongolia,MNG,2021-05-03,v8,TRUE
2021-02-27,hospital_demand,2.28,2.31,2.35,2.35,2.39,2.42,Maintain Status Quo,Mongolia,MNG,2021-05-03,v8,TRUE
2021-02-27,ICU_demand,0.87,0.88,0.9,0.9,0.91,0.93,Maintain Status Quo,Mongolia,MNG,2021-05-03,v8,TRUE
2021-02-27,infections,26.19,26.73,27.33,27.33,27.93,28.47,Maintain Status Quo,Mongolia,MNG,2021-05-03,v8,TRUE
2021-02-27,prevalence,185.22,188.93,193.06,193.06,197.19,200.91,Maintain Status Quo,Mongolia,MNG,2021-05-03,v8,TRUE
2021-02-27,cumulative_infections,808.14,836.22,867.43,867.43,898.63,926.71,Maintain Status Quo,Mongolia,MNG,2021-05-03,v8,TRUE
2021-02-27,cumulative_deaths,1.5,1.56,1.64,1.64,1.72,1.79,Maintain Status Quo,Mongolia,MNG,2021-05-03,v8,TRUE
2021-02-27,Rt,2.04,2.06,2.07,2.07,2.09,2.11,Maintain Status Quo,Mongolia,MNG,2021-05-03,v8,TRUE
2021-02-27,Reff,2.04,2.06,2.07,2.07,2.09,2.11,Maintain Status Quo,Mongolia,MNG,2021-05-03,v8,TRUE
2021-02-27,deaths,0.06,0.06,0.06,0.06,0.06,0.06,Relax Interventions 50%,Mongolia,MNG,2021-05-03,v8,TRUE
2021-02-27,hospital_demand,2.28,2.31,2.35,2.35,2.39,2.42,Relax Interventions 50%,Mongolia,MNG,2021-05-03,v8,TRUE
2021-02-27,ICU_demand,0.87,0.88,0.9,0.9,0.91,0.93,Relax Interventions 50%,Mongolia,MNG,2021-05-03,v8,TRUE
2021-02-27,infections,26.19,26.73,27.33,27.33,27.93,28.47,Relax Interventions 50%,Mongolia,MNG,2021-05-03,v8,TRUE
2021-02-27,prevalence,185.22,188.93,193.06,193.06,197.19,200.91,Relax Interventions 50%,Mongolia,MNG,2021-05-03,v8,TRUE
2021-02-27,cumulative_infections,808.14,836.22,867.43,867.43,898.63,926.71,Relax Interventions 50%,Mongolia,MNG,2021-05-03,v8,TRUE
2021-02-27,cumulative_deaths,1.5,1.56,1.64,1.64,1.72,1.79,Relax Interventions 50%,Mongolia,MNG,2021-05-03,v8,TRUE
2021-02-27,Rt,2.04,2.06,2.07,2.07,2.09,2.11,Relax Interventions 50%,Mongolia,MNG,2021-05-03,v8,TRUE
2021-02-27,Reff,2.04,2.06,2.07,2.07,2.09,2.11,Relax Interventions 50%,Mongolia,MNG,2021-05-03,v8,TRUE
2021-02-27,deaths,0.06,0.06,0.06,0.06,0.06,0.06,Surged Additional 50% Reduction,Mongolia,MNG,2021-05-03,v8,TRUE
2021-02-27,hospital_demand,2.28,2.31,2.35,2.35,2.39,2.42,Surged Additional 50% Reduction,Mongolia,MNG,2021-05-03,v8,TRUE
2021-02-27,ICU_demand,0.87,0.88,0.9,0.9,0.91,0.93,Surged Additional 50% Reduction,Mongolia,MNG,2021-05-03,v8,TRUE
2021-02-27,infections,26.19,26.73,27.33,27.33,27.93,28.47,Surged Additional 50% Reduction,Mongolia,MNG,2021-05-03,v8,TRUE
2021-02-27,prevalence,185.22,188.93,193.06,193.06,197.19,200.91,Surged Additional 50% Reduction,Mongolia,MNG,2021-05-03,v8,TRUE
2021-02-27,cumulative_infections,808.14,836.22,867.43,867.43,898.63,926.71,Surged Additional 50% Reduction,Mongolia,MNG,2021-05-03,v8,TRUE
2021-02-27,cumulative_deaths,1.5,1.56,1.64,1.64,1.72,1.79,Surged Additional 50% Reduction,Mongolia,MNG,2021-05-03,v8,TRUE
2021-02-27,Rt,2.04,2.06,2.07,2.07,2.09,2.11,Surged Additional 50% Reduction,Mongolia,MNG,2021-05-03,v8,TRUE
2021-02-27,Reff,2.04,2.06,2.07,2.07,2.09,2.11,Surged Additional 50% Reduction,Mongolia,MNG,2021-05-03,v8,TRUE
2021-02-27,deaths,0.06,0.06,0.06,0.06,0.06,0.06,Surged Maintain Status Quo,Mongolia,MNG,2021-05-03,v8,TRUE
2021-02-27,hospital_demand,2.28,2.31,2.35,2.35,2.39,2.42,Surged Maintain Status Quo,Mongolia,MNG,2021-05-03,v8,TRUE
2021-02-27,ICU_demand,0.87,0.88,0.9,0.9,0.91,0.93,Surged Maintain Status Quo,Mongolia,MNG,2021-05-03,v8,TRUE
2021-02-27,infections,26.19,26.73,27.33,27.33,27.93,28.47,Surged Maintain Status Quo,Mongolia,MNG,2021-05-03,v8,TRUE
2021-02-27,prevalence,185.22,188.93,193.06,193.06,197.19,200.91,Surged Maintain Status Quo,Mongolia,MNG,2021-05-03,v8,TRUE
2021-02-27,cumulative_infections,808.14,836.22,867.43,867.43,898.63,926.71,Surged Maintain Status Quo,Mongolia,MNG,2021-05-03,v8,TRUE
2021-02-27,cumulative_deaths,1.5,1.56,1.64,1.64,1.72,1.79,Surged Maintain Status Quo,Mongolia,MNG,2021-05-03,v8,TRUE
2021-02-27,Rt,2.04,2.06,2.07,2.07,2.09,2.11,Surged Maintain Status Quo,Mongolia,MNG,2021-05-03,v8,TRUE
2021-02-27,Reff,2.04,2.06,2.07,2.07,2.09,2.11,Surged Maintain Status Quo,Mongolia,MNG,2021-05-03,v8,TRUE
2021-02-27,deaths,0.06,0.06,0.06,0.06,0.06,0.06,Surged Relax Interventions 50%,Mongolia,MNG,2021-05-03,v8,TRUE
2021-02-27,hospital_demand,2.28,2.31,2.35,2.35,2.39,2.42,Surged Relax Interventions 50%,Mongolia,MNG,2021-05-03,v8,TRUE
2021-02-27,ICU_demand,0.87,0.88,0.9,0.9,0.91,0.93,Surged Relax Interventions 50%,Mongolia,MNG,2021-05-03,v8,TRUE
2021-02-27,infections,26.19,26.73,27.33,27.33,27.93,28.47,Surged Relax Interventions 50%,Mongolia,MNG,2021-05-03,v8,TRUE
2021-02-27,prevalence,185.22,188.93,193.06,193.06,197.19,200.91,Surged Relax Interventions 50%,Mongolia,MNG,2021-05-03,v8,TRUE
2021-02-27,cumulative_infections,808.14,836.22,867.43,867.43,898.63,926.71,Surged Relax Interventions 50%,Mongolia,MNG,2021-05-03,v8,TRUE
2021-02-27,cumulative_deaths,1.5,1.56,1.64,1.64,1.72,1.79,Surged Relax Interventions 50%,Mongolia,MNG,2021-05-03,v8,TRUE
2021-02-27,Rt,2.04,2.06,2.07,2.07,2.09,2.11,Surged Relax Interventions 50%,Mongolia,MNG,2021-05-03,v8,TRUE
2021-02-27,Reff,2.04,2.06,2.07,2.07,2.09,2.11,Surged Relax Interventions 50%,Mongolia,MNG,2021-05-03,v8,TRUE
2021-02-28,deaths,0.06,0.06,0.06,0.06,0.06,0.06,Additional 50% Reduction,Mongolia,MNG,2021-05-03,v8,TRUE
2021-02-28,hospital_demand,2.28,2.32,2.36,2.36,2.4,2.43,Additional 50% Reduction,Mongolia,MNG,2021-05-03,v8,TRUE
2021-02-28,ICU_demand,0.88,0.89,0.9,0.9,0.92,0.93,Additional 50% Reduction,Mongolia,MNG,2021-05-03,v8,TRUE
2021-02-28,infections,29.56,30.13,30.76,30.76,31.39,31.95,Additional 50% Reduction,Mongolia,MNG,2021-05-03,v8,TRUE
2021-02-28,prevalence,210.35,214.22,218.53,218.53,222.83,226.71,Additional 50% Reduction,Mongolia,MNG,2021-05-03,v8,TRUE
2021-02-28,cumulative_infections,837.7,866.35,898.18,898.18,930.02,958.66,Additional 50% Reduction,Mongolia,MNG,2021-05-03,v8,TRUE
2021-02-28,cumulative_deaths,1.55,1.62,1.7,1.7,1.78,1.85,Additional 50% Reduction,Mongolia,MNG,2021-05-03,v8,TRUE
2021-02-28,Rt,2.08,2.09,2.11,2.11,2.13,2.15,Additional 50% Reduction,Mongolia,MNG,2021-05-03,v8,TRUE
2021-02-28,Reff,2.08,2.09,2.11,2.11,2.13,2.14,Additional 50% Reduction,Mongolia,MNG,2021-05-03,v8,TRUE
2021-02-28,deaths,0.06,0.06,0.06,0.06,0.06,0.06,Maintain Status Quo,Mongolia,MNG,2021-05-03,v8,TRUE
2021-02-28,hospital_demand,2.28,2.32,2.36,2.36,2.4,2.43,Maintain Status Quo,Mongolia,MNG,2021-05-03,v8,TRUE
2021-02-28,ICU_demand,0.88,0.89,0.9,0.9,0.92,0.93,Maintain Status Quo,Mongolia,MNG,2021-05-03,v8,TRUE
2021-02-28,infections,29.56,30.13,30.76,30.76,31.39,31.95,Maintain Status Quo,Mongolia,MNG,2021-05-03,v8,TRUE
2021-02-28,prevalence,210.35,214.22,218.53,218.53,222.83,226.71,Maintain Status Quo,Mongolia,MNG,2021-05-03,v8,TRUE
2021-02-28,cumulative_infections,837.7,866.35,898.18,898.18,930.02,958.66,Maintain Status Quo,Mongolia,MNG,2021-05-03,v8,TRUE
2021-02-28,cumulative_deaths,1.55,1.62,1.7,1.7,1.78,1.85,Maintain Status Quo,Mongolia,MNG,2021-05-03,v8,TRUE
2021-02-28,Rt,2.08,2.09,2.11,2.11,2.13,2.15,Maintain Status Quo,Mongolia,MNG,2021-05-03,v8,TRUE
2021-02-28,Reff,2.08,2.09,2.11,2.11,2.13,2.14,Maintain Status Quo,Mongolia,MNG,2021-05-03,v8,TRUE
2021-02-28,deaths,0.06,0.06,0.06,0.06,0.06,0.06,Relax Interventions 50%,Mongolia,MNG,2021-05-03,v8,TRUE
2021-02-28,hospital_demand,2.28,2.32,2.36,2.36,2.4,2.43,Relax Interventions 50%,Mongolia,MNG,2021-05-03,v8,TRUE
2021-02-28,ICU_demand,0.88,0.89,0.9,0.9,0.92,0.93,Relax Interventions 50%,Mongolia,MNG,2021-05-03,v8,TRUE
2021-02-28,infections,29.56,30.13,30.76,30.76,31.39,31.95,Relax Interventions 50%,Mongolia,MNG,2021-05-03,v8,TRUE
2021-02-28,prevalence,210.35,214.22,218.53,218.53,222.83,226.71,Relax Interventions 50%,Mongolia,MNG,2021-05-03,v8,TRUE
2021-02-28,cumulative_infections,837.7,866.35,898.18,898.18,930.02,958.66,Relax Interventions 50%,Mongolia,MNG,2021-05-03,v8,TRUE
2021-02-28,cumulative_deaths,1.55,1.62,1.7,1.7,1.78,1.85,Relax Interventions 50%,Mongolia,MNG,2021-05-03,v8,TRUE
2021-02-28,Rt,2.08,2.09,2.11,2.11,2.13,2.15,Relax Interventions 50%,Mongolia,MNG,2021-05-03,v8,TRUE
2021-02-28,Reff,2.08,2.09,2.11,2.11,2.13,2.14,Relax Interventions 50%,Mongolia,MNG,2021-05-03,v8,TRUE
2021-02-28,deaths,0.06,0.06,0.06,0.06,0.06,0.06,Surged Additional 50% Reduction,Mongolia,MNG,2021-05-03,v8,TRUE
2021-02-28,hospital_demand,2.28,2.32,2.36,2.36,2.4,2.43,Surged Additional 50% Reduction,Mongolia,MNG,2021-05-03,v8,TRUE
2021-02-28,ICU_demand,0.88,0.89,0.9,0.9,0.92,0.93,Surged Additional 50% Reduction,Mongolia,MNG,2021-05-03,v8,TRUE
2021-02-28,infections,29.56,30.13,30.76,30.76,31.39,31.95,Surged Additional 50% Reduction,Mongolia,MNG,2021-05-03,v8,TRUE
2021-02-28,prevalence,210.35,214.22,218.53,218.53,222.83,226.71,Surged Additional 50% Reduction,Mongolia,MNG,2021-05-03,v8,TRUE
2021-02-28,cumulative_infections,837.7,866.35,898.18,898.18,930.02,958.66,Surged Additional 50% Reduction,Mongolia,MNG,2021-05-03,v8,TRUE
2021-02-28,cumulative_deaths,1.55,1.62,1.7,1.7,1.78,1.85,Surged Additional 50% Reduction,Mongolia,MNG,2021-05-03,v8,TRUE
2021-02-28,Rt,2.08,2.09,2.11,2.11,2.13,2.15,Surged Additional 50% Reduction,Mongolia,MNG,2021-05-03,v8,TRUE
2021-02-28,Reff,2.08,2.09,2.11,2.11,2.13,2.14,Surged Additional 50% Reduction,Mongolia,MNG,2021-05-03,v8,TRUE
2021-02-28,deaths,0.06,0.06,0.06,0.06,0.06,0.06,Surged Maintain Status Quo,Mongolia,MNG,2021-05-03,v8,TRUE
2021-02-28,hospital_demand,2.28,2.32,2.36,2.36,2.4,2.43,Surged Maintain Status Quo,Mongolia,MNG,2021-05-03,v8,TRUE
2021-02-28,ICU_demand,0.88,0.89,0.9,0.9,0.92,0.93,Surged Maintain Status Quo,Mongolia,MNG,2021-05-03,v8,TRUE
2021-02-28,infections,29.56,30.13,30.76,30.76,31.39,31.95,Surged Maintain Status Quo,Mongolia,MNG,2021-05-03,v8,TRUE
2021-02-28,prevalence,210.35,214.22,218.53,218.53,222.83,226.71,Surged Maintain Status Quo,Mongolia,MNG,2021-05-03,v8,TRUE
2021-02-28,cumulative_infections,837.7,866.35,898.18,898.18,930.02,958.66,Surged Maintain Status Quo,Mongolia,MNG,2021-05-03,v8,TRUE
2021-02-28,cumulative_deaths,1.55,1.62,1.7,1.7,1.78,1.85,Surged Maintain Status Quo,Mongolia,MNG,2021-05-03,v8,TRUE
2021-02-28,Rt,2.08,2.09,2.11,2.11,2.13,2.15,Surged Maintain Status Quo,Mongolia,MNG,2021-05-03,v8,TRUE
2021-02-28,Reff,2.08,2.09,2.11,2.11,2.13,2.14,Surged Maintain Status Quo,Mongolia,MNG,2021-05-03,v8,TRUE
2021-02-28,deaths,0.06,0.06,0.06,0.06,0.06,0.06,Surged Relax Interventions 50%,Mongolia,MNG,2021-05-03,v8,TRUE
2021-02-28,hospital_demand,2.28,2.32,2.36,2.36,2.4,2.43,Surged Relax Interventions 50%,Mongolia,MNG,2021-05-03,v8,TRUE
2021-02-28,ICU_demand,0.88,0.89,0.9,0.9,0.92,0.93,Surged Relax Interventions 50%,Mongolia,MNG,2021-05-03,v8,TRUE
2021-02-28,infections,29.56,30.13,30.76,30.76,31.39,31.95,Surged Relax Interventions 50%,Mongolia,MNG,2021-05-03,v8,TRUE
2021-02-28,prevalence,210.35,214.22,218.53,218.53,222.83,226.71,Surged Relax Interventions 50%,Mongolia,MNG,2021-05-03,v8,TRUE
2021-02-28,cumulative_infections,837.7,866.35,898.18,898.18,930.02,958.66,Surged Relax Interventions 50%,Mongolia,MNG,2021-05-03,v8,TRUE
2021-02-28,cumulative_deaths,1.55,1.62,1.7,1.7,1.78,1.85,Surged Relax Interventions 50%,Mongolia,MNG,2021-05-03,v8,TRUE
2021-02-28,Rt,2.08,2.09,2.11,2.11,2.13,2.15,Surged Relax Interventions 50%,Mongolia,MNG,2021-05-03,v8,TRUE
2021-02-28,Reff,2.08,2.09,2.11,2.11,2.13,2.14,Surged Relax Interventions 50%,Mongolia,MNG,2021-05-03,v8,TRUE
2021-03-01,deaths,0.06,0.06,0.06,0.06,0.06,0.06,Additional 50% Reduction,Mongolia,MNG,2021-05-03,v8,TRUE
2021-03-01,hospital_demand,2.3,2.33,2.38,2.38,2.42,2.46,Additional 50% Reduction,Mongolia,MNG,2021-05-03,v8,TRUE
2021-03-01,ICU_demand,0.88,0.9,0.91,0.91,0.93,0.95,Additional 50% Reduction,Mongolia,MNG,2021-05-03,v8,TRUE
2021-03-01,infections,33.71,34.3,34.95,34.95,35.61,36.2,Additional 50% Reduction,Mongolia,MNG,2021-05-03,v8,TRUE
2021-03-01,prevalence,239.41,243.43,247.9,247.9,252.36,256.38,Additional 50% Reduction,Mongolia,MNG,2021-05-03,v8,TRUE
2021-03-01,cumulative_infections,871.41,900.65,933.14,933.14,965.62,994.86,Additional 50% Reduction,Mongolia,MNG,2021-05-03,v8,TRUE
2021-03-01,cumulative_deaths,1.61,1.68,1.76,1.76,1.84,1.91,Additional 50% Reduction,Mongolia,MNG,2021-05-03,v8,TRUE
2021-03-01,Rt,1.9,1.91,1.93,1.93,1.94,1.95,Additional 50% Reduction,Mongolia,MNG,2021-05-03,v8,TRUE
2021-03-01,Reff,1.9,1.91,1.92,1.92,1.94,1.95,Additional 50% Reduction,Mongolia,MNG,2021-05-03,v8,TRUE
2021-03-01,deaths,0.06,0.06,0.06,0.06,0.06,0.06,Maintain Status Quo,Mongolia,MNG,2021-05-03,v8,TRUE
2021-03-01,hospital_demand,2.3,2.33,2.38,2.38,2.42,2.46,Maintain Status Quo,Mongolia,MNG,2021-05-03,v8,TRUE
2021-03-01,ICU_demand,0.88,0.9,0.91,0.91,0.93,0.95,Maintain Status Quo,Mongolia,MNG,2021-05-03,v8,TRUE
2021-03-01,infections,33.71,34.3,34.95,34.95,35.61,36.2,Maintain Status Quo,Mongolia,MNG,2021-05-03,v8,TRUE
2021-03-01,prevalence,239.41,243.43,247.9,247.9,252.36,256.38,Maintain Status Quo,Mongolia,MNG,2021-05-03,v8,TRUE
2021-03-01,cumulative_infections,871.41,900.65,933.14,933.14,965.62,994.86,Maintain Status Quo,Mongolia,MNG,2021-05-03,v8,TRUE
2021-03-01,cumulative_deaths,1.61,1.68,1.76,1.76,1.84,1.91,Maintain Status Quo,Mongolia,MNG,2021-05-03,v8,TRUE
2021-03-01,Rt,1.9,1.91,1.93,1.93,1.94,1.95,Maintain Status Quo,Mongolia,MNG,2021-05-03,v8,TRUE
2021-03-01,Reff,1.9,1.91,1.92,1.92,1.94,1.95,Maintain Status Quo,Mongolia,MNG,2021-05-03,v8,TRUE
2021-03-01,deaths,0.06,0.06,0.06,0.06,0.06,0.06,Relax Interventions 50%,Mongolia,MNG,2021-05-03,v8,TRUE
2021-03-01,hospital_demand,2.3,2.33,2.38,2.38,2.42,2.46,Relax Interventions 50%,Mongolia,MNG,2021-05-03,v8,TRUE
2021-03-01,ICU_demand,0.88,0.9,0.91,0.91,0.93,0.95,Relax Interventions 50%,Mongolia,MNG,2021-05-03,v8,TRUE
2021-03-01,infections,33.71,34.3,34.95,34.95,35.61,36.2,Relax Interventions 50%,Mongolia,MNG,2021-05-03,v8,TRUE
2021-03-01,prevalence,239.41,243.43,247.9,247.9,252.36,256.38,Relax Interventions 50%,Mongolia,MNG,2021-05-03,v8,TRUE
2021-03-01,cumulative_infections,871.41,900.65,933.14,933.14,965.62,994.86,Relax Interventions 50%,Mongolia,MNG,2021-05-03,v8,TRUE
2021-03-01,cumulative_deaths,1.61,1.68,1.76,1.76,1.84,1.91,Relax Interventions 50%,Mongolia,MNG,2021-05-03,v8,TRUE
2021-03-01,Rt,1.9,1.91,1.93,1.93,1.94,1.95,Relax Interventions 50%,Mongolia,MNG,2021-05-03,v8,TRUE
2021-03-01,Reff,1.9,1.91,1.92,1.92,1.94,1.95,Relax Interventions 50%,Mongolia,MNG,2021-05-03,v8,TRUE
2021-03-01,deaths,0.06,0.06,0.06,0.06,0.06,0.06,Surged Additional 50% Reduction,Mongolia,MNG,2021-05-03,v8,TRUE
2021-03-01,hospital_demand,2.3,2.33,2.38,2.38,2.42,2.46,Surged Additional 50% Reduction,Mongolia,MNG,2021-05-03,v8,TRUE
2021-03-01,ICU_demand,0.88,0.9,0.91,0.91,0.93,0.95,Surged Additional 50% Reduction,Mongolia,MNG,2021-05-03,v8,TRUE
2021-03-01,infections,33.71,34.3,34.95,34.95,35.61,36.2,Surged Additional 50% Reduction,Mongolia,MNG,2021-05-03,v8,TRUE
2021-03-01,prevalence,239.41,243.43,247.9,247.9,252.36,256.38,Surged Additional 50% Reduction,Mongolia,MNG,2021-05-03,v8,TRUE
2021-03-01,cumulative_infections,871.41,900.65,933.14,933.14,965.62,994.86,Surged Additional 50% Reduction,Mongolia,MNG,2021-05-03,v8,TRUE
2021-03-01,cumulative_deaths,1.61,1.68,1.76,1.76,1.84,1.91,Surged Additional 50% Reduction,Mongolia,MNG,2021-05-03,v8,TRUE
2021-03-01,Rt,1.9,1.91,1.93,1.93,1.94,1.95,Surged Additional 50% Reduction,Mongolia,MNG,2021-05-03,v8,TRUE
2021-03-01,Reff,1.9,1.91,1.92,1.92,1.94,1.95,Surged Additional 50% Reduction,Mongolia,MNG,2021-05-03,v8,TRUE
2021-03-01,deaths,0.06,0.06,0.06,0.06,0.06,0.06,Surged Maintain Status Quo,Mongolia,MNG,2021-05-03,v8,TRUE
2021-03-01,hospital_demand,2.3,2.33,2.38,2.38,2.42,2.46,Surged Maintain Status Quo,Mongolia,MNG,2021-05-03,v8,TRUE
2021-03-01,ICU_demand,0.88,0.9,0.91,0.91,0.93,0.95,Surged Maintain Status Quo,Mongolia,MNG,2021-05-03,v8,TRUE
2021-03-01,infections,33.71,34.3,34.95,34.95,35.61,36.2,Surged Maintain Status Quo,Mongolia,MNG,2021-05-03,v8,TRUE
2021-03-01,prevalence,239.41,243.43,247.9,247.9,252.36,256.38,Surged Maintain Status Quo,Mongolia,MNG,2021-05-03,v8,TRUE
2021-03-01,cumulative_infections,871.41,900.65,933.14,933.14,965.62,994.86,Surged Maintain Status Quo,Mongolia,MNG,2021-05-03,v8,TRUE
2021-03-01,cumulative_deaths,1.61,1.68,1.76,1.76,1.84,1.91,Surged Maintain Status Quo,Mongolia,MNG,2021-05-03,v8,TRUE
2021-03-01,Rt,1.9,1.91,1.93,1.93,1.94,1.95,Surged Maintain Status Quo,Mongolia,MNG,2021-05-03,v8,TRUE
2021-03-01,Reff,1.9,1.91,1.92,1.92,1.94,1.95,Surged Maintain Status Quo,Mongolia,MNG,2021-05-03,v8,TRUE
2021-03-01,deaths,0.06,0.06,0.06,0.06,0.06,0.06,Surged Relax Interventions 50%,Mongolia,MNG,2021-05-03,v8,TRUE
2021-03-01,hospital_demand,2.3,2.33,2.38,2.38,2.42,2.46,Surged Relax Interventions 50%,Mongolia,MNG,2021-05-03,v8,TRUE
2021-03-01,ICU_demand,0.88,0.9,0.91,0.91,0.93,0.95,Surged Relax Interventions 50%,Mongolia,MNG,2021-05-03,v8,TRUE
2021-03-01,infections,33.71,34.3,34.95,34.95,35.61,36.2,Surged Relax Interventions 50%,Mongolia,MNG,2021-05-03,v8,TRUE
2021-03-01,prevalence,239.41,243.43,247.9,247.9,252.36,256.38,Surged Relax Interventions 50%,Mongolia,MNG,2021-05-03,v8,TRUE
2021-03-01,cumulative_infections,871.41,900.65,933.14,933.14,965.62,994.86,Surged Relax Interventions 50%,Mongolia,MNG,2021-05-03,v8,TRUE
2021-03-01,cumulative_deaths,1.61,1.68,1.76,1.76,1.84,1.91,Surged Relax Interventions 50%,Mongolia,MNG,2021-05-03,v8,TRUE
2021-03-01,Rt,1.9,1.91,1.93,1.93,1.94,1.95,Surged Relax Interventions 50%,Mongolia,MNG,2021-05-03,v8,TRUE
2021-03-01,Reff,1.9,1.91,1.92,1.92,1.94,1.95,Surged Relax Interventions 50%,Mongolia,MNG,2021-05-03,v8,TRUE
2021-03-02,deaths,0.06,0.06,0.06,0.06,0.06,0.06,Additional 50% Reduction,Mongolia,MNG,2021-05-03,v8,TRUE
2021-03-02,hospital_demand,2.34,2.38,2.42,2.42,2.47,2.51,Additional 50% Reduction,Mongolia,MNG,2021-05-03,v8,TRUE
2021-03-02,ICU_demand,0.9,0.91,0.93,0.93,0.95,0.96,Additional 50% Reduction,Mongolia,MNG,2021-05-03,v8,TRUE
2021-03-02,infections,38.11,38.72,39.4,39.4,40.07,40.68,Additional 50% Reduction,Mongolia,MNG,2021-05-03,v8,TRUE
2021-03-02,prevalence,266.64,270.79,275.41,275.41,280.03,284.18,Additional 50% Reduction,Mongolia,MNG,2021-05-03,v8,TRUE
2021-03-02,cumulative_infections,909.52,939.37,972.53,972.53,1005.7,1035.54,Additional 50% Reduction,Mongolia,MNG,2021-05-03,v8,TRUE
2021-03-02,cumulative_deaths,1.67,1.74,1.82,1.82,1.9,1.97,Additional 50% Reduction,Mongolia,MNG,2021-05-03,v8,TRUE
2021-03-02,Rt,1.7,1.71,1.72,1.72,1.73,1.73,Additional 50% Reduction,Mongolia,MNG,2021-05-03,v8,TRUE
2021-03-02,Reff,1.7,1.71,1.72,1.72,1.72,1.73,Additional 50% Reduction,Mongolia,MNG,2021-05-03,v8,TRUE
2021-03-02,deaths,0.06,0.06,0.06,0.06,0.06,0.06,Maintain Status Quo,Mongolia,MNG,2021-05-03,v8,TRUE
2021-03-02,hospital_demand,2.34,2.38,2.42,2.42,2.47,2.51,Maintain Status Quo,Mongolia,MNG,2021-05-03,v8,TRUE
2021-03-02,ICU_demand,0.9,0.91,0.93,0.93,0.95,0.96,Maintain Status Quo,Mongolia,MNG,2021-05-03,v8,TRUE
2021-03-02,infections,38.11,38.72,39.4,39.4,40.07,40.68,Maintain Status Quo,Mongolia,MNG,2021-05-03,v8,TRUE
2021-03-02,prevalence,266.64,270.79,275.41,275.41,280.03,284.18,Maintain Status Quo,Mongolia,MNG,2021-05-03,v8,TRUE
2021-03-02,cumulative_infections,909.52,939.37,972.53,972.53,1005.7,1035.54,Maintain Status Quo,Mongolia,MNG,2021-05-03,v8,TRUE
2021-03-02,cumulative_deaths,1.67,1.74,1.82,1.82,1.9,1.97,Maintain Status Quo,Mongolia,MNG,2021-05-03,v8,TRUE
2021-03-02,Rt,1.7,1.71,1.72,1.72,1.73,1.73,Maintain Status Quo,Mongolia,MNG,2021-05-03,v8,TRUE
2021-03-02,Reff,1.7,1.71,1.72,1.72,1.72,1.73,Maintain Status Quo,Mongolia,MNG,2021-05-03,v8,TRUE
2021-03-02,deaths,0.06,0.06,0.06,0.06,0.06,0.06,Relax Interventions 50%,Mongolia,MNG,2021-05-03,v8,TRUE
2021-03-02,hospital_demand,2.34,2.38,2.42,2.42,2.47,2.51,Relax Interventions 50%,Mongolia,MNG,2021-05-03,v8,TRUE
2021-03-02,ICU_demand,0.9,0.91,0.93,0.93,0.95,0.96,Relax Interventions 50%,Mongolia,MNG,2021-05-03,v8,TRUE
2021-03-02,infections,38.11,38.72,39.4,39.4,40.07,40.68,Relax Interventions 50%,Mongolia,MNG,2021-05-03,v8,TRUE
2021-03-02,prevalence,266.64,270.79,275.41,275.41,280.03,284.18,Relax Interventions 50%,Mongolia,MNG,2021-05-03,v8,TRUE
2021-03-02,cumulative_infections,909.52,939.37,972.53,972.53,1005.7,1035.54,Relax Interventions 50%,Mongolia,MNG,2021-05-03,v8,TRUE
2021-03-02,cumulative_deaths,1.67,1.74,1.82,1.82,1.9,1.97,Relax Interventions 50%,Mongolia,MNG,2021-05-03,v8,TRUE
2021-03-02,Rt,1.7,1.71,1.72,1.72,1.73,1.73,Relax Interventions 50%,Mongolia,MNG,2021-05-03,v8,TRUE
2021-03-02,Reff,1.7,1.71,1.72,1.72,1.72,1.73,Relax Interventions 50%,Mongolia,MNG,2021-05-03,v8,TRUE
2021-03-02,deaths,0.06,0.06,0.06,0.06,0.06,0.06,Surged Additional 50% Reduction,Mongolia,MNG,2021-05-03,v8,TRUE
2021-03-02,hospital_demand,2.34,2.38,2.42,2.42,2.47,2.51,Surged Additional 50% Reduction,Mongolia,MNG,2021-05-03,v8,TRUE
2021-03-02,ICU_demand,0.9,0.91,0.93,0.93,0.95,0.96,Surged Additional 50% Reduction,Mongolia,MNG,2021-05-03,v8,TRUE
2021-03-02,infections,38.11,38.72,39.4,39.4,40.07,40.68,Surged Additional 50% Reduction,Mongolia,MNG,2021-05-03,v8,TRUE
2021-03-02,prevalence,266.64,270.79,275.41,275.41,280.03,284.18,Surged Additional 50% Reduction,Mongolia,MNG,2021-05-03,v8,TRUE
2021-03-02,cumulative_infections,909.52,939.37,972.53,972.53,1005.7,1035.54,Surged Additional 50% Reduction,Mongolia,MNG,2021-05-03,v8,TRUE
2021-03-02,cumulative_deaths,1.67,1.74,1.82,1.82,1.9,1.97,Surged Additional 50% Reduction,Mongolia,MNG,2021-05-03,v8,TRUE
2021-03-02,Rt,1.7,1.71,1.72,1.72,1.73,1.73,Surged Additional 50% Reduction,Mongolia,MNG,2021-05-03,v8,TRUE
2021-03-02,Reff,1.7,1.71,1.71,1.71,1.72,1.73,Surged Additional 50% Reduction,Mongolia,MNG,2021-05-03,v8,TRUE
2021-03-02,deaths,0.06,0.06,0.06,0.06,0.06,0.06,Surged Maintain Status Quo,Mongolia,MNG,2021-05-03,v8,TRUE
2021-03-02,hospital_demand,2.34,2.38,2.42,2.42,2.47,2.51,Surged Maintain Status Quo,Mongolia,MNG,2021-05-03,v8,TRUE
2021-03-02,ICU_demand,0.9,0.91,0.93,0.93,0.95,0.96,Surged Maintain Status Quo,Mongolia,MNG,2021-05-03,v8,TRUE
2021-03-02,infections,38.11,38.72,39.4,39.4,40.07,40.68,Surged Maintain Status Quo,Mongolia,MNG,2021-05-03,v8,TRUE
2021-03-02,prevalence,266.64,270.79,275.41,275.41,280.03,284.18,Surged Maintain Status Quo,Mongolia,MNG,2021-05-03,v8,TRUE
2021-03-02,cumulative_infections,909.52,939.37,972.53,972.53,1005.7,1035.54,Surged Maintain Status Quo,Mongolia,MNG,2021-05-03,v8,TRUE
2021-03-02,cumulative_deaths,1.67,1.74,1.82,1.82,1.9,1.97,Surged Maintain Status Quo,Mongolia,MNG,2021-05-03,v8,TRUE
2021-03-02,Rt,1.7,1.71,1.72,1.72,1.73,1.73,Surged Maintain Status Quo,Mongolia,MNG,2021-05-03,v8,TRUE
2021-03-02,Reff,1.7,1.71,1.71,1.71,1.72,1.73,Surged Maintain Status Quo,Mongolia,MNG,2021-05-03,v8,TRUE
2021-03-02,deaths,0.06,0.06,0.06,0.06,0.06,0.06,Surged Relax Interventions 50%,Mongolia,MNG,2021-05-03,v8,TRUE
2021-03-02,hospital_demand,2.34,2.38,2.42,2.42,2.47,2.51,Surged Relax Interventions 50%,Mongolia,MNG,2021-05-03,v8,TRUE
2021-03-02,ICU_demand,0.9,0.91,0.93,0.93,0.95,0.96,Surged Relax Interventions 50%,Mongolia,MNG,2021-05-03,v8,TRUE
2021-03-02,infections,38.11,38.72,39.4,39.4,40.07,40.68,Surged Relax Interventions 50%,Mongolia,MNG,2021-05-03,v8,TRUE
2021-03-02,prevalence,266.64,270.79,275.41,275.41,280.03,284.18,Surged Relax Interventions 50%,Mongolia,MNG,2021-05-03,v8,TRUE
2021-03-02,cumulative_infections,909.52,939.37,972.53,972.53,1005.7,1035.54,Surged Relax Interventions 50%,Mongolia,MNG,2021-05-03,v8,TRUE
2021-03-02,cumulative_deaths,1.67,1.74,1.82,1.82,1.9,1.97,Surged Relax Interventions 50%,Mongolia,MNG,2021-05-03,v8,TRUE
2021-03-02,Rt,1.7,1.71,1.72,1.72,1.73,1.73,Surged Relax Interventions 50%,Mongolia,MNG,2021-05-03,v8,TRUE
2021-03-02,Reff,1.7,1.71,1.71,1.71,1.72,1.73,Surged Relax Interventions 50%,Mongolia,MNG,2021-05-03,v8,TRUE
2021-03-03,deaths,0.06,0.06,0.06,0.06,0.06,0.06,Additional 50% Reduction,Mongolia,MNG,2021-05-03,v8,TRUE
2021-03-03,hospital_demand,2.41,2.45,2.5,2.5,2.55,2.59,Additional 50% Reduction,Mongolia,MNG,2021-05-03,v8,TRUE
2021-03-03,ICU_demand,0.92,0.94,0.96,0.96,0.97,0.99,Additional 50% Reduction,Mongolia,MNG,2021-05-03,v8,TRUE
2021-03-03,infections,42.07,42.74,43.48,43.48,44.22,44.89,Additional 50% Reduction,Mongolia,MNG,2021-05-03,v8,TRUE
2021-03-03,prevalence,289.19,294.03,299.42,299.42,304.81,309.65,Additional 50% Reduction,Mongolia,MNG,2021-05-03,v8,TRUE
2021-03-03,cumulative_infections,951.6,982.11,1016.01,1016.01,1049.92,1080.43,Additional 50% Reduction,Mongolia,MNG,2021-05-03,v8,TRUE
2021-03-03,cumulative_deaths,1.73,1.8,1.88,1.88,1.96,2.04,Additional 50% Reduction,Mongolia,MNG,2021-05-03,v8,TRUE
2021-03-03,Rt,1.74,1.75,1.76,1.76,1.76,1.77,Additional 50% Reduction,Mongolia,MNG,2021-05-03,v8,TRUE
2021-03-03,Reff,1.74,1.75,1.75,1.75,1.76,1.77,Additional 50% Reduction,Mongolia,MNG,2021-05-03,v8,TRUE
2021-03-03,deaths,0.06,0.06,0.06,0.06,0.06,0.06,Maintain Status Quo,Mongolia,MNG,2021-05-03,v8,TRUE
2021-03-03,hospital_demand,2.41,2.45,2.5,2.5,2.55,2.59,Maintain Status Quo,Mongolia,MNG,2021-05-03,v8,TRUE
2021-03-03,ICU_demand,0.92,0.94,0.96,0.96,0.97,0.99,Maintain Status Quo,Mongolia,MNG,2021-05-03,v8,TRUE
2021-03-03,infections,42.07,42.74,43.48,43.48,44.22,44.89,Maintain Status Quo,Mongolia,MNG,2021-05-03,v8,TRUE
2021-03-03,prevalence,289.19,294.03,299.42,299.42,304.81,309.65,Maintain Status Quo,Mongolia,MNG,2021-05-03,v8,TRUE
2021-03-03,cumulative_infections,951.6,982.11,1016.01,1016.01,1049.92,1080.43,Maintain Status Quo,Mongolia,MNG,2021-05-03,v8,TRUE
2021-03-03,cumulative_deaths,1.73,1.8,1.88,1.88,1.96,2.04,Maintain Status Quo,Mongolia,MNG,2021-05-03,v8,TRUE
2021-03-03,Rt,1.74,1.75,1.76,1.76,1.76,1.77,Maintain Status Quo,Mongolia,MNG,2021-05-03,v8,TRUE
2021-03-03,Reff,1.74,1.75,1.75,1.75,1.76,1.77,Maintain Status Quo,Mongolia,MNG,2021-05-03,v8,TRUE
2021-03-03,deaths,0.06,0.06,0.06,0.06,0.06,0.06,Relax Interventions 50%,Mongolia,MNG,2021-05-03,v8,TRUE
2021-03-03,hospital_demand,2.41,2.45,2.5,2.5,2.55,2.59,Relax Interventions 50%,Mongolia,MNG,2021-05-03,v8,TRUE
2021-03-03,ICU_demand,0.92,0.94,0.96,0.96,0.97,0.99,Relax Interventions 50%,Mongolia,MNG,2021-05-03,v8,TRUE
2021-03-03,infections,42.07,42.74,43.48,43.48,44.22,44.89,Relax Interventions 50%,Mongolia,MNG,2021-05-03,v8,TRUE
2021-03-03,prevalence,289.19,294.03,299.42,299.42,304.81,309.65,Relax Interventions 50%,Mongolia,MNG,2021-05-03,v8,TRUE
2021-03-03,cumulative_infections,951.6,982.11,1016.01,1016.01,1049.92,1080.43,Relax Interventions 50%,Mongolia,MNG,2021-05-03,v8,TRUE
2021-03-03,cumulative_deaths,1.73,1.8,1.88,1.88,1.96,2.04,Relax Interventions 50%,Mongolia,MNG,2021-05-03,v8,TRUE
2021-03-03,Rt,1.74,1.75,1.76,1.76,1.76,1.77,Relax Interventions 50%,Mongolia,MNG,2021-05-03,v8,TRUE
2021-03-03,Reff,1.74,1.75,1.75,1.75,1.76,1.77,Relax Interventions 50%,Mongolia,MNG,2021-05-03,v8,TRUE
2021-03-03,deaths,0.06,0.06,0.06,0.06,0.06,0.06,Surged Additional 50% Reduction,Mongolia,MNG,2021-05-03,v8,TRUE
2021-03-03,hospital_demand,2.41,2.45,2.5,2.5,2.55,2.59,Surged Additional 50% Reduction,Mongolia,MNG,2021-05-03,v8,TRUE
2021-03-03,ICU_demand,0.92,0.94,0.96,0.96,0.97,0.99,Surged Additional 50% Reduction,Mongolia,MNG,2021-05-03,v8,TRUE
2021-03-03,infections,42.07,42.74,43.48,43.48,44.22,44.89,Surged Additional 50% Reduction,Mongolia,MNG,2021-05-03,v8,TRUE
2021-03-03,prevalence,289.19,294.03,299.42,299.42,304.81,309.65,Surged Additional 50% Reduction,Mongolia,MNG,2021-05-03,v8,TRUE
2021-03-03,cumulative_infections,951.6,982.11,1016.01,1016.01,1049.92,1080.43,Surged Additional 50% Reduction,Mongolia,MNG,2021-05-03,v8,TRUE
2021-03-03,cumulative_deaths,1.73,1.8,1.88,1.88,1.96,2.04,Surged Additional 50% Reduction,Mongolia,MNG,2021-05-03,v8,TRUE
2021-03-03,Rt,1.74,1.75,1.76,1.76,1.76,1.77,Surged Additional 50% Reduction,Mongolia,MNG,2021-05-03,v8,TRUE
2021-03-03,Reff,1.74,1.75,1.75,1.75,1.76,1.77,Surged Additional 50% Reduction,Mongolia,MNG,2021-05-03,v8,TRUE
2021-03-03,deaths,0.06,0.06,0.06,0.06,0.06,0.06,Surged Maintain Status Quo,Mongolia,MNG,2021-05-03,v8,TRUE
2021-03-03,hospital_demand,2.41,2.45,2.5,2.5,2.55,2.59,Surged Maintain Status Quo,Mongolia,MNG,2021-05-03,v8,TRUE
2021-03-03,ICU_demand,0.92,0.94,0.96,0.96,0.97,0.99,Surged Maintain Status Quo,Mongolia,MNG,2021-05-03,v8,TRUE
2021-03-03,infections,42.07,42.74,43.48,43.48,44.22,44.89,Surged Maintain Status Quo,Mongolia,MNG,2021-05-03,v8,TRUE
2021-03-03,prevalence,289.19,294.03,299.42,299.42,304.81,309.65,Surged Maintain Status Quo,Mongolia,MNG,2021-05-03,v8,TRUE
2021-03-03,cumulative_infections,951.6,982.11,1016.01,1016.01,1049.92,1080.43,Surged Maintain Status Quo,Mongolia,MNG,2021-05-03,v8,TRUE
2021-03-03,cumulative_deaths,1.73,1.8,1.88,1.88,1.96,2.04,Surged Maintain Status Quo,Mongolia,MNG,2021-05-03,v8,TRUE
2021-03-03,Rt,1.74,1.75,1.76,1.76,1.76,1.77,Surged Maintain Status Quo,Mongolia,MNG,2021-05-03,v8,TRUE
2021-03-03,Reff,1.74,1.75,1.75,1.75,1.76,1.77,Surged Maintain Status Quo,Mongolia,MNG,2021-05-03,v8,TRUE
2021-03-03,deaths,0.06,0.06,0.06,0.06,0.06,0.06,Surged Relax Interventions 50%,Mongolia,MNG,2021-05-03,v8,TRUE
2021-03-03,hospital_demand,2.41,2.45,2.5,2.5,2.55,2.59,Surged Relax Interventions 50%,Mongolia,MNG,2021-05-03,v8,TRUE
2021-03-03,ICU_demand,0.92,0.94,0.96,0.96,0.97,0.99,Surged Relax Interventions 50%,Mongolia,MNG,2021-05-03,v8,TRUE
2021-03-03,infections,42.07,42.74,43.48,43.48,44.22,44.89,Surged Relax Interventions 50%,Mongolia,MNG,2021-05-03,v8,TRUE
2021-03-03,prevalence,289.19,294.03,299.42,299.42,304.81,309.65,Surged Relax Interventions 50%,Mongolia,MNG,2021-05-03,v8,TRUE
2021-03-03,cumulative_infections,951.6,982.11,1016.01,1016.01,1049.92,1080.43,Surged Relax Interventions 50%,Mongolia,MNG,2021-05-03,v8,TRUE
2021-03-03,cumulative_deaths,1.73,1.8,1.88,1.88,1.96,2.04,Surged Relax Interventions 50%,Mongolia,MNG,2021-05-03,v8,TRUE
2021-03-03,Rt,1.74,1.75,1.76,1.76,1.76,1.77,Surged Relax Interventions 50%,Mongolia,MNG,2021-05-03,v8,TRUE
2021-03-03,Reff,1.74,1.75,1.75,1.75,1.76,1.77,Surged Relax Interventions 50%,Mongolia,MNG,2021-05-03,v8,TRUE
2021-03-04,deaths,0.06,0.06,0.06,0.06,0.06,0.06,Additional 50% Reduction,Mongolia,MNG,2021-05-03,v8,TRUE
2021-03-04,hospital_demand,2.51,2.55,2.6,2.6,2.65,2.7,Additional 50% Reduction,Mongolia,MNG,2021-05-03,v8,TRUE
2021-03-04,ICU_demand,0.96,0.97,0.99,0.99,1.01,1.03,Additional 50% Reduction,Mongolia,MNG,2021-05-03,v8,TRUE
2021-03-04,infections,45.85,46.62,47.48,47.48,48.33,49.1,Additional 50% Reduction,Mongolia,MNG,2021-05-03,v8,TRUE
2021-03-04,prevalence,315.83,321.43,327.66,327.66,333.88,339.48,Additional 50% Reduction,Mongolia,MNG,2021-05-03,v8,TRUE
2021-03-04,cumulative_infections,997.45,1028.73,1063.49,1063.49,1098.25,1129.53,Additional 50% Reduction,Mongolia,MNG,2021-05-03,v8,TRUE
2021-03-04,cumulative_deaths,1.79,1.87,1.95,1.95,2.03,2.1,Additional 50% Reduction,Mongolia,MNG,2021-05-03,v8,TRUE
2021-03-04,Rt,1.75,1.76,1.77,1.77,1.78,1.79,Additional 50% Reduction,Mongolia,MNG,2021-05-03,v8,TRUE
2021-03-04,Reff,1.75,1.76,1.77,1.77,1.78,1.78,Additional 50% Reduction,Mongolia,MNG,2021-05-03,v8,TRUE
2021-03-04,deaths,0.06,0.06,0.06,0.06,0.06,0.06,Maintain Status Quo,Mongolia,MNG,2021-05-03,v8,TRUE
2021-03-04,hospital_demand,2.51,2.55,2.6,2.6,2.65,2.7,Maintain Status Quo,Mongolia,MNG,2021-05-03,v8,TRUE
2021-03-04,ICU_demand,0.96,0.97,0.99,0.99,1.01,1.03,Maintain Status Quo,Mongolia,MNG,2021-05-03,v8,TRUE
2021-03-04,infections,45.85,46.62,47.48,47.48,48.33,49.1,Maintain Status Quo,Mongolia,MNG,2021-05-03,v8,TRUE
2021-03-04,prevalence,315.83,321.43,327.66,327.66,333.88,339.48,Maintain Status Quo,Mongolia,MNG,2021-05-03,v8,TRUE
2021-03-04,cumulative_infections,997.45,1028.73,1063.49,1063.49,1098.25,1129.53,Maintain Status Quo,Mongolia,MNG,2021-05-03,v8,TRUE
2021-03-04,cumulative_deaths,1.79,1.87,1.95,1.95,2.03,2.1,Maintain Status Quo,Mongolia,MNG,2021-05-03,v8,TRUE
2021-03-04,Rt,1.75,1.76,1.77,1.77,1.78,1.79,Maintain Status Quo,Mongolia,MNG,2021-05-03,v8,TRUE
2021-03-04,Reff,1.75,1.76,1.77,1.77,1.78,1.78,Maintain Status Quo,Mongolia,MNG,2021-05-03,v8,TRUE
2021-03-04,deaths,0.06,0.06,0.06,0.06,0.06,0.06,Relax Interventions 50%,Mongolia,MNG,2021-05-03,v8,TRUE
2021-03-04,hospital_demand,2.51,2.55,2.6,2.6,2.65,2.7,Relax Interventions 50%,Mongolia,MNG,2021-05-03,v8,TRUE
2021-03-04,ICU_demand,0.96,0.97,0.99,0.99,1.01,1.03,Relax Interventions 50%,Mongolia,MNG,2021-05-03,v8,TRUE
2021-03-04,infections,45.85,46.62,47.48,47.48,48.33,49.1,Relax Interventions 50%,Mongolia,MNG,2021-05-03,v8,TRUE
2021-03-04,prevalence,315.83,321.43,327.66,327.66,333.88,339.48,Relax Interventions 50%,Mongolia,MNG,2021-05-03,v8,TRUE
2021-03-04,cumulative_infections,997.45,1028.73,1063.49,1063.49,1098.25,1129.53,Relax Interventions 50%,Mongolia,MNG,2021-05-03,v8,TRUE
2021-03-04,cumulative_deaths,1.79,1.87,1.95,1.95,2.03,2.1,Relax Interventions 50%,Mongolia,MNG,2021-05-03,v8,TRUE
2021-03-04,Rt,1.75,1.76,1.77,1.77,1.78,1.79,Relax Interventions 50%,Mongolia,MNG,2021-05-03,v8,TRUE
2021-03-04,Reff,1.75,1.76,1.77,1.77,1.78,1.78,Relax Interventions 50%,Mongolia,MNG,2021-05-03,v8,TRUE
2021-03-04,deaths,0.06,0.06,0.06,0.06,0.06,0.06,Surged Additional 50% Reduction,Mongolia,MNG,2021-05-03,v8,TRUE
2021-03-04,hospital_demand,2.51,2.55,2.6,2.6,2.65,2.7,Surged Additional 50% Reduction,Mongolia,MNG,2021-05-03,v8,TRUE
2021-03-04,ICU_demand,0.96,0.97,0.99,0.99,1.01,1.03,Surged Additional 50% Reduction,Mongolia,MNG,2021-05-03,v8,TRUE
2021-03-04,infections,45.85,46.62,47.48,47.48,48.33,49.1,Surged Additional 50% Reduction,Mongolia,MNG,2021-05-03,v8,TRUE
2021-03-04,prevalence,315.83,321.43,327.66,327.66,333.88,339.48,Surged Additional 50% Reduction,Mongolia,MNG,2021-05-03,v8,TRUE
2021-03-04,cumulative_infections,997.45,1028.73,1063.49,1063.49,1098.25,1129.53,Surged Additional 50% Reduction,Mongolia,MNG,2021-05-03,v8,TRUE
2021-03-04,cumulative_deaths,1.79,1.87,1.95,1.95,2.03,2.1,Surged Additional 50% Reduction,Mongolia,MNG,2021-05-03,v8,TRUE
2021-03-04,Rt,1.75,1.76,1.77,1.77,1.78,1.79,Surged Additional 50% Reduction,Mongolia,MNG,2021-05-03,v8,TRUE
2021-03-04,Reff,1.75,1.76,1.77,1.77,1.78,1.78,Surged Additional 50% Reduction,Mongolia,MNG,2021-05-03,v8,TRUE
2021-03-04,deaths,0.06,0.06,0.06,0.06,0.06,0.06,Surged Maintain Status Quo,Mongolia,MNG,2021-05-03,v8,TRUE
2021-03-04,hospital_demand,2.51,2.55,2.6,2.6,2.65,2.7,Surged Maintain Status Quo,Mongolia,MNG,2021-05-03,v8,TRUE
2021-03-04,ICU_demand,0.96,0.97,0.99,0.99,1.01,1.03,Surged Maintain Status Quo,Mongolia,MNG,2021-05-03,v8,TRUE
2021-03-04,infections,45.85,46.62,47.48,47.48,48.33,49.1,Surged Maintain Status Quo,Mongolia,MNG,2021-05-03,v8,TRUE
2021-03-04,prevalence,315.83,321.43,327.66,327.66,333.88,339.48,Surged Maintain Status Quo,Mongolia,MNG,2021-05-03,v8,TRUE
2021-03-04,cumulative_infections,997.45,1028.73,1063.49,1063.49,1098.25,1129.53,Surged Maintain Status Quo,Mongolia,MNG,2021-05-03,v8,TRUE
2021-03-04,cumulative_deaths,1.79,1.87,1.95,1.95,2.03,2.1,Surged Maintain Status Quo,Mongolia,MNG,2021-05-03,v8,TRUE
2021-03-04,Rt,1.75,1.76,1.77,1.77,1.78,1.79,Surged Maintain Status Quo,Mongolia,MNG,2021-05-03,v8,TRUE
2021-03-04,Reff,1.75,1.76,1.77,1.77,1.78,1.78,Surged Maintain Status Quo,Mongolia,MNG,2021-05-03,v8,TRUE
2021-03-04,deaths,0.06,0.06,0.06,0.06,0.06,0.06,Surged Relax Interventions 50%,Mongolia,MNG,2021-05-03,v8,TRUE
2021-03-04,hospital_demand,2.51,2.55,2.6,2.6,2.65,2.7,Surged Relax Interventions 50%,Mongolia,MNG,2021-05-03,v8,TRUE
2021-03-04,ICU_demand,0.96,0.97,0.99,0.99,1.01,1.03,Surged Relax Interventions 50%,Mongolia,MNG,2021-05-03,v8,TRUE
2021-03-04,infections,45.85,46.62,47.48,47.48,48.33,49.1,Surged Relax Interventions 50%,Mongolia,MNG,2021-05-03,v8,TRUE
2021-03-04,prevalence,315.83,321.43,327.66,327.66,333.88,339.48,Surged Relax Interventions 50%,Mongolia,MNG,2021-05-03,v8,TRUE
2021-03-04,cumulative_infections,997.45,1028.73,1063.49,1063.49,1098.25,1129.53,Surged Relax Interventions 50%,Mongolia,MNG,2021-05-03,v8,TRUE
2021-03-04,cumulative_deaths,1.79,1.87,1.95,1.95,2.03,2.1,Surged Relax Interventions 50%,Mongolia,MNG,2021-05-03,v8,TRUE
2021-03-04,Rt,1.75,1.76,1.77,1.77,1.78,1.79,Surged Relax Interventions 50%,Mongolia,MNG,2021-05-03,v8,TRUE
2021-03-04,Reff,1.75,1.76,1.77,1.77,1.78,1.78,Surged Relax Interventions 50%,Mongolia,MNG,2021-05-03,v8,TRUE
2021-03-05,deaths,0.06,0.06,0.06,0.06,0.07,0.07,Additional 50% Reduction,Mongolia,MNG,2021-05-03,v8,TRUE
2021-03-05,hospital_demand,2.64,2.69,2.74,2.74,2.8,2.84,Additional 50% Reduction,Mongolia,MNG,2021-05-03,v8,TRUE
2021-03-05,ICU_demand,1,1.02,1.03,1.03,1.05,1.07,Additional 50% Reduction,Mongolia,MNG,2021-05-03,v8,TRUE
2021-03-05,infections,50,50.9,51.9,51.9,52.89,53.79,Additional 50% Reduction,Mongolia,MNG,2021-05-03,v8,TRUE
2021-03-05,prevalence,345.96,352.37,359.5,359.5,366.62,373.03,Additional 50% Reduction,Mongolia,MNG,2021-05-03,v8,TRUE
2021-03-05,cumulative_infections,1047.45,1079.63,1115.39,1115.39,1151.14,1183.33,Additional 50% Reduction,Mongolia,MNG,2021-05-03,v8,TRUE
2021-03-05,cumulative_deaths,1.85,1.93,2.01,2.01,2.09,2.17,Additional 50% Reduction,Mongolia,MNG,2021-05-03,v8,TRUE
2021-03-05,Rt,1.83,1.84,1.85,1.85,1.85,1.86,Additional 50% Reduction,Mongolia,MNG,2021-05-03,v8,TRUE
2021-03-05,Reff,1.83,1.84,1.84,1.84,1.85,1.86,Additional 50% Reduction,Mongolia,MNG,2021-05-03,v8,TRUE
2021-03-05,deaths,0.06,0.06,0.06,0.06,0.07,0.07,Maintain Status Quo,Mongolia,MNG,2021-05-03,v8,TRUE
2021-03-05,hospital_demand,2.64,2.69,2.74,2.74,2.8,2.84,Maintain Status Quo,Mongolia,MNG,2021-05-03,v8,TRUE
2021-03-05,ICU_demand,1,1.02,1.03,1.03,1.05,1.07,Maintain Status Quo,Mongolia,MNG,2021-05-03,v8,TRUE
2021-03-05,infections,50,50.9,51.9,51.9,52.89,53.79,Maintain Status Quo,Mongolia,MNG,2021-05-03,v8,TRUE
2021-03-05,prevalence,345.96,352.37,359.5,359.5,366.62,373.03,Maintain Status Quo,Mongolia,MNG,2021-05-03,v8,TRUE
2021-03-05,cumulative_infections,1047.45,1079.63,1115.39,1115.39,1151.14,1183.33,Maintain Status Quo,Mongolia,MNG,2021-05-03,v8,TRUE
2021-03-05,cumulative_deaths,1.85,1.93,2.01,2.01,2.09,2.17,Maintain Status Quo,Mongolia,MNG,2021-05-03,v8,TRUE
2021-03-05,Rt,1.83,1.84,1.85,1.85,1.85,1.86,Maintain Status Quo,Mongolia,MNG,2021-05-03,v8,TRUE
2021-03-05,Reff,1.83,1.84,1.84,1.84,1.85,1.86,Maintain Status Quo,Mongolia,MNG,2021-05-03,v8,TRUE
2021-03-05,deaths,0.06,0.06,0.06,0.06,0.07,0.07,Relax Interventions 50%,Mongolia,MNG,2021-05-03,v8,TRUE
2021-03-05,hospital_demand,2.64,2.69,2.74,2.74,2.8,2.84,Relax Interventions 50%,Mongolia,MNG,2021-05-03,v8,TRUE
2021-03-05,ICU_demand,1,1.02,1.03,1.03,1.05,1.07,Relax Interventions 50%,Mongolia,MNG,2021-05-03,v8,TRUE
2021-03-05,infections,50,50.9,51.9,51.9,52.89,53.79,Relax Interventions 50%,Mongolia,MNG,2021-05-03,v8,TRUE
2021-03-05,prevalence,345.96,352.37,359.5,359.5,366.62,373.03,Relax Interventions 50%,Mongolia,MNG,2021-05-03,v8,TRUE
2021-03-05,cumulative_infections,1047.45,1079.63,1115.39,1115.39,1151.14,1183.33,Relax Interventions 50%,Mongolia,MNG,2021-05-03,v8,TRUE
2021-03-05,cumulative_deaths,1.85,1.93,2.01,2.01,2.09,2.17,Relax Interventions 50%,Mongolia,MNG,2021-05-03,v8,TRUE
2021-03-05,Rt,1.83,1.84,1.85,1.85,1.85,1.86,Relax Interventions 50%,Mongolia,MNG,2021-05-03,v8,TRUE
2021-03-05,Reff,1.83,1.84,1.84,1.84,1.85,1.86,Relax Interventions 50%,Mongolia,MNG,2021-05-03,v8,TRUE
2021-03-05,deaths,0.06,0.06,0.06,0.06,0.07,0.07,Surged Additional 50% Reduction,Mongolia,MNG,2021-05-03,v8,TRUE
2021-03-05,hospital_demand,2.64,2.69,2.74,2.74,2.8,2.84,Surged Additional 50% Reduction,Mongolia,MNG,2021-05-03,v8,TRUE
2021-03-05,ICU_demand,1,1.02,1.03,1.03,1.05,1.07,Surged Additional 50% Reduction,Mongolia,MNG,2021-05-03,v8,TRUE
2021-03-05,infections,50,50.9,51.9,51.9,52.89,53.79,Surged Additional 50% Reduction,Mongolia,MNG,2021-05-03,v8,TRUE
2021-03-05,prevalence,345.96,352.37,359.5,359.5,366.62,373.03,Surged Additional 50% Reduction,Mongolia,MNG,2021-05-03,v8,TRUE
2021-03-05,cumulative_infections,1047.45,1079.63,1115.39,1115.39,1151.14,1183.33,Surged Additional 50% Reduction,Mongolia,MNG,2021-05-03,v8,TRUE
2021-03-05,cumulative_deaths,1.85,1.93,2.01,2.01,2.09,2.17,Surged Additional 50% Reduction,Mongolia,MNG,2021-05-03,v8,TRUE
2021-03-05,Rt,1.83,1.84,1.85,1.85,1.85,1.86,Surged Additional 50% Reduction,Mongolia,MNG,2021-05-03,v8,TRUE
2021-03-05,Reff,1.83,1.84,1.84,1.84,1.85,1.86,Surged Additional 50% Reduction,Mongolia,MNG,2021-05-03,v8,TRUE
2021-03-05,deaths,0.06,0.06,0.06,0.06,0.07,0.07,Surged Maintain Status Quo,Mongolia,MNG,2021-05-03,v8,TRUE
2021-03-05,hospital_demand,2.64,2.69,2.74,2.74,2.8,2.84,Surged Maintain Status Quo,Mongolia,MNG,2021-05-03,v8,TRUE
2021-03-05,ICU_demand,1,1.02,1.03,1.03,1.05,1.07,Surged Maintain Status Quo,Mongolia,MNG,2021-05-03,v8,TRUE
2021-03-05,infections,50,50.9,51.9,51.9,52.89,53.79,Surged Maintain Status Quo,Mongolia,MNG,2021-05-03,v8,TRUE
2021-03-05,prevalence,345.96,352.37,359.5,359.5,366.62,373.03,Surged Maintain Status Quo,Mongolia,MNG,2021-05-03,v8,TRUE
2021-03-05,cumulative_infections,1047.45,1079.63,1115.39,1115.39,1151.14,1183.33,Surged Maintain Status Quo,Mongolia,MNG,2021-05-03,v8,TRUE
2021-03-05,cumulative_deaths,1.85,1.93,2.01,2.01,2.09,2.17,Surged Maintain Status Quo,Mongolia,MNG,2021-05-03,v8,TRUE
2021-03-05,Rt,1.83,1.84,1.85,1.85,1.85,1.86,Surged Maintain Status Quo,Mongolia,MNG,2021-05-03,v8,TRUE
2021-03-05,Reff,1.83,1.84,1.84,1.84,1.85,1.86,Surged Maintain Status Quo,Mongolia,MNG,2021-05-03,v8,TRUE
2021-03-05,deaths,0.06,0.06,0.06,0.06,0.07,0.07,Surged Relax Interventions 50%,Mongolia,MNG,2021-05-03,v8,TRUE
2021-03-05,hospital_demand,2.64,2.69,2.74,2.74,2.8,2.84,Surged Relax Interventions 50%,Mongolia,MNG,2021-05-03,v8,TRUE
2021-03-05,ICU_demand,1,1.02,1.03,1.03,1.05,1.07,Surged Relax Interventions 50%,Mongolia,MNG,2021-05-03,v8,TRUE
2021-03-05,infections,50,50.9,51.9,51.9,52.89,53.79,Surged Relax Interventions 50%,Mongolia,MNG,2021-05-03,v8,TRUE
2021-03-05,prevalence,345.96,352.37,359.5,359.5,366.62,373.03,Surged Relax Interventions 50%,Mongolia,MNG,2021-05-03,v8,TRUE
2021-03-05,cumulative_infections,1047.45,1079.63,1115.39,1115.39,1151.14,1183.33,Surged Relax Interventions 50%,Mongolia,MNG,2021-05-03,v8,TRUE
2021-03-05,cumulative_deaths,1.85,1.93,2.01,2.01,2.09,2.17,Surged Relax Interventions 50%,Mongolia,MNG,2021-05-03,v8,TRUE
2021-03-05,Rt,1.83,1.84,1.85,1.85,1.85,1.86,Surged Relax Interventions 50%,Mongolia,MNG,2021-05-03,v8,TRUE
2021-03-05,Reff,1.83,1.84,1.84,1.84,1.85,1.86,Surged Relax Interventions 50%,Mongolia,MNG,2021-05-03,v8,TRUE
2021-03-06,deaths,0.06,0.06,0.07,0.07,0.07,0.07,Additional 50% Reduction,Mongolia,MNG,2021-05-03,v8,TRUE
2021-03-06,hospital_demand,2.81,2.86,2.91,2.91,2.97,3.02,Additional 50% Reduction,Mongolia,MNG,2021-05-03,v8,TRUE
2021-03-06,ICU_demand,1.05,1.07,1.09,1.09,1.11,1.13,Additional 50% Reduction,Mongolia,MNG,2021-05-03,v8,TRUE
2021-03-06,infections,54.91,55.94,57.09,57.09,58.24,59.28,Additional 50% Reduction,Mongolia,MNG,2021-05-03,v8,TRUE
2021-03-06,prevalence,382.63,389.93,398.03,398.03,406.13,413.42,Additional 50% Reduction,Mongolia,MNG,2021-05-03,v8,TRUE
2021-03-06,cumulative_infections,1102.36,1135.57,1172.48,1172.48,1209.39,1242.6,Additional 50% Reduction,Mongolia,MNG,2021-05-03,v8,TRUE
2021-03-06,cumulative_deaths,1.92,1.99,2.08,2.08,2.16,2.24,Additional 50% Reduction,Mongolia,MNG,2021-05-03,v8,TRUE
2021-03-06,Rt,2.11,2.11,2.11,2.11,2.11,2.11,Additional 50% Reduction,Mongolia,MNG,2021-05-03,v8,TRUE
2021-03-06,Reff,2.11,2.11,2.11,2.11,2.11,2.11,Additional 50% Reduction,Mongolia,MNG,2021-05-03,v8,TRUE
2021-03-06,deaths,0.06,0.06,0.07,0.07,0.07,0.07,Maintain Status Quo,Mongolia,MNG,2021-05-03,v8,TRUE
2021-03-06,hospital_demand,2.81,2.86,2.91,2.91,2.97,3.02,Maintain Status Quo,Mongolia,MNG,2021-05-03,v8,TRUE
2021-03-06,ICU_demand,1.05,1.07,1.09,1.09,1.11,1.13,Maintain Status Quo,Mongolia,MNG,2021-05-03,v8,TRUE
2021-03-06,infections,54.91,55.94,57.09,57.09,58.24,59.28,Maintain Status Quo,Mongolia,MNG,2021-05-03,v8,TRUE
2021-03-06,prevalence,382.63,389.93,398.03,398.03,406.13,413.42,Maintain Status Quo,Mongolia,MNG,2021-05-03,v8,TRUE
2021-03-06,cumulative_infections,1102.36,1135.57,1172.48,1172.48,1209.39,1242.6,Maintain Status Quo,Mongolia,MNG,2021-05-03,v8,TRUE
2021-03-06,cumulative_deaths,1.92,1.99,2.08,2.08,2.16,2.24,Maintain Status Quo,Mongolia,MNG,2021-05-03,v8,TRUE
2021-03-06,Rt,2.11,2.11,2.11,2.11,2.11,2.11,Maintain Status Quo,Mongolia,MNG,2021-05-03,v8,TRUE
2021-03-06,Reff,2.11,2.11,2.11,2.11,2.11,2.11,Maintain Status Quo,Mongolia,MNG,2021-05-03,v8,TRUE
2021-03-06,deaths,0.06,0.06,0.07,0.07,0.07,0.07,Relax Interventions 50%,Mongolia,MNG,2021-05-03,v8,TRUE
2021-03-06,hospital_demand,2.81,2.86,2.91,2.91,2.97,3.02,Relax Interventions 50%,Mongolia,MNG,2021-05-03,v8,TRUE
2021-03-06,ICU_demand,1.05,1.07,1.09,1.09,1.11,1.13,Relax Interventions 50%,Mongolia,MNG,2021-05-03,v8,TRUE
2021-03-06,infections,54.91,55.94,57.09,57.09,58.24,59.28,Relax Interventions 50%,Mongolia,MNG,2021-05-03,v8,TRUE
2021-03-06,prevalence,382.63,389.93,398.03,398.03,406.13,413.42,Relax Interventions 50%,Mongolia,MNG,2021-05-03,v8,TRUE
2021-03-06,cumulative_infections,1102.36,1135.57,1172.48,1172.48,1209.39,1242.6,Relax Interventions 50%,Mongolia,MNG,2021-05-03,v8,TRUE
2021-03-06,cumulative_deaths,1.92,1.99,2.08,2.08,2.16,2.24,Relax Interventions 50%,Mongolia,MNG,2021-05-03,v8,TRUE
2021-03-06,Rt,2.11,2.11,2.11,2.11,2.11,2.11,Relax Interventions 50%,Mongolia,MNG,2021-05-03,v8,TRUE
2021-03-06,Reff,2.11,2.11,2.11,2.11,2.11,2.11,Relax Interventions 50%,Mongolia,MNG,2021-05-03,v8,TRUE
2021-03-06,deaths,0.06,0.06,0.07,0.07,0.07,0.07,Surged Additional 50% Reduction,Mongolia,MNG,2021-05-03,v8,TRUE
2021-03-06,hospital_demand,2.81,2.86,2.91,2.91,2.97,3.02,Surged Additional 50% Reduction,Mongolia,MNG,2021-05-03,v8,TRUE
2021-03-06,ICU_demand,1.05,1.07,1.09,1.09,1.11,1.13,Surged Additional 50% Reduction,Mongolia,MNG,2021-05-03,v8,TRUE
2021-03-06,infections,54.91,55.94,57.09,57.09,58.24,59.28,Surged Additional 50% Reduction,Mongolia,MNG,2021-05-03,v8,TRUE
2021-03-06,prevalence,382.63,389.93,398.03,398.03,406.13,413.42,Surged Additional 50% Reduction,Mongolia,MNG,2021-05-03,v8,TRUE
2021-03-06,cumulative_infections,1102.36,1135.57,1172.48,1172.48,1209.39,1242.6,Surged Additional 50% Reduction,Mongolia,MNG,2021-05-03,v8,TRUE
2021-03-06,cumulative_deaths,1.92,1.99,2.08,2.08,2.16,2.24,Surged Additional 50% Reduction,Mongolia,MNG,2021-05-03,v8,TRUE
2021-03-06,Rt,2.11,2.11,2.11,2.11,2.11,2.11,Surged Additional 50% Reduction,Mongolia,MNG,2021-05-03,v8,TRUE
2021-03-06,Reff,2.1,2.11,2.11,2.11,2.11,2.11,Surged Additional 50% Reduction,Mongolia,MNG,2021-05-03,v8,TRUE
2021-03-06,deaths,0.06,0.06,0.07,0.07,0.07,0.07,Surged Maintain Status Quo,Mongolia,MNG,2021-05-03,v8,TRUE
2021-03-06,hospital_demand,2.81,2.86,2.91,2.91,2.97,3.02,Surged Maintain Status Quo,Mongolia,MNG,2021-05-03,v8,TRUE
2021-03-06,ICU_demand,1.05,1.07,1.09,1.09,1.11,1.13,Surged Maintain Status Quo,Mongolia,MNG,2021-05-03,v8,TRUE
2021-03-06,infections,54.91,55.94,57.09,57.09,58.24,59.28,Surged Maintain Status Quo,Mongolia,MNG,2021-05-03,v8,TRUE
2021-03-06,prevalence,382.63,389.93,398.03,398.03,406.13,413.42,Surged Maintain Status Quo,Mongolia,MNG,2021-05-03,v8,TRUE
2021-03-06,cumulative_infections,1102.36,1135.57,1172.48,1172.48,1209.39,1242.6,Surged Maintain Status Quo,Mongolia,MNG,2021-05-03,v8,TRUE
2021-03-06,cumulative_deaths,1.92,1.99,2.08,2.08,2.16,2.24,Surged Maintain Status Quo,Mongolia,MNG,2021-05-03,v8,TRUE
2021-03-06,Rt,2.11,2.11,2.11,2.11,2.11,2.11,Surged Maintain Status Quo,Mongolia,MNG,2021-05-03,v8,TRUE
2021-03-06,Reff,2.1,2.11,2.11,2.11,2.11,2.11,Surged Maintain Status Quo,Mongolia,MNG,2021-05-03,v8,TRUE
2021-03-06,deaths,0.06,0.06,0.07,0.07,0.07,0.07,Surged Relax Interventions 50%,Mongolia,MNG,2021-05-03,v8,TRUE
2021-03-06,hospital_demand,2.81,2.86,2.91,2.91,2.97,3.02,Surged Relax Interventions 50%,Mongolia,MNG,2021-05-03,v8,TRUE
2021-03-06,ICU_demand,1.05,1.07,1.09,1.09,1.11,1.13,Surged Relax Interventions 50%,Mongolia,MNG,2021-05-03,v8,TRUE
2021-03-06,infections,54.91,55.94,57.09,57.09,58.24,59.28,Surged Relax Interventions 50%,Mongolia,MNG,2021-05-03,v8,TRUE
2021-03-06,prevalence,382.63,389.93,398.03,398.03,406.13,413.42,Surged Relax Interventions 50%,Mongolia,MNG,2021-05-03,v8,TRUE
2021-03-06,cumulative_infections,1102.36,1135.57,1172.48,1172.48,1209.39,1242.6,Surged Relax Interventions 50%,Mongolia,MNG,2021-05-03,v8,TRUE
2021-03-06,cumulative_deaths,1.92,1.99,2.08,2.08,2.16,2.24,Surged Relax Interventions 50%,Mongolia,MNG,2021-05-03,v8,TRUE
2021-03-06,Rt,2.11,2.11,2.11,2.11,2.11,2.11,Surged Relax Interventions 50%,Mongolia,MNG,2021-05-03,v8,TRUE
2021-03-06,Reff,2.1,2.11,2.11,2.11,2.11,2.11,Surged Relax Interventions 50%,Mongolia,MNG,2021-05-03,v8,TRUE
2021-03-07,deaths,0.07,0.07,0.07,0.07,0.07,0.07,Additional 50% Reduction,Mongolia,MNG,2021-05-03,v8,TRUE
2021-03-07,hospital_demand,3.01,3.06,3.12,3.12,3.18,3.24,Additional 50% Reduction,Mongolia,MNG,2021-05-03,v8,TRUE
2021-03-07,ICU_demand,1.11,1.13,1.15,1.15,1.18,1.2,Additional 50% Reduction,Mongolia,MNG,2021-05-03,v8,TRUE
2021-03-07,infections,61.58,62.76,64.07,64.07,65.38,66.56,Additional 50% Reduction,Mongolia,MNG,2021-05-03,v8,TRUE
2021-03-07,prevalence,435.92,444.21,453.43,453.43,462.65,470.95,Additional 50% Reduction,Mongolia,MNG,2021-05-03,v8,TRUE
2021-03-07,cumulative_infections,1163.93,1198.33,1236.55,1236.55,1274.77,1309.17,Additional 50% Reduction,Mongolia,MNG,2021-05-03,v8,TRUE
2021-03-07,cumulative_deaths,1.98,2.06,2.15,2.15,2.23,2.31,Additional 50% Reduction,Mongolia,MNG,2021-05-03,v8,TRUE
2021-03-07,Rt,2.38,2.39,2.39,2.39,2.4,2.4,Additional 50% Reduction,Mongolia,MNG,2021-05-03,v8,TRUE
2021-03-07,Reff,2.38,2.39,2.39,2.39,2.4,2.4,Additional 50% Reduction,Mongolia,MNG,2021-05-03,v8,TRUE
2021-03-07,deaths,0.07,0.07,0.07,0.07,0.07,0.07,Maintain Status Quo,Mongolia,MNG,2021-05-03,v8,TRUE
2021-03-07,hospital_demand,3.01,3.06,3.12,3.12,3.18,3.24,Maintain Status Quo,Mongolia,MNG,2021-05-03,v8,TRUE
2021-03-07,ICU_demand,1.11,1.13,1.15,1.15,1.18,1.2,Maintain Status Quo,Mongolia,MNG,2021-05-03,v8,TRUE
2021-03-07,infections,61.58,62.76,64.07,64.07,65.38,66.56,Maintain Status Quo,Mongolia,MNG,2021-05-03,v8,TRUE
2021-03-07,prevalence,435.92,444.21,453.43,453.43,462.65,470.95,Maintain Status Quo,Mongolia,MNG,2021-05-03,v8,TRUE
2021-03-07,cumulative_infections,1163.93,1198.33,1236.55,1236.55,1274.77,1309.17,Maintain Status Quo,Mongolia,MNG,2021-05-03,v8,TRUE
2021-03-07,cumulative_deaths,1.98,2.06,2.15,2.15,2.23,2.31,Maintain Status Quo,Mongolia,MNG,2021-05-03,v8,TRUE
2021-03-07,Rt,2.38,2.39,2.39,2.39,2.4,2.4,Maintain Status Quo,Mongolia,MNG,2021-05-03,v8,TRUE
2021-03-07,Reff,2.38,2.39,2.39,2.39,2.4,2.4,Maintain Status Quo,Mongolia,MNG,2021-05-03,v8,TRUE
2021-03-07,deaths,0.07,0.07,0.07,0.07,0.07,0.07,Relax Interventions 50%,Mongolia,MNG,2021-05-03,v8,TRUE
2021-03-07,hospital_demand,3.01,3.06,3.12,3.12,3.18,3.24,Relax Interventions 50%,Mongolia,MNG,2021-05-03,v8,TRUE
2021-03-07,ICU_demand,1.11,1.13,1.15,1.15,1.18,1.2,Relax Interventions 50%,Mongolia,MNG,2021-05-03,v8,TRUE
2021-03-07,infections,61.58,62.76,64.07,64.07,65.38,66.56,Relax Interventions 50%,Mongolia,MNG,2021-05-03,v8,TRUE
2021-03-07,prevalence,435.92,444.21,453.43,453.43,462.65,470.95,Relax Interventions 50%,Mongolia,MNG,2021-05-03,v8,TRUE
2021-03-07,cumulative_infections,1163.93,1198.33,1236.55,1236.55,1274.77,1309.17,Relax Interventions 50%,Mongolia,MNG,2021-05-03,v8,TRUE
2021-03-07,cumulative_deaths,1.98,2.06,2.15,2.15,2.23,2.31,Relax Interventions 50%,Mongolia,MNG,2021-05-03,v8,TRUE
2021-03-07,Rt,2.38,2.39,2.39,2.39,2.4,2.4,Relax Interventions 50%,Mongolia,MNG,2021-05-03,v8,TRUE
2021-03-07,Reff,2.38,2.39,2.39,2.39,2.4,2.4,Relax Interventions 50%,Mongolia,MNG,2021-05-03,v8,TRUE
2021-03-07,deaths,0.07,0.07,0.07,0.07,0.07,0.07,Surged Additional 50% Reduction,Mongolia,MNG,2021-05-03,v8,TRUE
2021-03-07,hospital_demand,3.01,3.06,3.12,3.12,3.18,3.24,Surged Additional 50% Reduction,Mongolia,MNG,2021-05-03,v8,TRUE
2021-03-07,ICU_demand,1.11,1.13,1.15,1.15,1.18,1.2,Surged Additional 50% Reduction,Mongolia,MNG,2021-05-03,v8,TRUE
2021-03-07,infections,61.58,62.76,64.07,64.07,65.38,66.56,Surged Additional 50% Reduction,Mongolia,MNG,2021-05-03,v8,TRUE
2021-03-07,prevalence,435.92,444.21,453.43,453.43,462.65,470.95,Surged Additional 50% Reduction,Mongolia,MNG,2021-05-03,v8,TRUE
2021-03-07,cumulative_infections,1163.93,1198.33,1236.55,1236.55,1274.77,1309.17,Surged Additional 50% Reduction,Mongolia,MNG,2021-05-03,v8,TRUE
2021-03-07,cumulative_deaths,1.98,2.06,2.15,2.15,2.23,2.31,Surged Additional 50% Reduction,Mongolia,MNG,2021-05-03,v8,TRUE
2021-03-07,Rt,2.38,2.39,2.39,2.39,2.4,2.4,Surged Additional 50% Reduction,Mongolia,MNG,2021-05-03,v8,TRUE
2021-03-07,Reff,2.38,2.38,2.39,2.39,2.39,2.4,Surged Additional 50% Reduction,Mongolia,MNG,2021-05-03,v8,TRUE
2021-03-07,deaths,0.07,0.07,0.07,0.07,0.07,0.07,Surged Maintain Status Quo,Mongolia,MNG,2021-05-03,v8,TRUE
2021-03-07,hospital_demand,3.01,3.06,3.12,3.12,3.18,3.24,Surged Maintain Status Quo,Mongolia,MNG,2021-05-03,v8,TRUE
2021-03-07,ICU_demand,1.11,1.13,1.15,1.15,1.18,1.2,Surged Maintain Status Quo,Mongolia,MNG,2021-05-03,v8,TRUE
2021-03-07,infections,61.58,62.76,64.07,64.07,65.38,66.56,Surged Maintain Status Quo,Mongolia,MNG,2021-05-03,v8,TRUE
2021-03-07,prevalence,435.92,444.21,453.43,453.43,462.65,470.95,Surged Maintain Status Quo,Mongolia,MNG,2021-05-03,v8,TRUE
2021-03-07,cumulative_infections,1163.93,1198.33,1236.55,1236.55,1274.77,1309.17,Surged Maintain Status Quo,Mongolia,MNG,2021-05-03,v8,TRUE
2021-03-07,cumulative_deaths,1.98,2.06,2.15,2.15,2.23,2.31,Surged Maintain Status Quo,Mongolia,MNG,2021-05-03,v8,TRUE
2021-03-07,Rt,2.38,2.39,2.39,2.39,2.4,2.4,Surged Maintain Status Quo,Mongolia,MNG,2021-05-03,v8,TRUE
2021-03-07,Reff,2.38,2.38,2.39,2.39,2.39,2.4,Surged Maintain Status Quo,Mongolia,MNG,2021-05-03,v8,TRUE
2021-03-07,deaths,0.07,0.07,0.07,0.07,0.07,0.07,Surged Relax Interventions 50%,Mongolia,MNG,2021-05-03,v8,TRUE
2021-03-07,hospital_demand,3.01,3.06,3.12,3.12,3.18,3.24,Surged Relax Interventions 50%,Mongolia,MNG,2021-05-03,v8,TRUE
2021-03-07,ICU_demand,1.11,1.13,1.15,1.15,1.18,1.2,Surged Relax Interventions 50%,Mongolia,MNG,2021-05-03,v8,TRUE
2021-03-07,infections,61.58,62.76,64.07,64.07,65.38,66.56,Surged Relax Interventions 50%,Mongolia,MNG,2021-05-03,v8,TRUE
2021-03-07,prevalence,435.92,444.21,453.43,453.43,462.65,470.95,Surged Relax Interventions 50%,Mongolia,MNG,2021-05-03,v8,TRUE
2021-03-07,cumulative_infections,1163.93,1198.33,1236.55,1236.55,1274.77,1309.17,Surged Relax Interventions 50%,Mongolia,MNG,2021-05-03,v8,TRUE
2021-03-07,cumulative_deaths,1.98,2.06,2.15,2.15,2.23,2.31,Surged Relax Interventions 50%,Mongolia,MNG,2021-05-03,v8,TRUE
2021-03-07,Rt,2.38,2.39,2.39,2.39,2.4,2.4,Surged Relax Interventions 50%,Mongolia,MNG,2021-05-03,v8,TRUE
2021-03-07,Reff,2.38,2.38,2.39,2.39,2.39,2.4,Surged Relax Interventions 50%,Mongolia,MNG,2021-05-03,v8,TRUE
2021-03-08,deaths,0.07,0.07,0.07,0.07,0.07,0.08,Additional 50% Reduction,Mongolia,MNG,2021-05-03,v8,TRUE
2021-03-08,hospital_demand,3.24,3.3,3.36,3.36,3.43,3.48,Additional 50% Reduction,Mongolia,MNG,2021-05-03,v8,TRUE
2021-03-08,ICU_demand,1.19,1.21,1.23,1.23,1.25,1.28,Additional 50% Reduction,Mongolia,MNG,2021-05-03,v8,TRUE
2021-03-08,infections,71.13,72.47,73.95,73.95,75.44,76.78,Additional 50% Reduction,Mongolia,MNG,2021-05-03,v8,TRUE
2021-03-08,prevalence,510.53,519.92,530.35,530.35,540.78,550.16,Additional 50% Reduction,Mongolia,MNG,2021-05-03,v8,TRUE
2021-03-08,cumulative_infections,1235.06,1270.8,1310.5,1310.5,1350.21,1385.95,Additional 50% Reduction,Mongolia,MNG,2021-05-03,v8,TRUE
2021-03-08,cumulative_deaths,2.05,2.13,2.22,2.22,2.3,2.38,Additional 50% Reduction,Mongolia,MNG,2021-05-03,v8,TRUE
2021-03-08,Rt,1.44,1.45,1.46,1.46,1.48,1.49,Additional 50% Reduction,Mongolia,MNG,2021-05-03,v8,TRUE
2021-03-08,Reff,1.43,1.45,1.46,1.46,1.48,1.49,Additional 50% Reduction,Mongolia,MNG,2021-05-03,v8,TRUE
2021-03-08,deaths,0.07,0.07,0.07,0.07,0.07,0.08,Maintain Status Quo,Mongolia,MNG,2021-05-03,v8,TRUE
2021-03-08,hospital_demand,3.24,3.3,3.36,3.36,3.43,3.48,Maintain Status Quo,Mongolia,MNG,2021-05-03,v8,TRUE
2021-03-08,ICU_demand,1.19,1.21,1.23,1.23,1.25,1.28,Maintain Status Quo,Mongolia,MNG,2021-05-03,v8,TRUE
2021-03-08,infections,71.13,72.47,73.95,73.95,75.44,76.78,Maintain Status Quo,Mongolia,MNG,2021-05-03,v8,TRUE
2021-03-08,prevalence,510.53,519.92,530.35,530.35,540.78,550.16,Maintain Status Quo,Mongolia,MNG,2021-05-03,v8,TRUE
2021-03-08,cumulative_infections,1235.06,1270.8,1310.5,1310.5,1350.21,1385.95,Maintain Status Quo,Mongolia,MNG,2021-05-03,v8,TRUE
2021-03-08,cumulative_deaths,2.05,2.13,2.22,2.22,2.3,2.38,Maintain Status Quo,Mongolia,MNG,2021-05-03,v8,TRUE
2021-03-08,Rt,1.44,1.45,1.46,1.46,1.48,1.49,Maintain Status Quo,Mongolia,MNG,2021-05-03,v8,TRUE
2021-03-08,Reff,1.43,1.45,1.46,1.46,1.48,1.49,Maintain Status Quo,Mongolia,MNG,2021-05-03,v8,TRUE
2021-03-08,deaths,0.07,0.07,0.07,0.07,0.07,0.08,Relax Interventions 50%,Mongolia,MNG,2021-05-03,v8,TRUE
2021-03-08,hospital_demand,3.24,3.3,3.36,3.36,3.43,3.48,Relax Interventions 50%,Mongolia,MNG,2021-05-03,v8,TRUE
2021-03-08,ICU_demand,1.19,1.21,1.23,1.23,1.25,1.28,Relax Interventions 50%,Mongolia,MNG,2021-05-03,v8,TRUE
2021-03-08,infections,71.13,72.47,73.95,73.95,75.44,76.78,Relax Interventions 50%,Mongolia,MNG,2021-05-03,v8,TRUE
2021-03-08,prevalence,510.53,519.92,530.35,530.35,540.78,550.16,Relax Interventions 50%,Mongolia,MNG,2021-05-03,v8,TRUE
2021-03-08,cumulative_infections,1235.06,1270.8,1310.5,1310.5,1350.21,1385.95,Relax Interventions 50%,Mongolia,MNG,2021-05-03,v8,TRUE
2021-03-08,cumulative_deaths,2.05,2.13,2.22,2.22,2.3,2.38,Relax Interventions 50%,Mongolia,MNG,2021-05-03,v8,TRUE
2021-03-08,Rt,1.44,1.45,1.46,1.46,1.48,1.49,Relax Interventions 50%,Mongolia,MNG,2021-05-03,v8,TRUE
2021-03-08,Reff,1.43,1.45,1.46,1.46,1.48,1.49,Relax Interventions 50%,Mongolia,MNG,2021-05-03,v8,TRUE
2021-03-08,deaths,0.07,0.07,0.07,0.07,0.07,0.08,Surged Additional 50% Reduction,Mongolia,MNG,2021-05-03,v8,TRUE
2021-03-08,hospital_demand,3.24,3.3,3.36,3.36,3.43,3.48,Surged Additional 50% Reduction,Mongolia,MNG,2021-05-03,v8,TRUE
2021-03-08,ICU_demand,1.19,1.21,1.23,1.23,1.25,1.28,Surged Additional 50% Reduction,Mongolia,MNG,2021-05-03,v8,TRUE
2021-03-08,infections,71.13,72.47,73.95,73.95,75.44,76.78,Surged Additional 50% Reduction,Mongolia,MNG,2021-05-03,v8,TRUE
2021-03-08,prevalence,510.53,519.92,530.35,530.35,540.78,550.16,Surged Additional 50% Reduction,Mongolia,MNG,2021-05-03,v8,TRUE
2021-03-08,cumulative_infections,1235.06,1270.8,1310.5,1310.5,1350.21,1385.95,Surged Additional 50% Reduction,Mongolia,MNG,2021-05-03,v8,TRUE
2021-03-08,cumulative_deaths,2.05,2.13,2.22,2.22,2.3,2.38,Surged Additional 50% Reduction,Mongolia,MNG,2021-05-03,v8,TRUE
2021-03-08,Rt,1.44,1.45,1.46,1.46,1.48,1.49,Surged Additional 50% Reduction,Mongolia,MNG,2021-05-03,v8,TRUE
2021-03-08,Reff,1.43,1.45,1.46,1.46,1.48,1.49,Surged Additional 50% Reduction,Mongolia,MNG,2021-05-03,v8,TRUE
2021-03-08,deaths,0.07,0.07,0.07,0.07,0.07,0.08,Surged Maintain Status Quo,Mongolia,MNG,2021-05-03,v8,TRUE
2021-03-08,hospital_demand,3.24,3.3,3.36,3.36,3.43,3.48,Surged Maintain Status Quo,Mongolia,MNG,2021-05-03,v8,TRUE
2021-03-08,ICU_demand,1.19,1.21,1.23,1.23,1.25,1.28,Surged Maintain Status Quo,Mongolia,MNG,2021-05-03,v8,TRUE
2021-03-08,infections,71.13,72.47,73.95,73.95,75.44,76.78,Surged Maintain Status Quo,Mongolia,MNG,2021-05-03,v8,TRUE
2021-03-08,prevalence,510.53,519.92,530.35,530.35,540.78,550.16,Surged Maintain Status Quo,Mongolia,MNG,2021-05-03,v8,TRUE
2021-03-08,cumulative_infections,1235.06,1270.8,1310.5,1310.5,1350.21,1385.95,Surged Maintain Status Quo,Mongolia,MNG,2021-05-03,v8,TRUE
2021-03-08,cumulative_deaths,2.05,2.13,2.22,2.22,2.3,2.38,Surged Maintain Status Quo,Mongolia,MNG,2021-05-03,v8,TRUE
2021-03-08,Rt,1.44,1.45,1.46,1.46,1.48,1.49,Surged Maintain Status Quo,Mongolia,MNG,2021-05-03,v8,TRUE
2021-03-08,Reff,1.43,1.45,1.46,1.46,1.48,1.49,Surged Maintain Status Quo,Mongolia,MNG,2021-05-03,v8,TRUE
2021-03-08,deaths,0.07,0.07,0.07,0.07,0.07,0.08,Surged Relax Interventions 50%,Mongolia,MNG,2021-05-03,v8,TRUE
2021-03-08,hospital_demand,3.24,3.3,3.36,3.36,3.43,3.48,Surged Relax Interventions 50%,Mongolia,MNG,2021-05-03,v8,TRUE
2021-03-08,ICU_demand,1.19,1.21,1.23,1.23,1.25,1.28,Surged Relax Interventions 50%,Mongolia,MNG,2021-05-03,v8,TRUE
2021-03-08,infections,71.13,72.47,73.95,73.95,75.44,76.78,Surged Relax Interventions 50%,Mongolia,MNG,2021-05-03,v8,TRUE
2021-03-08,prevalence,510.53,519.92,530.35,530.35,540.78,550.16,Surged Relax Interventions 50%,Mongolia,MNG,2021-05-03,v8,TRUE
2021-03-08,cumulative_infections,1235.06,1270.8,1310.5,1310.5,1350.21,1385.95,Surged Relax Interventions 50%,Mongolia,MNG,2021-05-03,v8,TRUE
2021-03-08,cumulative_deaths,2.05,2.13,2.22,2.22,2.3,2.38,Surged Relax Interventions 50%,Mongolia,MNG,2021-05-03,v8,TRUE
2021-03-08,Rt,1.44,1.45,1.46,1.46,1.48,1.49,Surged Relax Interventions 50%,Mongolia,MNG,2021-05-03,v8,TRUE
2021-03-08,Reff,1.43,1.45,1.46,1.46,1.48,1.49,Surged Relax Interventions 50%,Mongolia,MNG,2021-05-03,v8,TRUE
2021-03-09,deaths,0.07,0.08,0.08,0.08,0.08,0.08,Additional 50% Reduction,Mongolia,MNG,2021-05-03,v8,TRUE
2021-03-09,hospital_demand,3.51,3.57,3.64,3.64,3.71,3.78,Additional 50% Reduction,Mongolia,MNG,2021-05-03,v8,TRUE
2021-03-09,ICU_demand,1.27,1.3,1.32,1.32,1.35,1.37,Additional 50% Reduction,Mongolia,MNG,2021-05-03,v8,TRUE
2021-03-09,infections,79.23,80.75,82.45,82.45,84.14,85.67,Additional 50% Reduction,Mongolia,MNG,2021-05-03,v8,TRUE
2021-03-09,prevalence,536.99,547.69,559.58,559.58,571.47,582.17,Additional 50% Reduction,Mongolia,MNG,2021-05-03,v8,TRUE
2021-03-09,cumulative_infections,1314.29,1351.55,1392.95,1392.95,1434.35,1471.62,Additional 50% Reduction,Mongolia,MNG,2021-05-03,v8,TRUE
2021-03-09,cumulative_deaths,2.13,2.21,2.29,2.29,2.38,2.46,Additional 50% Reduction,Mongolia,MNG,2021-05-03,v8,TRUE
2021-03-09,Rt,1.69,1.7,1.71,1.71,1.72,1.73,Additional 50% Reduction,Mongolia,MNG,2021-05-03,v8,TRUE
2021-03-09,Reff,1.69,1.7,1.71,1.71,1.72,1.73,Additional 50% Reduction,Mongolia,MNG,2021-05-03,v8,TRUE
2021-03-09,deaths,0.07,0.08,0.08,0.08,0.08,0.08,Maintain Status Quo,Mongolia,MNG,2021-05-03,v8,TRUE
2021-03-09,hospital_demand,3.51,3.57,3.64,3.64,3.71,3.78,Maintain Status Quo,Mongolia,MNG,2021-05-03,v8,TRUE
2021-03-09,ICU_demand,1.27,1.3,1.32,1.32,1.35,1.37,Maintain Status Quo,Mongolia,MNG,2021-05-03,v8,TRUE
2021-03-09,infections,79.23,80.75,82.45,82.45,84.14,85.67,Maintain Status Quo,Mongolia,MNG,2021-05-03,v8,TRUE
2021-03-09,prevalence,536.99,547.69,559.58,559.58,571.47,582.17,Maintain Status Quo,Mongolia,MNG,2021-05-03,v8,TRUE
2021-03-09,cumulative_infections,1314.29,1351.55,1392.95,1392.95,1434.35,1471.62,Maintain Status Quo,Mongolia,MNG,2021-05-03,v8,TRUE
2021-03-09,cumulative_deaths,2.13,2.21,2.29,2.29,2.38,2.46,Maintain Status Quo,Mongolia,MNG,2021-05-03,v8,TRUE
2021-03-09,Rt,1.69,1.7,1.71,1.71,1.72,1.73,Maintain Status Quo,Mongolia,MNG,2021-05-03,v8,TRUE
2021-03-09,Reff,1.69,1.7,1.71,1.71,1.72,1.73,Maintain Status Quo,Mongolia,MNG,2021-05-03,v8,TRUE
2021-03-09,deaths,0.07,0.08,0.08,0.08,0.08,0.08,Relax Interventions 50%,Mongolia,MNG,2021-05-03,v8,TRUE
2021-03-09,hospital_demand,3.51,3.57,3.64,3.64,3.71,3.78,Relax Interventions 50%,Mongolia,MNG,2021-05-03,v8,TRUE
2021-03-09,ICU_demand,1.27,1.3,1.32,1.32,1.35,1.37,Relax Interventions 50%,Mongolia,MNG,2021-05-03,v8,TRUE
2021-03-09,infections,79.23,80.75,82.45,82.45,84.14,85.67,Relax Interventions 50%,Mongolia,MNG,2021-05-03,v8,TRUE
2021-03-09,prevalence,536.99,547.69,559.58,559.58,571.47,582.17,Relax Interventions 50%,Mongolia,MNG,2021-05-03,v8,TRUE
2021-03-09,cumulative_infections,1314.29,1351.55,1392.95,1392.95,1434.35,1471.62,Relax Interventions 50%,Mongolia,MNG,2021-05-03,v8,TRUE
2021-03-09,cumulative_deaths,2.13,2.21,2.29,2.29,2.38,2.46,Relax Interventions 50%,Mongolia,MNG,2021-05-03,v8,TRUE
2021-03-09,Rt,1.69,1.7,1.71,1.71,1.72,1.73,Relax Interventions 50%,Mongolia,MNG,2021-05-03,v8,TRUE
2021-03-09,Reff,1.69,1.7,1.71,1.71,1.72,1.73,Relax Interventions 50%,Mongolia,MNG,2021-05-03,v8,TRUE
2021-03-09,deaths,0.07,0.08,0.08,0.08,0.08,0.08,Surged Additional 50% Reduction,Mongolia,MNG,2021-05-03,v8,TRUE
2021-03-09,hospital_demand,3.51,3.57,3.64,3.64,3.71,3.78,Surged Additional 50% Reduction,Mongolia,MNG,2021-05-03,v8,TRUE
2021-03-09,ICU_demand,1.27,1.3,1.32,1.32,1.35,1.37,Surged Additional 50% Reduction,Mongolia,MNG,2021-05-03,v8,TRUE
2021-03-09,infections,79.23,80.75,82.45,82.45,84.14,85.67,Surged Additional 50% Reduction,Mongolia,MNG,2021-05-03,v8,TRUE
2021-03-09,prevalence,536.99,547.69,559.58,559.58,571.47,582.17,Surged Additional 50% Reduction,Mongolia,MNG,2021-05-03,v8,TRUE
2021-03-09,cumulative_infections,1314.29,1351.55,1392.95,1392.95,1434.35,1471.62,Surged Additional 50% Reduction,Mongolia,MNG,2021-05-03,v8,TRUE
2021-03-09,cumulative_deaths,2.13,2.21,2.29,2.29,2.38,2.46,Surged Additional 50% Reduction,Mongolia,MNG,2021-05-03,v8,TRUE
2021-03-09,Rt,1.69,1.7,1.71,1.71,1.72,1.73,Surged Additional 50% Reduction,Mongolia,MNG,2021-05-03,v8,TRUE
2021-03-09,Reff,1.69,1.7,1.71,1.71,1.72,1.73,Surged Additional 50% Reduction,Mongolia,MNG,2021-05-03,v8,TRUE
2021-03-09,deaths,0.07,0.08,0.08,0.08,0.08,0.08,Surged Maintain Status Quo,Mongolia,MNG,2021-05-03,v8,TRUE
2021-03-09,hospital_demand,3.51,3.57,3.64,3.64,3.71,3.78,Surged Maintain Status Quo,Mongolia,MNG,2021-05-03,v8,TRUE
2021-03-09,ICU_demand,1.27,1.3,1.32,1.32,1.35,1.37,Surged Maintain Status Quo,Mongolia,MNG,2021-05-03,v8,TRUE
2021-03-09,infections,79.23,80.75,82.45,82.45,84.14,85.67,Surged Maintain Status Quo,Mongolia,MNG,2021-05-03,v8,TRUE
2021-03-09,prevalence,536.99,547.69,559.58,559.58,571.47,582.17,Surged Maintain Status Quo,Mongolia,MNG,2021-05-03,v8,TRUE
2021-03-09,cumulative_infections,1314.29,1351.55,1392.95,1392.95,1434.35,1471.62,Surged Maintain Status Quo,Mongolia,MNG,2021-05-03,v8,TRUE
2021-03-09,cumulative_deaths,2.13,2.21,2.29,2.29,2.38,2.46,Surged Maintain Status Quo,Mongolia,MNG,2021-05-03,v8,TRUE
2021-03-09,Rt,1.69,1.7,1.71,1.71,1.72,1.73,Surged Maintain Status Quo,Mongolia,MNG,2021-05-03,v8,TRUE
2021-03-09,Reff,1.69,1.7,1.71,1.71,1.72,1.73,Surged Maintain Status Quo,Mongolia,MNG,2021-05-03,v8,TRUE
2021-03-09,deaths,0.07,0.08,0.08,0.08,0.08,0.08,Surged Relax Interventions 50%,Mongolia,MNG,2021-05-03,v8,TRUE
2021-03-09,hospital_demand,3.51,3.57,3.64,3.64,3.71,3.78,Surged Relax Interventions 50%,Mongolia,MNG,2021-05-03,v8,TRUE
2021-03-09,ICU_demand,1.27,1.3,1.32,1.32,1.35,1.37,Surged Relax Interventions 50%,Mongolia,MNG,2021-05-03,v8,TRUE
2021-03-09,infections,79.23,80.75,82.45,82.45,84.14,85.67,Surged Relax Interventions 50%,Mongolia,MNG,2021-05-03,v8,TRUE
2021-03-09,prevalence,536.99,547.69,559.58,559.58,571.47,582.17,Surged Relax Interventions 50%,Mongolia,MNG,2021-05-03,v8,TRUE
2021-03-09,cumulative_infections,1314.29,1351.55,1392.95,1392.95,1434.35,1471.62,Surged Relax Interventions 50%,Mongolia,MNG,2021-05-03,v8,TRUE
2021-03-09,cumulative_deaths,2.13,2.21,2.29,2.29,2.38,2.46,Surged Relax Interventions 50%,Mongolia,MNG,2021-05-03,v8,TRUE
2021-03-09,Rt,1.69,1.7,1.71,1.71,1.72,1.73,Surged Relax Interventions 50%,Mongolia,MNG,2021-05-03,v8,TRUE
2021-03-09,Reff,1.69,1.7,1.71,1.71,1.72,1.73,Surged Relax Interventions 50%,Mongolia,MNG,2021-05-03,v8,TRUE
2021-03-10,deaths,0.08,0.08,0.08,0.08,0.08,0.09,Additional 50% Reduction,Mongolia,MNG,2021-05-03,v8,TRUE
2021-03-10,hospital_demand,3.82,3.89,3.97,3.97,4.05,4.12,Additional 50% Reduction,Mongolia,MNG,2021-05-03,v8,TRUE
2021-03-10,ICU_demand,1.37,1.4,1.43,1.43,1.45,1.48,Additional 50% Reduction,Mongolia,MNG,2021-05-03,v8,TRUE
2021-03-10,infections,85.43,87.16,89.09,89.09,91.03,92.76,Additional 50% Reduction,Mongolia,MNG,2021-05-03,v8,TRUE
2021-03-10,prevalence,583.78,595.98,609.53,609.53,623.08,635.27,Additional 50% Reduction,Mongolia,MNG,2021-05-03,v8,TRUE
2021-03-10,cumulative_infections,1399.71,1438.71,1482.05,1482.05,1525.38,1564.38,Additional 50% Reduction,Mongolia,MNG,2021-05-03,v8,TRUE
2021-03-10,cumulative_deaths,2.21,2.29,2.38,2.38,2.47,2.55,Additional 50% Reduction,Mongolia,MNG,2021-05-03,v8,TRUE
2021-03-10,Rt,1.82,1.82,1.83,1.83,1.84,1.84,Additional 50% Reduction,Mongolia,MNG,2021-05-03,v8,TRUE
2021-03-10,Reff,1.81,1.82,1.83,1.83,1.83,1.84,Additional 50% Reduction,Mongolia,MNG,2021-05-03,v8,TRUE
2021-03-10,deaths,0.08,0.08,0.08,0.08,0.08,0.09,Maintain Status Quo,Mongolia,MNG,2021-05-03,v8,TRUE
2021-03-10,hospital_demand,3.82,3.89,3.97,3.97,4.05,4.12,Maintain Status Quo,Mongolia,MNG,2021-05-03,v8,TRUE
2021-03-10,ICU_demand,1.37,1.4,1.43,1.43,1.45,1.48,Maintain Status Quo,Mongolia,MNG,2021-05-03,v8,TRUE
2021-03-10,infections,85.43,87.16,89.09,89.09,91.03,92.76,Maintain Status Quo,Mongolia,MNG,2021-05-03,v8,TRUE
2021-03-10,prevalence,583.78,595.98,609.53,609.53,623.08,635.27,Maintain Status Quo,Mongolia,MNG,2021-05-03,v8,TRUE
2021-03-10,cumulative_infections,1399.71,1438.71,1482.05,1482.05,1525.38,1564.38,Maintain Status Quo,Mongolia,MNG,2021-05-03,v8,TRUE
2021-03-10,cumulative_deaths,2.21,2.29,2.38,2.38,2.47,2.55,Maintain Status Quo,Mongolia,MNG,2021-05-03,v8,TRUE
2021-03-10,Rt,1.82,1.82,1.83,1.83,1.84,1.84,Maintain Status Quo,Mongolia,MNG,2021-05-03,v8,TRUE
2021-03-10,Reff,1.81,1.82,1.83,1.83,1.83,1.84,Maintain Status Quo,Mongolia,MNG,2021-05-03,v8,TRUE
2021-03-10,deaths,0.08,0.08,0.08,0.08,0.08,0.09,Relax Interventions 50%,Mongolia,MNG,2021-05-03,v8,TRUE
2021-03-10,hospital_demand,3.82,3.89,3.97,3.97,4.05,4.12,Relax Interventions 50%,Mongolia,MNG,2021-05-03,v8,TRUE
2021-03-10,ICU_demand,1.37,1.4,1.43,1.43,1.45,1.48,Relax Interventions 50%,Mongolia,MNG,2021-05-03,v8,TRUE
2021-03-10,infections,85.43,87.16,89.09,89.09,91.03,92.76,Relax Interventions 50%,Mongolia,MNG,2021-05-03,v8,TRUE
2021-03-10,prevalence,583.78,595.98,609.53,609.53,623.08,635.27,Relax Interventions 50%,Mongolia,MNG,2021-05-03,v8,TRUE
2021-03-10,cumulative_infections,1399.71,1438.71,1482.05,1482.05,1525.38,1564.38,Relax Interventions 50%,Mongolia,MNG,2021-05-03,v8,TRUE
2021-03-10,cumulative_deaths,2.21,2.29,2.38,2.38,2.47,2.55,Relax Interventions 50%,Mongolia,MNG,2021-05-03,v8,TRUE
2021-03-10,Rt,1.82,1.82,1.83,1.83,1.84,1.84,Relax Interventions 50%,Mongolia,MNG,2021-05-03,v8,TRUE
2021-03-10,Reff,1.81,1.82,1.83,1.83,1.83,1.84,Relax Interventions 50%,Mongolia,MNG,2021-05-03,v8,TRUE
2021-03-10,deaths,0.08,0.08,0.08,0.08,0.08,0.09,Surged Additional 50% Reduction,Mongolia,MNG,2021-05-03,v8,TRUE
2021-03-10,hospital_demand,3.82,3.89,3.97,3.97,4.05,4.12,Surged Additional 50% Reduction,Mongolia,MNG,2021-05-03,v8,TRUE
2021-03-10,ICU_demand,1.37,1.4,1.43,1.43,1.45,1.48,Surged Additional 50% Reduction,Mongolia,MNG,2021-05-03,v8,TRUE
2021-03-10,infections,85.43,87.16,89.09,89.09,91.03,92.76,Surged Additional 50% Reduction,Mongolia,MNG,2021-05-03,v8,TRUE
2021-03-10,prevalence,583.78,595.98,609.53,609.53,623.08,635.27,Surged Additional 50% Reduction,Mongolia,MNG,2021-05-03,v8,TRUE
2021-03-10,cumulative_infections,1399.71,1438.71,1482.05,1482.05,1525.38,1564.38,Surged Additional 50% Reduction,Mongolia,MNG,2021-05-03,v8,TRUE
2021-03-10,cumulative_deaths,2.21,2.29,2.38,2.38,2.47,2.55,Surged Additional 50% Reduction,Mongolia,MNG,2021-05-03,v8,TRUE
2021-03-10,Rt,1.82,1.82,1.83,1.83,1.84,1.84,Surged Additional 50% Reduction,Mongolia,MNG,2021-05-03,v8,TRUE
2021-03-10,Reff,1.81,1.82,1.83,1.83,1.83,1.84,Surged Additional 50% Reduction,Mongolia,MNG,2021-05-03,v8,TRUE
2021-03-10,deaths,0.08,0.08,0.08,0.08,0.08,0.09,Surged Maintain Status Quo,Mongolia,MNG,2021-05-03,v8,TRUE
2021-03-10,hospital_demand,3.82,3.89,3.97,3.97,4.05,4.12,Surged Maintain Status Quo,Mongolia,MNG,2021-05-03,v8,TRUE
2021-03-10,ICU_demand,1.37,1.4,1.43,1.43,1.45,1.48,Surged Maintain Status Quo,Mongolia,MNG,2021-05-03,v8,TRUE
2021-03-10,infections,85.43,87.16,89.09,89.09,91.03,92.76,Surged Maintain Status Quo,Mongolia,MNG,2021-05-03,v8,TRUE
2021-03-10,prevalence,583.78,595.98,609.53,609.53,623.08,635.27,Surged Maintain Status Quo,Mongolia,MNG,2021-05-03,v8,TRUE
2021-03-10,cumulative_infections,1399.71,1438.71,1482.05,1482.05,1525.38,1564.38,Surged Maintain Status Quo,Mongolia,MNG,2021-05-03,v8,TRUE
2021-03-10,cumulative_deaths,2.21,2.29,2.38,2.38,2.47,2.55,Surged Maintain Status Quo,Mongolia,MNG,2021-05-03,v8,TRUE
2021-03-10,Rt,1.82,1.82,1.83,1.83,1.84,1.84,Surged Maintain Status Quo,Mongolia,MNG,2021-05-03,v8,TRUE
2021-03-10,Reff,1.81,1.82,1.83,1.83,1.83,1.84,Surged Maintain Status Quo,Mongolia,MNG,2021-05-03,v8,TRUE
2021-03-10,deaths,0.08,0.08,0.08,0.08,0.08,0.09,Surged Relax Interventions 50%,Mongolia,MNG,2021-05-03,v8,TRUE
2021-03-10,hospital_demand,3.82,3.89,3.97,3.97,4.05,4.12,Surged Relax Interventions 50%,Mongolia,MNG,2021-05-03,v8,TRUE
2021-03-10,ICU_demand,1.37,1.4,1.43,1.43,1.45,1.48,Surged Relax Interventions 50%,Mongolia,MNG,2021-05-03,v8,TRUE
2021-03-10,infections,85.43,87.16,89.09,89.09,91.03,92.76,Surged Relax Interventions 50%,Mongolia,MNG,2021-05-03,v8,TRUE
2021-03-10,prevalence,583.78,595.98,609.53,609.53,623.08,635.27,Surged Relax Interventions 50%,Mongolia,MNG,2021-05-03,v8,TRUE
2021-03-10,cumulative_infections,1399.71,1438.71,1482.05,1482.05,1525.38,1564.38,Surged Relax Interventions 50%,Mongolia,MNG,2021-05-03,v8,TRUE
2021-03-10,cumulative_deaths,2.21,2.29,2.38,2.38,2.47,2.55,Surged Relax Interventions 50%,Mongolia,MNG,2021-05-03,v8,TRUE
2021-03-10,Rt,1.82,1.82,1.83,1.83,1.84,1.84,Surged Relax Interventions 50%,Mongolia,MNG,2021-05-03,v8,TRUE
2021-03-10,Reff,1.81,1.82,1.83,1.83,1.83,1.84,Surged Relax Interventions 50%,Mongolia,MNG,2021-05-03,v8,TRUE
2021-03-11,deaths,0.09,0.09,0.09,0.09,0.09,0.09,Additional 50% Reduction,Mongolia,MNG,2021-05-03,v8,TRUE
2021-03-11,hospital_demand,4.19,4.26,4.35,4.35,4.43,4.51,Additional 50% Reduction,Mongolia,MNG,2021-05-03,v8,TRUE
2021-03-11,ICU_demand,1.49,1.52,1.55,1.55,1.58,1.6,Additional 50% Reduction,Mongolia,MNG,2021-05-03,v8,TRUE
2021-03-11,infections,93.01,94.99,97.19,97.19,99.39,101.37,Additional 50% Reduction,Mongolia,MNG,2021-05-03,v8,TRUE
2021-03-11,prevalence,644.58,658.47,673.9,673.9,689.33,703.21,Additional 50% Reduction,Mongolia,MNG,2021-05-03,v8,TRUE
2021-03-11,cumulative_infections,1492.72,1533.7,1579.24,1579.24,1624.77,1665.75,Additional 50% Reduction,Mongolia,MNG,2021-05-03,v8,TRUE
2021-03-11,cumulative_deaths,2.29,2.37,2.47,2.47,2.56,2.64,Additional 50% Reduction,Mongolia,MNG,2021-05-03,v8,TRUE
2021-03-11,Rt,1.8,1.81,1.82,1.82,1.82,1.83,Additional 50% Reduction,Mongolia,MNG,2021-05-03,v8,TRUE
2021-03-11,Reff,1.8,1.8,1.81,1.81,1.82,1.83,Additional 50% Reduction,Mongolia,MNG,2021-05-03,v8,TRUE
2021-03-11,deaths,0.09,0.09,0.09,0.09,0.09,0.09,Maintain Status Quo,Mongolia,MNG,2021-05-03,v8,TRUE
2021-03-11,hospital_demand,4.19,4.26,4.35,4.35,4.43,4.51,Maintain Status Quo,Mongolia,MNG,2021-05-03,v8,TRUE
2021-03-11,ICU_demand,1.49,1.52,1.55,1.55,1.58,1.6,Maintain Status Quo,Mongolia,MNG,2021-05-03,v8,TRUE
2021-03-11,infections,93.01,94.99,97.19,97.19,99.39,101.37,Maintain Status Quo,Mongolia,MNG,2021-05-03,v8,TRUE
2021-03-11,prevalence,644.58,658.47,673.9,673.9,689.33,703.21,Maintain Status Quo,Mongolia,MNG,2021-05-03,v8,TRUE
2021-03-11,cumulative_infections,1492.72,1533.7,1579.24,1579.24,1624.77,1665.75,Maintain Status Quo,Mongolia,MNG,2021-05-03,v8,TRUE
2021-03-11,cumulative_deaths,2.29,2.37,2.47,2.47,2.56,2.64,Maintain Status Quo,Mongolia,MNG,2021-05-03,v8,TRUE
2021-03-11,Rt,1.8,1.81,1.82,1.82,1.82,1.83,Maintain Status Quo,Mongolia,MNG,2021-05-03,v8,TRUE
2021-03-11,Reff,1.8,1.8,1.81,1.81,1.82,1.83,Maintain Status Quo,Mongolia,MNG,2021-05-03,v8,TRUE
2021-03-11,deaths,0.09,0.09,0.09,0.09,0.09,0.09,Relax Interventions 50%,Mongolia,MNG,2021-05-03,v8,TRUE
2021-03-11,hospital_demand,4.19,4.26,4.35,4.35,4.43,4.51,Relax Interventions 50%,Mongolia,MNG,2021-05-03,v8,TRUE
2021-03-11,ICU_demand,1.49,1.52,1.55,1.55,1.58,1.6,Relax Interventions 50%,Mongolia,MNG,2021-05-03,v8,TRUE
2021-03-11,infections,93.01,94.99,97.19,97.19,99.39,101.37,Relax Interventions 50%,Mongolia,MNG,2021-05-03,v8,TRUE
2021-03-11,prevalence,644.58,658.47,673.9,673.9,689.33,703.21,Relax Interventions 50%,Mongolia,MNG,2021-05-03,v8,TRUE
2021-03-11,cumulative_infections,1492.72,1533.7,1579.24,1579.24,1624.77,1665.75,Relax Interventions 50%,Mongolia,MNG,2021-05-03,v8,TRUE
2021-03-11,cumulative_deaths,2.29,2.37,2.47,2.47,2.56,2.64,Relax Interventions 50%,Mongolia,MNG,2021-05-03,v8,TRUE
2021-03-11,Rt,1.8,1.81,1.82,1.82,1.82,1.83,Relax Interventions 50%,Mongolia,MNG,2021-05-03,v8,TRUE
2021-03-11,Reff,1.8,1.8,1.81,1.81,1.82,1.83,Relax Interventions 50%,Mongolia,MNG,2021-05-03,v8,TRUE
2021-03-11,deaths,0.09,0.09,0.09,0.09,0.09,0.09,Surged Additional 50% Reduction,Mongolia,MNG,2021-05-03,v8,TRUE
2021-03-11,hospital_demand,4.19,4.26,4.35,4.35,4.43,4.51,Surged Additional 50% Reduction,Mongolia,MNG,2021-05-03,v8,TRUE
2021-03-11,ICU_demand,1.49,1.52,1.55,1.55,1.58,1.6,Surged Additional 50% Reduction,Mongolia,MNG,2021-05-03,v8,TRUE
2021-03-11,infections,93.01,94.99,97.19,97.19,99.39,101.37,Surged Additional 50% Reduction,Mongolia,MNG,2021-05-03,v8,TRUE
2021-03-11,prevalence,644.58,658.47,673.9,673.9,689.33,703.21,Surged Additional 50% Reduction,Mongolia,MNG,2021-05-03,v8,TRUE
2021-03-11,cumulative_infections,1492.72,1533.7,1579.24,1579.24,1624.77,1665.75,Surged Additional 50% Reduction,Mongolia,MNG,2021-05-03,v8,TRUE
2021-03-11,cumulative_deaths,2.29,2.37,2.47,2.47,2.56,2.64,Surged Additional 50% Reduction,Mongolia,MNG,2021-05-03,v8,TRUE
2021-03-11,Rt,1.8,1.81,1.82,1.82,1.82,1.83,Surged Additional 50% Reduction,Mongolia,MNG,2021-05-03,v8,TRUE
2021-03-11,Reff,1.8,1.8,1.81,1.81,1.82,1.82,Surged Additional 50% Reduction,Mongolia,MNG,2021-05-03,v8,TRUE
2021-03-11,deaths,0.09,0.09,0.09,0.09,0.09,0.09,Surged Maintain Status Quo,Mongolia,MNG,2021-05-03,v8,TRUE
2021-03-11,hospital_demand,4.19,4.26,4.35,4.35,4.43,4.51,Surged Maintain Status Quo,Mongolia,MNG,2021-05-03,v8,TRUE
2021-03-11,ICU_demand,1.49,1.52,1.55,1.55,1.58,1.6,Surged Maintain Status Quo,Mongolia,MNG,2021-05-03,v8,TRUE
2021-03-11,infections,93.01,94.99,97.19,97.19,99.39,101.37,Surged Maintain Status Quo,Mongolia,MNG,2021-05-03,v8,TRUE
2021-03-11,prevalence,644.58,658.47,673.9,673.9,689.33,703.21,Surged Maintain Status Quo,Mongolia,MNG,2021-05-03,v8,TRUE
2021-03-11,cumulative_infections,1492.72,1533.7,1579.24,1579.24,1624.77,1665.75,Surged Maintain Status Quo,Mongolia,MNG,2021-05-03,v8,TRUE
2021-03-11,cumulative_deaths,2.29,2.37,2.47,2.47,2.56,2.64,Surged Maintain Status Quo,Mongolia,MNG,2021-05-03,v8,TRUE
2021-03-11,Rt,1.8,1.81,1.82,1.82,1.82,1.83,Surged Maintain Status Quo,Mongolia,MNG,2021-05-03,v8,TRUE
2021-03-11,Reff,1.8,1.8,1.81,1.81,1.82,1.82,Surged Maintain Status Quo,Mongolia,MNG,2021-05-03,v8,TRUE
2021-03-11,deaths,0.09,0.09,0.09,0.09,0.09,0.09,Surged Relax Interventions 50%,Mongolia,MNG,2021-05-03,v8,TRUE
2021-03-11,hospital_demand,4.19,4.26,4.35,4.35,4.43,4.51,Surged Relax Interventions 50%,Mongolia,MNG,2021-05-03,v8,TRUE
2021-03-11,ICU_demand,1.49,1.52,1.55,1.55,1.58,1.6,Surged Relax Interventions 50%,Mongolia,MNG,2021-05-03,v8,TRUE
2021-03-11,infections,93.01,94.99,97.19,97.19,99.39,101.37,Surged Relax Interventions 50%,Mongolia,MNG,2021-05-03,v8,TRUE
2021-03-11,prevalence,644.58,658.47,673.9,673.9,689.33,703.21,Surged Relax Interventions 50%,Mongolia,MNG,2021-05-03,v8,TRUE
2021-03-11,cumulative_infections,1492.72,1533.7,1579.24,1579.24,1624.77,1665.75,Surged Relax Interventions 50%,Mongolia,MNG,2021-05-03,v8,TRUE
2021-03-11,cumulative_deaths,2.29,2.37,2.47,2.47,2.56,2.64,Surged Relax Interventions 50%,Mongolia,MNG,2021-05-03,v8,TRUE
2021-03-11,Rt,1.8,1.81,1.82,1.82,1.82,1.83,Surged Relax Interventions 50%,Mongolia,MNG,2021-05-03,v8,TRUE
2021-03-11,Reff,1.8,1.8,1.81,1.81,1.82,1.82,Surged Relax Interventions 50%,Mongolia,MNG,2021-05-03,v8,TRUE
2021-03-12,deaths,0.09,0.09,0.1,0.1,0.1,0.1,Additional 50% Reduction,Mongolia,MNG,2021-05-03,v8,TRUE
2021-03-12,hospital_demand,4.6,4.68,4.78,4.78,4.87,4.95,Additional 50% Reduction,Mongolia,MNG,2021-05-03,v8,TRUE
2021-03-12,ICU_demand,1.62,1.65,1.69,1.69,1.72,1.75,Additional 50% Reduction,Mongolia,MNG,2021-05-03,v8,TRUE
2021-03-12,infections,102.17,104.43,106.93,106.93,109.44,111.69,Additional 50% Reduction,Mongolia,MNG,2021-05-03,v8,TRUE
2021-03-12,prevalence,709.94,725.71,743.23,743.23,760.75,776.52,Additional 50% Reduction,Mongolia,MNG,2021-05-03,v8,TRUE
2021-03-12,cumulative_infections,1594.9,1638.13,1686.17,1686.17,1734.21,1777.44,Additional 50% Reduction,Mongolia,MNG,2021-05-03,v8,TRUE
2021-03-12,cumulative_deaths,2.38,2.47,2.56,2.56,2.65,2.74,Additional 50% Reduction,Mongolia,MNG,2021-05-03,v8,TRUE
2021-03-12,Rt,1.74,1.75,1.76,1.76,1.77,1.78,Additional 50% Reduction,Mongolia,MNG,2021-05-03,v8,TRUE
2021-03-12,Reff,1.74,1.75,1.76,1.76,1.76,1.77,Additional 50% Reduction,Mongolia,MNG,2021-05-03,v8,TRUE
2021-03-12,deaths,0.09,0.09,0.1,0.1,0.1,0.1,Maintain Status Quo,Mongolia,MNG,2021-05-03,v8,TRUE
2021-03-12,hospital_demand,4.6,4.68,4.78,4.78,4.87,4.95,Maintain Status Quo,Mongolia,MNG,2021-05-03,v8,TRUE
2021-03-12,ICU_demand,1.62,1.65,1.69,1.69,1.72,1.75,Maintain Status Quo,Mongolia,MNG,2021-05-03,v8,TRUE
2021-03-12,infections,102.17,104.43,106.93,106.93,109.44,111.69,Maintain Status Quo,Mongolia,MNG,2021-05-03,v8,TRUE
2021-03-12,prevalence,709.94,725.71,743.23,743.23,760.75,776.52,Maintain Status Quo,Mongolia,MNG,2021-05-03,v8,TRUE
2021-03-12,cumulative_infections,1594.9,1638.13,1686.17,1686.17,1734.21,1777.44,Maintain Status Quo,Mongolia,MNG,2021-05-03,v8,TRUE
2021-03-12,cumulative_deaths,2.38,2.47,2.56,2.56,2.65,2.74,Maintain Status Quo,Mongolia,MNG,2021-05-03,v8,TRUE
2021-03-12,Rt,1.74,1.75,1.76,1.76,1.77,1.78,Maintain Status Quo,Mongolia,MNG,2021-05-03,v8,TRUE
2021-03-12,Reff,1.74,1.75,1.76,1.76,1.76,1.77,Maintain Status Quo,Mongolia,MNG,2021-05-03,v8,TRUE
2021-03-12,deaths,0.09,0.09,0.1,0.1,0.1,0.1,Relax Interventions 50%,Mongolia,MNG,2021-05-03,v8,TRUE
2021-03-12,hospital_demand,4.6,4.68,4.78,4.78,4.87,4.95,Relax Interventions 50%,Mongolia,MNG,2021-05-03,v8,TRUE
2021-03-12,ICU_demand,1.62,1.65,1.69,1.69,1.72,1.75,Relax Interventions 50%,Mongolia,MNG,2021-05-03,v8,TRUE
2021-03-12,infections,102.17,104.43,106.93,106.93,109.44,111.69,Relax Interventions 50%,Mongolia,MNG,2021-05-03,v8,TRUE
2021-03-12,prevalence,709.94,725.71,743.23,743.23,760.75,776.52,Relax Interventions 50%,Mongolia,MNG,2021-05-03,v8,TRUE
2021-03-12,cumulative_infections,1594.9,1638.13,1686.17,1686.17,1734.21,1777.44,Relax Interventions 50%,Mongolia,MNG,2021-05-03,v8,TRUE
2021-03-12,cumulative_deaths,2.38,2.47,2.56,2.56,2.65,2.74,Relax Interventions 50%,Mongolia,MNG,2021-05-03,v8,TRUE
2021-03-12,Rt,1.74,1.75,1.76,1.76,1.77,1.78,Relax Interventions 50%,Mongolia,MNG,2021-05-03,v8,TRUE
2021-03-12,Reff,1.74,1.75,1.76,1.76,1.76,1.77,Relax Interventions 50%,Mongolia,MNG,2021-05-03,v8,TRUE
2021-03-12,deaths,0.09,0.09,0.1,0.1,0.1,0.1,Surged Additional 50% Reduction,Mongolia,MNG,2021-05-03,v8,TRUE
2021-03-12,hospital_demand,4.6,4.68,4.78,4.78,4.87,4.95,Surged Additional 50% Reduction,Mongolia,MNG,2021-05-03,v8,TRUE
2021-03-12,ICU_demand,1.62,1.65,1.69,1.69,1.72,1.75,Surged Additional 50% Reduction,Mongolia,MNG,2021-05-03,v8,TRUE
2021-03-12,infections,102.17,104.43,106.93,106.93,109.44,111.69,Surged Additional 50% Reduction,Mongolia,MNG,2021-05-03,v8,TRUE
2021-03-12,prevalence,709.94,725.71,743.23,743.23,760.75,776.52,Surged Additional 50% Reduction,Mongolia,MNG,2021-05-03,v8,TRUE
2021-03-12,cumulative_infections,1594.9,1638.13,1686.17,1686.17,1734.21,1777.44,Surged Additional 50% Reduction,Mongolia,MNG,2021-05-03,v8,TRUE
2021-03-12,cumulative_deaths,2.38,2.47,2.56,2.56,2.65,2.74,Surged Additional 50% Reduction,Mongolia,MNG,2021-05-03,v8,TRUE
2021-03-12,Rt,1.74,1.75,1.76,1.76,1.77,1.78,Surged Additional 50% Reduction,Mongolia,MNG,2021-05-03,v8,TRUE
2021-03-12,Reff,1.74,1.75,1.75,1.75,1.76,1.77,Surged Additional 50% Reduction,Mongolia,MNG,2021-05-03,v8,TRUE
2021-03-12,deaths,0.09,0.09,0.1,0.1,0.1,0.1,Surged Maintain Status Quo,Mongolia,MNG,2021-05-03,v8,TRUE
2021-03-12,hospital_demand,4.6,4.68,4.78,4.78,4.87,4.95,Surged Maintain Status Quo,Mongolia,MNG,2021-05-03,v8,TRUE
2021-03-12,ICU_demand,1.62,1.65,1.69,1.69,1.72,1.75,Surged Maintain Status Quo,Mongolia,MNG,2021-05-03,v8,TRUE
2021-03-12,infections,102.17,104.43,106.93,106.93,109.44,111.69,Surged Maintain Status Quo,Mongolia,MNG,2021-05-03,v8,TRUE
2021-03-12,prevalence,709.94,725.71,743.23,743.23,760.75,776.52,Surged Maintain Status Quo,Mongolia,MNG,2021-05-03,v8,TRUE
2021-03-12,cumulative_infections,1594.9,1638.13,1686.17,1686.17,1734.21,1777.44,Surged Maintain Status Quo,Mongolia,MNG,2021-05-03,v8,TRUE
2021-03-12,cumulative_deaths,2.38,2.47,2.56,2.56,2.65,2.74,Surged Maintain Status Quo,Mongolia,MNG,2021-05-03,v8,TRUE
2021-03-12,Rt,1.74,1.75,1.76,1.76,1.77,1.78,Surged Maintain Status Quo,Mongolia,MNG,2021-05-03,v8,TRUE
2021-03-12,Reff,1.74,1.75,1.75,1.75,1.76,1.77,Surged Maintain Status Quo,Mongolia,MNG,2021-05-03,v8,TRUE
2021-03-12,deaths,0.09,0.09,0.1,0.1,0.1,0.1,Surged Relax Interventions 50%,Mongolia,MNG,2021-05-03,v8,TRUE
2021-03-12,hospital_demand,4.6,4.68,4.78,4.78,4.87,4.95,Surged Relax Interventions 50%,Mongolia,MNG,2021-05-03,v8,TRUE
2021-03-12,ICU_demand,1.62,1.65,1.69,1.69,1.72,1.75,Surged Relax Interventions 50%,Mongolia,MNG,2021-05-03,v8,TRUE
2021-03-12,infections,102.17,104.43,106.93,106.93,109.44,111.69,Surged Relax Interventions 50%,Mongolia,MNG,2021-05-03,v8,TRUE
2021-03-12,prevalence,709.94,725.71,743.23,743.23,760.75,776.52,Surged Relax Interventions 50%,Mongolia,MNG,2021-05-03,v8,TRUE
2021-03-12,cumulative_infections,1594.9,1638.13,1686.17,1686.17,1734.21,1777.44,Surged Relax Interventions 50%,Mongolia,MNG,2021-05-03,v8,TRUE
2021-03-12,cumulative_deaths,2.38,2.47,2.56,2.56,2.65,2.74,Surged Relax Interventions 50%,Mongolia,MNG,2021-05-03,v8,TRUE
2021-03-12,Rt,1.74,1.75,1.76,1.76,1.77,1.78,Surged Relax Interventions 50%,Mongolia,MNG,2021-05-03,v8,TRUE
2021-03-12,Reff,1.74,1.75,1.75,1.75,1.76,1.77,Surged Relax Interventions 50%,Mongolia,MNG,2021-05-03,v8,TRUE
2021-03-13,deaths,0.1,0.1,0.1,0.1,0.11,0.11,Additional 50% Reduction,Mongolia,MNG,2021-05-03,v8,TRUE
2021-03-13,hospital_demand,5.05,5.15,5.25,5.25,5.36,5.45,Additional 50% Reduction,Mongolia,MNG,2021-05-03,v8,TRUE
2021-03-13,ICU_demand,1.77,1.81,1.84,1.84,1.88,1.91,Additional 50% Reduction,Mongolia,MNG,2021-05-03,v8,TRUE
2021-03-13,infections,112.13,114.69,117.53,117.53,120.37,122.93,Additional 50% Reduction,Mongolia,MNG,2021-05-03,v8,TRUE
2021-03-13,prevalence,776.58,794.52,814.46,814.46,834.4,852.34,Additional 50% Reduction,Mongolia,MNG,2021-05-03,v8,TRUE
2021-03-13,cumulative_infections,1707.02,1752.82,1803.7,1803.7,1854.58,1900.37,Additional 50% Reduction,Mongolia,MNG,2021-05-03,v8,TRUE
2021-03-13,cumulative_deaths,2.48,2.57,2.66,2.66,2.76,2.84,Additional 50% Reduction,Mongolia,MNG,2021-05-03,v8,TRUE
2021-03-13,Rt,1.99,1.99,2,2,2,2,Additional 50% Reduction,Mongolia,MNG,2021-05-03,v8,TRUE
2021-03-13,Reff,1.98,1.99,1.99,1.99,1.99,2,Additional 50% Reduction,Mongolia,MNG,2021-05-03,v8,TRUE
2021-03-13,deaths,0.1,0.1,0.1,0.1,0.11,0.11,Maintain Status Quo,Mongolia,MNG,2021-05-03,v8,TRUE
2021-03-13,hospital_demand,5.05,5.15,5.25,5.25,5.36,5.45,Maintain Status Quo,Mongolia,MNG,2021-05-03,v8,TRUE
2021-03-13,ICU_demand,1.77,1.81,1.84,1.84,1.88,1.91,Maintain Status Quo,Mongolia,MNG,2021-05-03,v8,TRUE
2021-03-13,infections,112.13,114.69,117.53,117.53,120.37,122.93,Maintain Status Quo,Mongolia,MNG,2021-05-03,v8,TRUE
2021-03-13,prevalence,776.58,794.52,814.46,814.46,834.4,852.34,Maintain Status Quo,Mongolia,MNG,2021-05-03,v8,TRUE
2021-03-13,cumulative_infections,1707.02,1752.82,1803.7,1803.7,1854.58,1900.37,Maintain Status Quo,Mongolia,MNG,2021-05-03,v8,TRUE
2021-03-13,cumulative_deaths,2.48,2.57,2.66,2.66,2.76,2.84,Maintain Status Quo,Mongolia,MNG,2021-05-03,v8,TRUE
2021-03-13,Rt,1.99,1.99,2,2,2,2,Maintain Status Quo,Mongolia,MNG,2021-05-03,v8,TRUE
2021-03-13,Reff,1.98,1.99,1.99,1.99,1.99,2,Maintain Status Quo,Mongolia,MNG,2021-05-03,v8,TRUE
2021-03-13,deaths,0.1,0.1,0.1,0.1,0.11,0.11,Relax Interventions 50%,Mongolia,MNG,2021-05-03,v8,TRUE
2021-03-13,hospital_demand,5.05,5.15,5.25,5.25,5.36,5.45,Relax Interventions 50%,Mongolia,MNG,2021-05-03,v8,TRUE
2021-03-13,ICU_demand,1.77,1.81,1.84,1.84,1.88,1.91,Relax Interventions 50%,Mongolia,MNG,2021-05-03,v8,TRUE
2021-03-13,infections,112.13,114.69,117.53,117.53,120.37,122.93,Relax Interventions 50%,Mongolia,MNG,2021-05-03,v8,TRUE
2021-03-13,prevalence,776.58,794.52,814.46,814.46,834.4,852.34,Relax Interventions 50%,Mongolia,MNG,2021-05-03,v8,TRUE
2021-03-13,cumulative_infections,1707.02,1752.82,1803.7,1803.7,1854.58,1900.37,Relax Interventions 50%,Mongolia,MNG,2021-05-03,v8,TRUE
2021-03-13,cumulative_deaths,2.48,2.57,2.66,2.66,2.76,2.84,Relax Interventions 50%,Mongolia,MNG,2021-05-03,v8,TRUE
2021-03-13,Rt,1.99,1.99,2,2,2,2,Relax Interventions 50%,Mongolia,MNG,2021-05-03,v8,TRUE
2021-03-13,Reff,1.98,1.99,1.99,1.99,1.99,2,Relax Interventions 50%,Mongolia,MNG,2021-05-03,v8,TRUE
2021-03-13,deaths,0.1,0.1,0.1,0.1,0.11,0.11,Surged Additional 50% Reduction,Mongolia,MNG,2021-05-03,v8,TRUE
2021-03-13,hospital_demand,5.05,5.15,5.25,5.25,5.36,5.45,Surged Additional 50% Reduction,Mongolia,MNG,2021-05-03,v8,TRUE
2021-03-13,ICU_demand,1.77,1.81,1.84,1.84,1.88,1.91,Surged Additional 50% Reduction,Mongolia,MNG,2021-05-03,v8,TRUE
2021-03-13,infections,112.13,114.69,117.53,117.53,120.37,122.93,Surged Additional 50% Reduction,Mongolia,MNG,2021-05-03,v8,TRUE
2021-03-13,prevalence,776.58,794.52,814.46,814.46,834.4,852.34,Surged Additional 50% Reduction,Mongolia,MNG,2021-05-03,v8,TRUE
2021-03-13,cumulative_infections,1707.02,1752.82,1803.7,1803.7,1854.58,1900.37,Surged Additional 50% Reduction,Mongolia,MNG,2021-05-03,v8,TRUE
2021-03-13,cumulative_deaths,2.48,2.57,2.66,2.66,2.76,2.84,Surged Additional 50% Reduction,Mongolia,MNG,2021-05-03,v8,TRUE
2021-03-13,Rt,1.99,1.99,2,2,2,2,Surged Additional 50% Reduction,Mongolia,MNG,2021-05-03,v8,TRUE
2021-03-13,Reff,1.98,1.99,1.99,1.99,1.99,2,Surged Additional 50% Reduction,Mongolia,MNG,2021-05-03,v8,TRUE
2021-03-13,deaths,0.1,0.1,0.1,0.1,0.11,0.11,Surged Maintain Status Quo,Mongolia,MNG,2021-05-03,v8,TRUE
2021-03-13,hospital_demand,5.05,5.15,5.25,5.25,5.36,5.45,Surged Maintain Status Quo,Mongolia,MNG,2021-05-03,v8,TRUE
2021-03-13,ICU_demand,1.77,1.81,1.84,1.84,1.88,1.91,Surged Maintain Status Quo,Mongolia,MNG,2021-05-03,v8,TRUE
2021-03-13,infections,112.13,114.69,117.53,117.53,120.37,122.93,Surged Maintain Status Quo,Mongolia,MNG,2021-05-03,v8,TRUE
2021-03-13,prevalence,776.58,794.52,814.46,814.46,834.4,852.34,Surged Maintain Status Quo,Mongolia,MNG,2021-05-03,v8,TRUE
2021-03-13,cumulative_infections,1707.02,1752.82,1803.7,1803.7,1854.58,1900.37,Surged Maintain Status Quo,Mongolia,MNG,2021-05-03,v8,TRUE
2021-03-13,cumulative_deaths,2.48,2.57,2.66,2.66,2.76,2.84,Surged Maintain Status Quo,Mongolia,MNG,2021-05-03,v8,TRUE
2021-03-13,Rt,1.99,1.99,2,2,2,2,Surged Maintain Status Quo,Mongolia,MNG,2021-05-03,v8,TRUE
2021-03-13,Reff,1.98,1.99,1.99,1.99,1.99,2,Surged Maintain Status Quo,Mongolia,MNG,2021-05-03,v8,TRUE
2021-03-13,deaths,0.1,0.1,0.1,0.1,0.11,0.11,Surged Relax Interventions 50%,Mongolia,MNG,2021-05-03,v8,TRUE
2021-03-13,hospital_demand,5.05,5.15,5.25,5.25,5.36,5.45,Surged Relax Interventions 50%,Mongolia,MNG,2021-05-03,v8,TRUE
2021-03-13,ICU_demand,1.77,1.81,1.84,1.84,1.88,1.91,Surged Relax Interventions 50%,Mongolia,MNG,2021-05-03,v8,TRUE
2021-03-13,infections,112.13,114.69,117.53,117.53,120.37,122.93,Surged Relax Interventions 50%,Mongolia,MNG,2021-05-03,v8,TRUE
2021-03-13,prevalence,776.58,794.52,814.46,814.46,834.4,852.34,Surged Relax Interventions 50%,Mongolia,MNG,2021-05-03,v8,TRUE
2021-03-13,cumulative_infections,1707.02,1752.82,1803.7,1803.7,1854.58,1900.37,Surged Relax Interventions 50%,Mongolia,MNG,2021-05-03,v8,TRUE
2021-03-13,cumulative_deaths,2.48,2.57,2.66,2.66,2.76,2.84,Surged Relax Interventions 50%,Mongolia,MNG,2021-05-03,v8,TRUE
2021-03-13,Rt,1.99,1.99,2,2,2,2,Surged Relax Interventions 50%,Mongolia,MNG,2021-05-03,v8,TRUE
2021-03-13,Reff,1.98,1.99,1.99,1.99,1.99,2,Surged Relax Interventions 50%,Mongolia,MNG,2021-05-03,v8,TRUE
2021-03-14,deaths,0.11,0.11,0.11,0.11,0.12,0.12,Additional 50% Reduction,Mongolia,MNG,2021-05-03,v8,TRUE
2021-03-14,hospital_demand,5.56,5.66,5.78,5.78,5.9,6.01,Additional 50% Reduction,Mongolia,MNG,2021-05-03,v8,TRUE
2021-03-14,ICU_demand,1.94,1.98,2.02,2.02,2.06,2.09,Additional 50% Reduction,Mongolia,MNG,2021-05-03,v8,TRUE
2021-03-14,infections,124.41,127.33,130.56,130.56,133.8,136.71,Additional 50% Reduction,Mongolia,MNG,2021-05-03,v8,TRUE
2021-03-14,prevalence,873.38,893.84,916.57,916.57,939.31,959.77,Additional 50% Reduction,Mongolia,MNG,2021-05-03,v8,TRUE
2021-03-14,cumulative_infections,1831.44,1880.14,1934.26,1934.26,1988.38,2037.08,Additional 50% Reduction,Mongolia,MNG,2021-05-03,v8,TRUE
2021-03-14,cumulative_deaths,2.59,2.68,2.78,2.78,2.87,2.96,Additional 50% Reduction,Mongolia,MNG,2021-05-03,v8,TRUE
2021-03-14,Rt,1.59,1.6,1.62,1.62,1.63,1.64,Additional 50% Reduction,Mongolia,MNG,2021-05-03,v8,TRUE
2021-03-14,Reff,1.59,1.6,1.61,1.61,1.62,1.63,Additional 50% Reduction,Mongolia,MNG,2021-05-03,v8,TRUE
2021-03-14,deaths,0.11,0.11,0.11,0.11,0.12,0.12,Maintain Status Quo,Mongolia,MNG,2021-05-03,v8,TRUE
2021-03-14,hospital_demand,5.56,5.66,5.78,5.78,5.9,6.01,Maintain Status Quo,Mongolia,MNG,2021-05-03,v8,TRUE
2021-03-14,ICU_demand,1.94,1.98,2.02,2.02,2.06,2.09,Maintain Status Quo,Mongolia,MNG,2021-05-03,v8,TRUE
2021-03-14,infections,124.41,127.33,130.56,130.56,133.8,136.71,Maintain Status Quo,Mongolia,MNG,2021-05-03,v8,TRUE
2021-03-14,prevalence,873.38,893.84,916.57,916.57,939.31,959.77,Maintain Status Quo,Mongolia,MNG,2021-05-03,v8,TRUE
2021-03-14,cumulative_infections,1831.44,1880.14,1934.26,1934.26,1988.38,2037.08,Maintain Status Quo,Mongolia,MNG,2021-05-03,v8,TRUE
2021-03-14,cumulative_deaths,2.59,2.68,2.78,2.78,2.87,2.96,Maintain Status Quo,Mongolia,MNG,2021-05-03,v8,TRUE
2021-03-14,Rt,1.59,1.6,1.62,1.62,1.63,1.64,Maintain Status Quo,Mongolia,MNG,2021-05-03,v8,TRUE
2021-03-14,Reff,1.59,1.6,1.61,1.61,1.62,1.63,Maintain Status Quo,Mongolia,MNG,2021-05-03,v8,TRUE
2021-03-14,deaths,0.11,0.11,0.11,0.11,0.12,0.12,Relax Interventions 50%,Mongolia,MNG,2021-05-03,v8,TRUE
2021-03-14,hospital_demand,5.56,5.66,5.78,5.78,5.9,6.01,Relax Interventions 50%,Mongolia,MNG,2021-05-03,v8,TRUE
2021-03-14,ICU_demand,1.94,1.98,2.02,2.02,2.06,2.09,Relax Interventions 50%,Mongolia,MNG,2021-05-03,v8,TRUE
2021-03-14,infections,124.41,127.33,130.56,130.56,133.8,136.71,Relax Interventions 50%,Mongolia,MNG,2021-05-03,v8,TRUE
2021-03-14,prevalence,873.38,893.84,916.57,916.57,939.31,959.77,Relax Interventions 50%,Mongolia,MNG,2021-05-03,v8,TRUE
2021-03-14,cumulative_infections,1831.44,1880.14,1934.26,1934.26,1988.38,2037.08,Relax Interventions 50%,Mongolia,MNG,2021-05-03,v8,TRUE
2021-03-14,cumulative_deaths,2.59,2.68,2.78,2.78,2.87,2.96,Relax Interventions 50%,Mongolia,MNG,2021-05-03,v8,TRUE
2021-03-14,Rt,1.59,1.6,1.62,1.62,1.63,1.64,Relax Interventions 50%,Mongolia,MNG,2021-05-03,v8,TRUE
2021-03-14,Reff,1.59,1.6,1.61,1.61,1.62,1.63,Relax Interventions 50%,Mongolia,MNG,2021-05-03,v8,TRUE
2021-03-14,deaths,0.11,0.11,0.11,0.11,0.12,0.12,Surged Additional 50% Reduction,Mongolia,MNG,2021-05-03,v8,TRUE
2021-03-14,hospital_demand,5.56,5.66,5.78,5.78,5.9,6.01,Surged Additional 50% Reduction,Mongolia,MNG,2021-05-03,v8,TRUE
2021-03-14,ICU_demand,1.94,1.98,2.02,2.02,2.06,2.09,Surged Additional 50% Reduction,Mongolia,MNG,2021-05-03,v8,TRUE
2021-03-14,infections,124.41,127.33,130.56,130.56,133.8,136.71,Surged Additional 50% Reduction,Mongolia,MNG,2021-05-03,v8,TRUE
2021-03-14,prevalence,873.38,893.84,916.57,916.57,939.31,959.77,Surged Additional 50% Reduction,Mongolia,MNG,2021-05-03,v8,TRUE
2021-03-14,cumulative_infections,1831.44,1880.14,1934.26,1934.26,1988.38,2037.08,Surged Additional 50% Reduction,Mongolia,MNG,2021-05-03,v8,TRUE
2021-03-14,cumulative_deaths,2.59,2.68,2.78,2.78,2.87,2.96,Surged Additional 50% Reduction,Mongolia,MNG,2021-05-03,v8,TRUE
2021-03-14,Rt,1.59,1.6,1.62,1.62,1.63,1.64,Surged Additional 50% Reduction,Mongolia,MNG,2021-05-03,v8,TRUE
2021-03-14,Reff,1.59,1.6,1.61,1.61,1.62,1.63,Surged Additional 50% Reduction,Mongolia,MNG,2021-05-03,v8,TRUE
2021-03-14,deaths,0.11,0.11,0.11,0.11,0.12,0.12,Surged Maintain Status Quo,Mongolia,MNG,2021-05-03,v8,TRUE
2021-03-14,hospital_demand,5.56,5.66,5.78,5.78,5.9,6.01,Surged Maintain Status Quo,Mongolia,MNG,2021-05-03,v8,TRUE
2021-03-14,ICU_demand,1.94,1.98,2.02,2.02,2.06,2.09,Surged Maintain Status Quo,Mongolia,MNG,2021-05-03,v8,TRUE
2021-03-14,infections,124.41,127.33,130.56,130.56,133.8,136.71,Surged Maintain Status Quo,Mongolia,MNG,2021-05-03,v8,TRUE
2021-03-14,prevalence,873.38,893.84,916.57,916.57,939.31,959.77,Surged Maintain Status Quo,Mongolia,MNG,2021-05-03,v8,TRUE
2021-03-14,cumulative_infections,1831.44,1880.14,1934.26,1934.26,1988.38,2037.08,Surged Maintain Status Quo,Mongolia,MNG,2021-05-03,v8,TRUE
2021-03-14,cumulative_deaths,2.59,2.68,2.78,2.78,2.87,2.96,Surged Maintain Status Quo,Mongolia,MNG,2021-05-03,v8,TRUE
2021-03-14,Rt,1.59,1.6,1.62,1.62,1.63,1.64,Surged Maintain Status Quo,Mongolia,MNG,2021-05-03,v8,TRUE
2021-03-14,Reff,1.59,1.6,1.61,1.61,1.62,1.63,Surged Maintain Status Quo,Mongolia,MNG,2021-05-03,v8,TRUE
2021-03-14,deaths,0.11,0.11,0.11,0.11,0.12,0.12,Surged Relax Interventions 50%,Mongolia,MNG,2021-05-03,v8,TRUE
2021-03-14,hospital_demand,5.56,5.66,5.78,5.78,5.9,6.01,Surged Relax Interventions 50%,Mongolia,MNG,2021-05-03,v8,TRUE
2021-03-14,ICU_demand,1.94,1.98,2.02,2.02,2.06,2.09,Surged Relax Interventions 50%,Mongolia,MNG,2021-05-03,v8,TRUE
2021-03-14,infections,124.41,127.33,130.56,130.56,133.8,136.71,Surged Relax Interventions 50%,Mongolia,MNG,2021-05-03,v8,TRUE
2021-03-14,prevalence,873.38,893.84,916.57,916.57,939.31,959.77,Surged Relax Interventions 50%,Mongolia,MNG,2021-05-03,v8,TRUE
2021-03-14,cumulative_infections,1831.44,1880.14,1934.26,1934.26,1988.38,2037.08,Surged Relax Interventions 50%,Mongolia,MNG,2021-05-03,v8,TRUE
2021-03-14,cumulative_deaths,2.59,2.68,2.78,2.78,2.87,2.96,Surged Relax Interventions 50%,Mongolia,MNG,2021-05-03,v8,TRUE
2021-03-14,Rt,1.59,1.6,1.62,1.62,1.63,1.64,Surged Relax Interventions 50%,Mongolia,MNG,2021-05-03,v8,TRUE
2021-03-14,Reff,1.59,1.6,1.61,1.61,1.62,1.63,Surged Relax Interventions 50%,Mongolia,MNG,2021-05-03,v8,TRUE
2021-03-15,deaths,0.12,0.12,0.12,0.12,0.13,0.13,Additional 50% Reduction,Mongolia,MNG,2021-05-03,v8,TRUE
2021-03-15,hospital_demand,6.12,6.23,6.37,6.37,6.5,6.62,Additional 50% Reduction,Mongolia,MNG,2021-05-03,v8,TRUE
2021-03-15,ICU_demand,2.12,2.16,2.21,2.21,2.25,2.3,Additional 50% Reduction,Mongolia,MNG,2021-05-03,v8,TRUE
2021-03-15,infections,136.63,139.94,143.62,143.62,147.31,150.62,Additional 50% Reduction,Mongolia,MNG,2021-05-03,v8,TRUE
2021-03-15,prevalence,937.54,960.7,986.44,986.44,1012.17,1035.33,Additional 50% Reduction,Mongolia,MNG,2021-05-03,v8,TRUE
2021-03-15,cumulative_infections,1968.06,2020.08,2077.88,2077.88,2135.69,2187.71,Additional 50% Reduction,Mongolia,MNG,2021-05-03,v8,TRUE
2021-03-15,cumulative_deaths,2.71,2.8,2.9,2.9,3,3.09,Additional 50% Reduction,Mongolia,MNG,2021-05-03,v8,TRUE
2021-03-15,Rt,1.63,1.64,1.65,1.65,1.66,1.67,Additional 50% Reduction,Mongolia,MNG,2021-05-03,v8,TRUE
2021-03-15,Reff,1.62,1.63,1.64,1.64,1.65,1.66,Additional 50% Reduction,Mongolia,MNG,2021-05-03,v8,TRUE
2021-03-15,deaths,0.12,0.12,0.12,0.12,0.13,0.13,Maintain Status Quo,Mongolia,MNG,2021-05-03,v8,TRUE
2021-03-15,hospital_demand,6.12,6.23,6.37,6.37,6.5,6.62,Maintain Status Quo,Mongolia,MNG,2021-05-03,v8,TRUE
2021-03-15,ICU_demand,2.12,2.16,2.21,2.21,2.25,2.3,Maintain Status Quo,Mongolia,MNG,2021-05-03,v8,TRUE
2021-03-15,infections,136.63,139.94,143.62,143.62,147.31,150.62,Maintain Status Quo,Mongolia,MNG,2021-05-03,v8,TRUE
2021-03-15,prevalence,937.54,960.7,986.44,986.44,1012.17,1035.33,Maintain Status Quo,Mongolia,MNG,2021-05-03,v8,TRUE
2021-03-15,cumulative_infections,1968.06,2020.08,2077.88,2077.88,2135.69,2187.71,Maintain Status Quo,Mongolia,MNG,2021-05-03,v8,TRUE
2021-03-15,cumulative_deaths,2.71,2.8,2.9,2.9,3,3.09,Maintain Status Quo,Mongolia,MNG,2021-05-03,v8,TRUE
2021-03-15,Rt,1.63,1.64,1.65,1.65,1.66,1.67,Maintain Status Quo,Mongolia,MNG,2021-05-03,v8,TRUE
2021-03-15,Reff,1.62,1.63,1.64,1.64,1.65,1.66,Maintain Status Quo,Mongolia,MNG,2021-05-03,v8,TRUE
2021-03-15,deaths,0.12,0.12,0.12,0.12,0.13,0.13,Relax Interventions 50%,Mongolia,MNG,2021-05-03,v8,TRUE
2021-03-15,hospital_demand,6.12,6.23,6.37,6.37,6.5,6.62,Relax Interventions 50%,Mongolia,MNG,2021-05-03,v8,TRUE
2021-03-15,ICU_demand,2.12,2.16,2.21,2.21,2.25,2.3,Relax Interventions 50%,Mongolia,MNG,2021-05-03,v8,TRUE
2021-03-15,infections,136.63,139.94,143.62,143.62,147.31,150.62,Relax Interventions 50%,Mongolia,MNG,2021-05-03,v8,TRUE
2021-03-15,prevalence,937.54,960.7,986.44,986.44,1012.17,1035.33,Relax Interventions 50%,Mongolia,MNG,2021-05-03,v8,TRUE
2021-03-15,cumulative_infections,1968.06,2020.08,2077.88,2077.88,2135.69,2187.71,Relax Interventions 50%,Mongolia,MNG,2021-05-03,v8,TRUE
2021-03-15,cumulative_deaths,2.71,2.8,2.9,2.9,3,3.09,Relax Interventions 50%,Mongolia,MNG,2021-05-03,v8,TRUE
2021-03-15,Rt,1.63,1.64,1.65,1.65,1.66,1.67,Relax Interventions 50%,Mongolia,MNG,2021-05-03,v8,TRUE
2021-03-15,Reff,1.62,1.63,1.64,1.64,1.65,1.66,Relax Interventions 50%,Mongolia,MNG,2021-05-03,v8,TRUE
2021-03-15,deaths,0.12,0.12,0.12,0.12,0.13,0.13,Surged Additional 50% Reduction,Mongolia,MNG,2021-05-03,v8,TRUE
2021-03-15,hospital_demand,6.12,6.23,6.37,6.37,6.5,6.62,Surged Additional 50% Reduction,Mongolia,MNG,2021-05-03,v8,TRUE
2021-03-15,ICU_demand,2.12,2.16,2.21,2.21,2.25,2.3,Surged Additional 50% Reduction,Mongolia,MNG,2021-05-03,v8,TRUE
2021-03-15,infections,136.63,139.94,143.62,143.62,147.31,150.62,Surged Additional 50% Reduction,Mongolia,MNG,2021-05-03,v8,TRUE
2021-03-15,prevalence,937.54,960.7,986.44,986.44,1012.17,1035.33,Surged Additional 50% Reduction,Mongolia,MNG,2021-05-03,v8,TRUE
2021-03-15,cumulative_infections,1968.06,2020.08,2077.88,2077.88,2135.69,2187.71,Surged Additional 50% Reduction,Mongolia,MNG,2021-05-03,v8,TRUE
2021-03-15,cumulative_deaths,2.71,2.8,2.9,2.9,3,3.09,Surged Additional 50% Reduction,Mongolia,MNG,2021-05-03,v8,TRUE
2021-03-15,Rt,1.63,1.64,1.65,1.65,1.66,1.67,Surged Additional 50% Reduction,Mongolia,MNG,2021-05-03,v8,TRUE
2021-03-15,Reff,1.62,1.63,1.64,1.64,1.65,1.66,Surged Additional 50% Reduction,Mongolia,MNG,2021-05-03,v8,TRUE
2021-03-15,deaths,0.12,0.12,0.12,0.12,0.13,0.13,Surged Maintain Status Quo,Mongolia,MNG,2021-05-03,v8,TRUE
2021-03-15,hospital_demand,6.12,6.23,6.37,6.37,6.5,6.62,Surged Maintain Status Quo,Mongolia,MNG,2021-05-03,v8,TRUE
2021-03-15,ICU_demand,2.12,2.16,2.21,2.21,2.25,2.3,Surged Maintain Status Quo,Mongolia,MNG,2021-05-03,v8,TRUE
2021-03-15,infections,136.63,139.94,143.62,143.62,147.31,150.62,Surged Maintain Status Quo,Mongolia,MNG,2021-05-03,v8,TRUE
2021-03-15,prevalence,937.54,960.7,986.44,986.44,1012.17,1035.33,Surged Maintain Status Quo,Mongolia,MNG,2021-05-03,v8,TRUE
2021-03-15,cumulative_infections,1968.06,2020.08,2077.88,2077.88,2135.69,2187.71,Surged Maintain Status Quo,Mongolia,MNG,2021-05-03,v8,TRUE
2021-03-15,cumulative_deaths,2.71,2.8,2.9,2.9,3,3.09,Surged Maintain Status Quo,Mongolia,MNG,2021-05-03,v8,TRUE
2021-03-15,Rt,1.63,1.64,1.65,1.65,1.66,1.67,Surged Maintain Status Quo,Mongolia,MNG,2021-05-03,v8,TRUE
2021-03-15,Reff,1.62,1.63,1.64,1.64,1.65,1.66,Surged Maintain Status Quo,Mongolia,MNG,2021-05-03,v8,TRUE
2021-03-15,deaths,0.12,0.12,0.12,0.12,0.13,0.13,Surged Relax Interventions 50%,Mongolia,MNG,2021-05-03,v8,TRUE
2021-03-15,hospital_demand,6.12,6.23,6.37,6.37,6.5,6.62,Surged Relax Interventions 50%,Mongolia,MNG,2021-05-03,v8,TRUE
2021-03-15,ICU_demand,2.12,2.16,2.21,2.21,2.25,2.3,Surged Relax Interventions 50%,Mongolia,MNG,2021-05-03,v8,TRUE
2021-03-15,infections,136.63,139.94,143.62,143.62,147.31,150.62,Surged Relax Interventions 50%,Mongolia,MNG,2021-05-03,v8,TRUE
2021-03-15,prevalence,937.54,960.7,986.44,986.44,1012.17,1035.33,Surged Relax Interventions 50%,Mongolia,MNG,2021-05-03,v8,TRUE
2021-03-15,cumulative_infections,1968.06,2020.08,2077.88,2077.88,2135.69,2187.71,Surged Relax Interventions 50%,Mongolia,MNG,2021-05-03,v8,TRUE
2021-03-15,cumulative_deaths,2.71,2.8,2.9,2.9,3,3.09,Surged Relax Interventions 50%,Mongolia,MNG,2021-05-03,v8,TRUE
2021-03-15,Rt,1.63,1.64,1.65,1.65,1.66,1.67,Surged Relax Interventions 50%,Mongolia,MNG,2021-05-03,v8,TRUE
2021-03-15,Reff,1.62,1.63,1.64,1.64,1.65,1.66,Surged Relax Interventions 50%,Mongolia,MNG,2021-05-03,v8,TRUE
2021-03-16,deaths,0.13,0.13,0.14,0.14,0.14,0.14,Additional 50% Reduction,Mongolia,MNG,2021-05-03,v8,TRUE
2021-03-16,hospital_demand,6.73,6.86,7.01,7.01,7.16,7.3,Additional 50% Reduction,Mongolia,MNG,2021-05-03,v8,TRUE
2021-03-16,ICU_demand,2.33,2.37,2.42,2.42,2.47,2.52,Additional 50% Reduction,Mongolia,MNG,2021-05-03,v8,TRUE
2021-03-16,infections,147.57,151.32,155.49,155.49,159.66,163.41,Additional 50% Reduction,Mongolia,MNG,2021-05-03,v8,TRUE
2021-03-16,prevalence,1012.11,1038.25,1067.3,1067.3,1096.35,1122.5,Additional 50% Reduction,Mongolia,MNG,2021-05-03,v8,TRUE
2021-03-16,cumulative_infections,2115.63,2171.4,2233.37,2233.37,2295.34,2351.11,Additional 50% Reduction,Mongolia,MNG,2021-05-03,v8,TRUE
2021-03-16,cumulative_deaths,2.84,2.94,3.04,3.04,3.14,3.23,Additional 50% Reduction,Mongolia,MNG,2021-05-03,v8,TRUE
2021-03-16,Rt,2,2.01,2.02,2.02,2.03,2.04,Additional 50% Reduction,Mongolia,MNG,2021-05-03,v8,TRUE
2021-03-16,Reff,1.99,2,2.01,2.01,2.02,2.03,Additional 50% Reduction,Mongolia,MNG,2021-05-03,v8,TRUE
2021-03-16,deaths,0.13,0.13,0.14,0.14,0.14,0.14,Maintain Status Quo,Mongolia,MNG,2021-05-03,v8,TRUE
2021-03-16,hospital_demand,6.73,6.86,7.01,7.01,7.16,7.3,Maintain Status Quo,Mongolia,MNG,2021-05-03,v8,TRUE
2021-03-16,ICU_demand,2.33,2.37,2.42,2.42,2.47,2.52,Maintain Status Quo,Mongolia,MNG,2021-05-03,v8,TRUE
2021-03-16,infections,147.57,151.32,155.49,155.49,159.66,163.41,Maintain Status Quo,Mongolia,MNG,2021-05-03,v8,TRUE
2021-03-16,prevalence,1012.11,1038.25,1067.3,1067.3,1096.35,1122.5,Maintain Status Quo,Mongolia,MNG,2021-05-03,v8,TRUE
2021-03-16,cumulative_infections,2115.63,2171.4,2233.37,2233.37,2295.34,2351.11,Maintain Status Quo,Mongolia,MNG,2021-05-03,v8,TRUE
2021-03-16,cumulative_deaths,2.84,2.94,3.04,3.04,3.14,3.23,Maintain Status Quo,Mongolia,MNG,2021-05-03,v8,TRUE
2021-03-16,Rt,2,2.01,2.02,2.02,2.03,2.04,Maintain Status Quo,Mongolia,MNG,2021-05-03,v8,TRUE
2021-03-16,Reff,1.99,2,2.01,2.01,2.02,2.03,Maintain Status Quo,Mongolia,MNG,2021-05-03,v8,TRUE
2021-03-16,deaths,0.13,0.13,0.14,0.14,0.14,0.14,Relax Interventions 50%,Mongolia,MNG,2021-05-03,v8,TRUE
2021-03-16,hospital_demand,6.73,6.86,7.01,7.01,7.16,7.3,Relax Interventions 50%,Mongolia,MNG,2021-05-03,v8,TRUE
2021-03-16,ICU_demand,2.33,2.37,2.42,2.42,2.47,2.52,Relax Interventions 50%,Mongolia,MNG,2021-05-03,v8,TRUE
2021-03-16,infections,147.57,151.32,155.49,155.49,159.66,163.41,Relax Interventions 50%,Mongolia,MNG,2021-05-03,v8,TRUE
2021-03-16,prevalence,1012.11,1038.25,1067.3,1067.3,1096.35,1122.5,Relax Interventions 50%,Mongolia,MNG,2021-05-03,v8,TRUE
2021-03-16,cumulative_infections,2115.63,2171.4,2233.37,2233.37,2295.34,2351.11,Relax Interventions 50%,Mongolia,MNG,2021-05-03,v8,TRUE
2021-03-16,cumulative_deaths,2.84,2.94,3.04,3.04,3.14,3.23,Relax Interventions 50%,Mongolia,MNG,2021-05-03,v8,TRUE
2021-03-16,Rt,2,2.01,2.02,2.02,2.03,2.04,Relax Interventions 50%,Mongolia,MNG,2021-05-03,v8,TRUE
2021-03-16,Reff,1.99,2,2.01,2.01,2.02,2.03,Relax Interventions 50%,Mongolia,MNG,2021-05-03,v8,TRUE
2021-03-16,deaths,0.13,0.13,0.14,0.14,0.14,0.14,Surged Additional 50% Reduction,Mongolia,MNG,2021-05-03,v8,TRUE
2021-03-16,hospital_demand,6.73,6.86,7.01,7.01,7.16,7.3,Surged Additional 50% Reduction,Mongolia,MNG,2021-05-03,v8,TRUE
2021-03-16,ICU_demand,2.33,2.37,2.42,2.42,2.47,2.52,Surged Additional 50% Reduction,Mongolia,MNG,2021-05-03,v8,TRUE
2021-03-16,infections,147.57,151.32,155.49,155.49,159.66,163.41,Surged Additional 50% Reduction,Mongolia,MNG,2021-05-03,v8,TRUE
2021-03-16,prevalence,1012.11,1038.25,1067.3,1067.3,1096.35,1122.5,Surged Additional 50% Reduction,Mongolia,MNG,2021-05-03,v8,TRUE
2021-03-16,cumulative_infections,2115.63,2171.4,2233.37,2233.37,2295.34,2351.11,Surged Additional 50% Reduction,Mongolia,MNG,2021-05-03,v8,TRUE
2021-03-16,cumulative_deaths,2.84,2.94,3.04,3.04,3.14,3.23,Surged Additional 50% Reduction,Mongolia,MNG,2021-05-03,v8,TRUE
2021-03-16,Rt,2,2.01,2.02,2.02,2.03,2.04,Surged Additional 50% Reduction,Mongolia,MNG,2021-05-03,v8,TRUE
2021-03-16,Reff,1.98,2,2.01,2.01,2.02,2.03,Surged Additional 50% Reduction,Mongolia,MNG,2021-05-03,v8,TRUE
2021-03-16,deaths,0.13,0.13,0.14,0.14,0.14,0.14,Surged Maintain Status Quo,Mongolia,MNG,2021-05-03,v8,TRUE
2021-03-16,hospital_demand,6.73,6.86,7.01,7.01,7.16,7.3,Surged Maintain Status Quo,Mongolia,MNG,2021-05-03,v8,TRUE
2021-03-16,ICU_demand,2.33,2.37,2.42,2.42,2.47,2.52,Surged Maintain Status Quo,Mongolia,MNG,2021-05-03,v8,TRUE
2021-03-16,infections,147.57,151.32,155.49,155.49,159.66,163.41,Surged Maintain Status Quo,Mongolia,MNG,2021-05-03,v8,TRUE
2021-03-16,prevalence,1012.11,1038.25,1067.3,1067.3,1096.35,1122.5,Surged Maintain Status Quo,Mongolia,MNG,2021-05-03,v8,TRUE
2021-03-16,cumulative_infections,2115.63,2171.4,2233.37,2233.37,2295.34,2351.11,Surged Maintain Status Quo,Mongolia,MNG,2021-05-03,v8,TRUE
2021-03-16,cumulative_deaths,2.84,2.94,3.04,3.04,3.14,3.23,Surged Maintain Status Quo,Mongolia,MNG,2021-05-03,v8,TRUE
2021-03-16,Rt,2,2.01,2.02,2.02,2.03,2.04,Surged Maintain Status Quo,Mongolia,MNG,2021-05-03,v8,TRUE
2021-03-16,Reff,1.98,2,2.01,2.01,2.02,2.03,Surged Maintain Status Quo,Mongolia,MNG,2021-05-03,v8,TRUE
2021-03-16,deaths,0.13,0.13,0.14,0.14,0.14,0.14,Surged Relax Interventions 50%,Mongolia,MNG,2021-05-03,v8,TRUE
2021-03-16,hospital_demand,6.73,6.86,7.01,7.01,7.16,7.3,Surged Relax Interventions 50%,Mongolia,MNG,2021-05-03,v8,TRUE
2021-03-16,ICU_demand,2.33,2.37,2.42,2.42,2.47,2.52,Surged Relax Interventions 50%,Mongolia,MNG,2021-05-03,v8,TRUE
2021-03-16,infections,147.57,151.32,155.49,155.49,159.66,163.41,Surged Relax Interventions 50%,Mongolia,MNG,2021-05-03,v8,TRUE
2021-03-16,prevalence,1012.11,1038.25,1067.3,1067.3,1096.35,1122.5,Surged Relax Interventions 50%,Mongolia,MNG,2021-05-03,v8,TRUE
2021-03-16,cumulative_infections,2115.63,2171.4,2233.37,2233.37,2295.34,2351.11,Surged Relax Interventions 50%,Mongolia,MNG,2021-05-03,v8,TRUE
2021-03-16,cumulative_deaths,2.84,2.94,3.04,3.04,3.14,3.23,Surged Relax Interventions 50%,Mongolia,MNG,2021-05-03,v8,TRUE
2021-03-16,Rt,2,2.01,2.02,2.02,2.03,2.04,Surged Relax Interventions 50%,Mongolia,MNG,2021-05-03,v8,TRUE
2021-03-16,Reff,1.98,2,2.01,2.01,2.02,2.03,Surged Relax Interventions 50%,Mongolia,MNG,2021-05-03,v8,TRUE
2021-03-17,deaths,0.14,0.15,0.15,0.15,0.15,0.16,Additional 50% Reduction,Mongolia,MNG,2021-05-03,v8,TRUE
2021-03-17,hospital_demand,7.4,7.56,7.72,7.72,7.89,8.04,Additional 50% Reduction,Mongolia,MNG,2021-05-03,v8,TRUE
2021-03-17,ICU_demand,2.55,2.6,2.66,2.66,2.72,2.77,Additional 50% Reduction,Mongolia,MNG,2021-05-03,v8,TRUE
2021-03-17,infections,162.79,166.91,171.48,171.48,176.06,180.17,Additional 50% Reduction,Mongolia,MNG,2021-05-03,v8,TRUE
2021-03-17,prevalence,1147.16,1175.04,1206.02,1206.02,1236.99,1264.87,Additional 50% Reduction,Mongolia,MNG,2021-05-03,v8,TRUE
2021-03-17,cumulative_infections,2278.42,2338.31,2404.86,2404.86,2471.4,2531.29,Additional 50% Reduction,Mongolia,MNG,2021-05-03,v8,TRUE
2021-03-17,cumulative_deaths,2.99,3.08,3.19,3.19,3.29,3.39,Additional 50% Reduction,Mongolia,MNG,2021-05-03,v8,TRUE
2021-03-17,Rt,1.99,2.01,2.02,2.02,2.03,2.04,Additional 50% Reduction,Mongolia,MNG,2021-05-03,v8,TRUE
2021-03-17,Reff,1.98,1.99,2,2,2.02,2.03,Additional 50% Reduction,Mongolia,MNG,2021-05-03,v8,TRUE
2021-03-17,deaths,0.14,0.15,0.15,0.15,0.15,0.16,Maintain Status Quo,Mongolia,MNG,2021-05-03,v8,TRUE
2021-03-17,hospital_demand,7.4,7.56,7.72,7.72,7.89,8.04,Maintain Status Quo,Mongolia,MNG,2021-05-03,v8,TRUE
2021-03-17,ICU_demand,2.55,2.6,2.66,2.66,2.72,2.77,Maintain Status Quo,Mongolia,MNG,2021-05-03,v8,TRUE
2021-03-17,infections,162.79,166.91,171.48,171.48,176.06,180.17,Maintain Status Quo,Mongolia,MNG,2021-05-03,v8,TRUE
2021-03-17,prevalence,1147.16,1175.04,1206.02,1206.02,1236.99,1264.87,Maintain Status Quo,Mongolia,MNG,2021-05-03,v8,TRUE
2021-03-17,cumulative_infections,2278.42,2338.31,2404.86,2404.86,2471.4,2531.29,Maintain Status Quo,Mongolia,MNG,2021-05-03,v8,TRUE
2021-03-17,cumulative_deaths,2.99,3.08,3.19,3.19,3.29,3.39,Maintain Status Quo,Mongolia,MNG,2021-05-03,v8,TRUE
2021-03-17,Rt,1.99,2.01,2.02,2.02,2.03,2.04,Maintain Status Quo,Mongolia,MNG,2021-05-03,v8,TRUE
2021-03-17,Reff,1.98,1.99,2,2,2.02,2.03,Maintain Status Quo,Mongolia,MNG,2021-05-03,v8,TRUE
2021-03-17,deaths,0.14,0.15,0.15,0.15,0.15,0.16,Relax Interventions 50%,Mongolia,MNG,2021-05-03,v8,TRUE
2021-03-17,hospital_demand,7.4,7.56,7.72,7.72,7.89,8.04,Relax Interventions 50%,Mongolia,MNG,2021-05-03,v8,TRUE
2021-03-17,ICU_demand,2.55,2.6,2.66,2.66,2.72,2.77,Relax Interventions 50%,Mongolia,MNG,2021-05-03,v8,TRUE
2021-03-17,infections,162.79,166.91,171.48,171.48,176.06,180.17,Relax Interventions 50%,Mongolia,MNG,2021-05-03,v8,TRUE
2021-03-17,prevalence,1147.16,1175.04,1206.02,1206.02,1236.99,1264.87,Relax Interventions 50%,Mongolia,MNG,2021-05-03,v8,TRUE
2021-03-17,cumulative_infections,2278.42,2338.31,2404.86,2404.86,2471.4,2531.29,Relax Interventions 50%,Mongolia,MNG,2021-05-03,v8,TRUE
2021-03-17,cumulative_deaths,2.99,3.08,3.19,3.19,3.29,3.39,Relax Interventions 50%,Mongolia,MNG,2021-05-03,v8,TRUE
2021-03-17,Rt,1.99,2.01,2.02,2.02,2.03,2.04,Relax Interventions 50%,Mongolia,MNG,2021-05-03,v8,TRUE
2021-03-17,Reff,1.98,1.99,2,2,2.02,2.03,Relax Interventions 50%,Mongolia,MNG,2021-05-03,v8,TRUE
2021-03-17,deaths,0.14,0.15,0.15,0.15,0.15,0.16,Surged Additional 50% Reduction,Mongolia,MNG,2021-05-03,v8,TRUE
2021-03-17,hospital_demand,7.4,7.56,7.72,7.72,7.89,8.04,Surged Additional 50% Reduction,Mongolia,MNG,2021-05-03,v8,TRUE
2021-03-17,ICU_demand,2.55,2.6,2.66,2.66,2.72,2.77,Surged Additional 50% Reduction,Mongolia,MNG,2021-05-03,v8,TRUE
2021-03-17,infections,162.79,166.91,171.48,171.48,176.06,180.17,Surged Additional 50% Reduction,Mongolia,MNG,2021-05-03,v8,TRUE
2021-03-17,prevalence,1147.16,1175.04,1206.02,1206.02,1236.99,1264.87,Surged Additional 50% Reduction,Mongolia,MNG,2021-05-03,v8,TRUE
2021-03-17,cumulative_infections,2278.42,2338.31,2404.86,2404.86,2471.4,2531.29,Surged Additional 50% Reduction,Mongolia,MNG,2021-05-03,v8,TRUE
2021-03-17,cumulative_deaths,2.99,3.08,3.19,3.19,3.29,3.39,Surged Additional 50% Reduction,Mongolia,MNG,2021-05-03,v8,TRUE
2021-03-17,Rt,1.99,2.01,2.02,2.02,2.03,2.04,Surged Additional 50% Reduction,Mongolia,MNG,2021-05-03,v8,TRUE
2021-03-17,Reff,1.98,1.99,2,2,2.01,2.02,Surged Additional 50% Reduction,Mongolia,MNG,2021-05-03,v8,TRUE
2021-03-17,deaths,0.14,0.15,0.15,0.15,0.15,0.16,Surged Maintain Status Quo,Mongolia,MNG,2021-05-03,v8,TRUE
2021-03-17,hospital_demand,7.4,7.56,7.72,7.72,7.89,8.04,Surged Maintain Status Quo,Mongolia,MNG,2021-05-03,v8,TRUE
2021-03-17,ICU_demand,2.55,2.6,2.66,2.66,2.72,2.77,Surged Maintain Status Quo,Mongolia,MNG,2021-05-03,v8,TRUE
2021-03-17,infections,162.79,166.91,171.48,171.48,176.06,180.17,Surged Maintain Status Quo,Mongolia,MNG,2021-05-03,v8,TRUE
2021-03-17,prevalence,1147.16,1175.04,1206.02,1206.02,1236.99,1264.87,Surged Maintain Status Quo,Mongolia,MNG,2021-05-03,v8,TRUE
2021-03-17,cumulative_infections,2278.42,2338.31,2404.86,2404.86,2471.4,2531.29,Surged Maintain Status Quo,Mongolia,MNG,2021-05-03,v8,TRUE
2021-03-17,cumulative_deaths,2.99,3.08,3.19,3.19,3.29,3.39,Surged Maintain Status Quo,Mongolia,MNG,2021-05-03,v8,TRUE
2021-03-17,Rt,1.99,2.01,2.02,2.02,2.03,2.04,Surged Maintain Status Quo,Mongolia,MNG,2021-05-03,v8,TRUE
2021-03-17,Reff,1.98,1.99,2,2,2.01,2.02,Surged Maintain Status Quo,Mongolia,MNG,2021-05-03,v8,TRUE
2021-03-17,deaths,0.14,0.15,0.15,0.15,0.15,0.16,Surged Relax Interventions 50%,Mongolia,MNG,2021-05-03,v8,TRUE
2021-03-17,hospital_demand,7.4,7.56,7.72,7.72,7.89,8.04,Surged Relax Interventions 50%,Mongolia,MNG,2021-05-03,v8,TRUE
2021-03-17,ICU_demand,2.55,2.6,2.66,2.66,2.72,2.77,Surged Relax Interventions 50%,Mongolia,MNG,2021-05-03,v8,TRUE
2021-03-17,infections,162.79,166.91,171.48,171.48,176.06,180.17,Surged Relax Interventions 50%,Mongolia,MNG,2021-05-03,v8,TRUE
2021-03-17,prevalence,1147.16,1175.04,1206.02,1206.02,1236.99,1264.87,Surged Relax Interventions 50%,Mongolia,MNG,2021-05-03,v8,TRUE
2021-03-17,cumulative_infections,2278.42,2338.31,2404.86,2404.86,2471.4,2531.29,Surged Relax Interventions 50%,Mongolia,MNG,2021-05-03,v8,TRUE
2021-03-17,cumulative_deaths,2.99,3.08,3.19,3.19,3.29,3.39,Surged Relax Interventions 50%,Mongolia,MNG,2021-05-03,v8,TRUE
2021-03-17,Rt,1.99,2.01,2.02,2.02,2.03,2.04,Surged Relax Interventions 50%,Mongolia,MNG,2021-05-03,v8,TRUE
2021-03-17,Reff,1.98,1.99,2,2,2.01,2.02,Surged Relax Interventions 50%,Mongolia,MNG,2021-05-03,v8,TRUE
2021-03-18,deaths,0.16,0.16,0.16,0.16,0.17,0.17,Additional 50% Reduction,Mongolia,MNG,2021-05-03,v8,TRUE
2021-03-18,hospital_demand,8.14,8.31,8.5,8.5,8.69,8.86,Additional 50% Reduction,Mongolia,MNG,2021-05-03,v8,TRUE
2021-03-18,ICU_demand,2.8,2.86,2.92,2.92,2.99,3.04,Additional 50% Reduction,Mongolia,MNG,2021-05-03,v8,TRUE
2021-03-18,infections,183.47,187.88,192.77,192.77,197.66,202.07,Additional 50% Reduction,Mongolia,MNG,2021-05-03,v8,TRUE
2021-03-18,prevalence,1294.3,1324.14,1357.29,1357.29,1390.45,1420.29,Additional 50% Reduction,Mongolia,MNG,2021-05-03,v8,TRUE
2021-03-18,cumulative_infections,2461.9,2526.19,2597.63,2597.63,2669.06,2733.36,Additional 50% Reduction,Mongolia,MNG,2021-05-03,v8,TRUE
2021-03-18,cumulative_deaths,3.14,3.24,3.35,3.35,3.46,3.56,Additional 50% Reduction,Mongolia,MNG,2021-05-03,v8,TRUE
2021-03-18,Rt,1.99,2.01,2.02,2.02,2.03,2.04,Additional 50% Reduction,Mongolia,MNG,2021-05-03,v8,TRUE
2021-03-18,Reff,1.98,1.99,2,2,2.01,2.02,Additional 50% Reduction,Mongolia,MNG,2021-05-03,v8,TRUE
2021-03-18,deaths,0.16,0.16,0.16,0.16,0.17,0.17,Maintain Status Quo,Mongolia,MNG,2021-05-03,v8,TRUE
2021-03-18,hospital_demand,8.14,8.31,8.5,8.5,8.69,8.86,Maintain Status Quo,Mongolia,MNG,2021-05-03,v8,TRUE
2021-03-18,ICU_demand,2.8,2.86,2.92,2.92,2.99,3.04,Maintain Status Quo,Mongolia,MNG,2021-05-03,v8,TRUE
2021-03-18,infections,183.47,187.88,192.77,192.77,197.66,202.07,Maintain Status Quo,Mongolia,MNG,2021-05-03,v8,TRUE
2021-03-18,prevalence,1294.3,1324.14,1357.29,1357.29,1390.45,1420.29,Maintain Status Quo,Mongolia,MNG,2021-05-03,v8,TRUE
2021-03-18,cumulative_infections,2461.9,2526.19,2597.63,2597.63,2669.06,2733.36,Maintain Status Quo,Mongolia,MNG,2021-05-03,v8,TRUE
2021-03-18,cumulative_deaths,3.14,3.24,3.35,3.35,3.46,3.56,Maintain Status Quo,Mongolia,MNG,2021-05-03,v8,TRUE
2021-03-18,Rt,1.99,2.01,2.02,2.02,2.03,2.04,Maintain Status Quo,Mongolia,MNG,2021-05-03,v8,TRUE
2021-03-18,Reff,1.98,1.99,2,2,2.01,2.02,Maintain Status Quo,Mongolia,MNG,2021-05-03,v8,TRUE
2021-03-18,deaths,0.16,0.16,0.16,0.16,0.17,0.17,Relax Interventions 50%,Mongolia,MNG,2021-05-03,v8,TRUE
2021-03-18,hospital_demand,8.14,8.31,8.5,8.5,8.69,8.86,Relax Interventions 50%,Mongolia,MNG,2021-05-03,v8,TRUE
2021-03-18,ICU_demand,2.8,2.86,2.92,2.92,2.99,3.04,Relax Interventions 50%,Mongolia,MNG,2021-05-03,v8,TRUE
2021-03-18,infections,183.47,187.88,192.77,192.77,197.66,202.07,Relax Interventions 50%,Mongolia,MNG,2021-05-03,v8,TRUE
2021-03-18,prevalence,1294.3,1324.14,1357.29,1357.29,1390.45,1420.29,Relax Interventions 50%,Mongolia,MNG,2021-05-03,v8,TRUE
2021-03-18,cumulative_infections,2461.9,2526.19,2597.63,2597.63,2669.06,2733.36,Relax Interventions 50%,Mongolia,MNG,2021-05-03,v8,TRUE
2021-03-18,cumulative_deaths,3.14,3.24,3.35,3.35,3.46,3.56,Relax Interventions 50%,Mongolia,MNG,2021-05-03,v8,TRUE
2021-03-18,Rt,1.99,2.01,2.02,2.02,2.03,2.04,Relax Interventions 50%,Mongolia,MNG,2021-05-03,v8,TRUE
2021-03-18,Reff,1.98,1.99,2,2,2.01,2.02,Relax Interventions 50%,Mongolia,MNG,2021-05-03,v8,TRUE
2021-03-18,deaths,0.16,0.16,0.16,0.16,0.17,0.17,Surged Additional 50% Reduction,Mongolia,MNG,2021-05-03,v8,TRUE
2021-03-18,hospital_demand,8.14,8.31,8.5,8.5,8.69,8.86,Surged Additional 50% Reduction,Mongolia,MNG,2021-05-03,v8,TRUE
2021-03-18,ICU_demand,2.8,2.86,2.92,2.92,2.99,3.04,Surged Additional 50% Reduction,Mongolia,MNG,2021-05-03,v8,TRUE
2021-03-18,infections,183.47,187.88,192.77,192.77,197.66,202.07,Surged Additional 50% Reduction,Mongolia,MNG,2021-05-03,v8,TRUE
2021-03-18,prevalence,1294.3,1324.14,1357.29,1357.29,1390.45,1420.29,Surged Additional 50% Reduction,Mongolia,MNG,2021-05-03,v8,TRUE
2021-03-18,cumulative_infections,2461.9,2526.19,2597.63,2597.63,2669.06,2733.36,Surged Additional 50% Reduction,Mongolia,MNG,2021-05-03,v8,TRUE
2021-03-18,cumulative_deaths,3.14,3.24,3.35,3.35,3.46,3.56,Surged Additional 50% Reduction,Mongolia,MNG,2021-05-03,v8,TRUE
2021-03-18,Rt,1.99,2.01,2.02,2.02,2.03,2.04,Surged Additional 50% Reduction,Mongolia,MNG,2021-05-03,v8,TRUE
2021-03-18,Reff,1.97,1.98,1.99,1.99,2.01,2.02,Surged Additional 50% Reduction,Mongolia,MNG,2021-05-03,v8,TRUE
2021-03-18,deaths,0.16,0.16,0.16,0.16,0.17,0.17,Surged Maintain Status Quo,Mongolia,MNG,2021-05-03,v8,TRUE
2021-03-18,hospital_demand,8.14,8.31,8.5,8.5,8.69,8.86,Surged Maintain Status Quo,Mongolia,MNG,2021-05-03,v8,TRUE
2021-03-18,ICU_demand,2.8,2.86,2.92,2.92,2.99,3.04,Surged Maintain Status Quo,Mongolia,MNG,2021-05-03,v8,TRUE
2021-03-18,infections,183.47,187.88,192.77,192.77,197.66,202.07,Surged Maintain Status Quo,Mongolia,MNG,2021-05-03,v8,TRUE
2021-03-18,prevalence,1294.3,1324.14,1357.29,1357.29,1390.45,1420.29,Surged Maintain Status Quo,Mongolia,MNG,2021-05-03,v8,TRUE
2021-03-18,cumulative_infections,2461.9,2526.19,2597.63,2597.63,2669.06,2733.36,Surged Maintain Status Quo,Mongolia,MNG,2021-05-03,v8,TRUE
2021-03-18,cumulative_deaths,3.14,3.24,3.35,3.35,3.46,3.56,Surged Maintain Status Quo,Mongolia,MNG,2021-05-03,v8,TRUE
2021-03-18,Rt,1.99,2.01,2.02,2.02,2.03,2.04,Surged Maintain Status Quo,Mongolia,MNG,2021-05-03,v8,TRUE
2021-03-18,Reff,1.97,1.98,1.99,1.99,2.01,2.02,Surged Maintain Status Quo,Mongolia,MNG,2021-05-03,v8,TRUE
2021-03-18,deaths,0.16,0.16,0.16,0.16,0.17,0.17,Surged Relax Interventions 50%,Mongolia,MNG,2021-05-03,v8,TRUE
2021-03-18,hospital_demand,8.14,8.31,8.5,8.5,8.69,8.86,Surged Relax Interventions 50%,Mongolia,MNG,2021-05-03,v8,TRUE
2021-03-18,ICU_demand,2.8,2.86,2.92,2.92,2.99,3.04,Surged Relax Interventions 50%,Mongolia,MNG,2021-05-03,v8,TRUE
2021-03-18,infections,183.47,187.88,192.77,192.77,197.66,202.07,Surged Relax Interventions 50%,Mongolia,MNG,2021-05-03,v8,TRUE
2021-03-18,prevalence,1294.3,1324.14,1357.29,1357.29,1390.45,1420.29,Surged Relax Interventions 50%,Mongolia,MNG,2021-05-03,v8,TRUE
2021-03-18,cumulative_infections,2461.9,2526.19,2597.63,2597.63,2669.06,2733.36,Surged Relax Interventions 50%,Mongolia,MNG,2021-05-03,v8,TRUE
2021-03-18,cumulative_deaths,3.14,3.24,3.35,3.35,3.46,3.56,Surged Relax Interventions 50%,Mongolia,MNG,2021-05-03,v8,TRUE
2021-03-18,Rt,1.99,2.01,2.02,2.02,2.03,2.04,Surged Relax Interventions 50%,Mongolia,MNG,2021-05-03,v8,TRUE
2021-03-18,Reff,1.97,1.98,1.99,1.99,2.01,2.02,Surged Relax Interventions 50%,Mongolia,MNG,2021-05-03,v8,TRUE
2021-03-19,deaths,0.17,0.18,0.18,0.18,0.18,0.19,Additional 50% Reduction,Mongolia,MNG,2021-05-03,v8,TRUE
2021-03-19,hospital_demand,8.95,9.15,9.36,9.36,9.57,9.77,Additional 50% Reduction,Mongolia,MNG,2021-05-03,v8,TRUE
2021-03-19,ICU_demand,3.07,3.14,3.21,3.21,3.28,3.35,Additional 50% Reduction,Mongolia,MNG,2021-05-03,v8,TRUE
2021-03-19,infections,207.4,212.09,217.3,217.3,222.51,227.2,Additional 50% Reduction,Mongolia,MNG,2021-05-03,v8,TRUE
2021-03-19,prevalence,1457.08,1488.98,1524.42,1524.42,1559.87,1591.77,Additional 50% Reduction,Mongolia,MNG,2021-05-03,v8,TRUE
2021-03-19,cumulative_infections,2669.3,2738.28,2814.93,2814.93,2891.58,2960.56,Additional 50% Reduction,Mongolia,MNG,2021-05-03,v8,TRUE
2021-03-19,cumulative_deaths,3.32,3.42,3.53,3.53,3.64,3.75,Additional 50% Reduction,Mongolia,MNG,2021-05-03,v8,TRUE
2021-03-19,Rt,1.72,1.72,1.72,1.72,1.73,1.73,Additional 50% Reduction,Mongolia,MNG,2021-05-03,v8,TRUE
2021-03-19,Reff,1.7,1.7,1.71,1.71,1.71,1.72,Additional 50% Reduction,Mongolia,MNG,2021-05-03,v8,TRUE
2021-03-19,deaths,0.17,0.18,0.18,0.18,0.18,0.19,Maintain Status Quo,Mongolia,MNG,2021-05-03,v8,TRUE
2021-03-19,hospital_demand,8.95,9.15,9.36,9.36,9.57,9.77,Maintain Status Quo,Mongolia,MNG,2021-05-03,v8,TRUE
2021-03-19,ICU_demand,3.07,3.14,3.21,3.21,3.28,3.35,Maintain Status Quo,Mongolia,MNG,2021-05-03,v8,TRUE
2021-03-19,infections,207.4,212.09,217.3,217.3,222.51,227.2,Maintain Status Quo,Mongolia,MNG,2021-05-03,v8,TRUE
2021-03-19,prevalence,1457.08,1488.98,1524.42,1524.42,1559.87,1591.77,Maintain Status Quo,Mongolia,MNG,2021-05-03,v8,TRUE
2021-03-19,cumulative_infections,2669.3,2738.28,2814.93,2814.93,2891.58,2960.56,Maintain Status Quo,Mongolia,MNG,2021-05-03,v8,TRUE
2021-03-19,cumulative_deaths,3.32,3.42,3.53,3.53,3.64,3.75,Maintain Status Quo,Mongolia,MNG,2021-05-03,v8,TRUE
2021-03-19,Rt,1.72,1.72,1.72,1.72,1.73,1.73,Maintain Status Quo,Mongolia,MNG,2021-05-03,v8,TRUE
2021-03-19,Reff,1.7,1.7,1.71,1.71,1.71,1.72,Maintain Status Quo,Mongolia,MNG,2021-05-03,v8,TRUE
2021-03-19,deaths,0.17,0.18,0.18,0.18,0.18,0.19,Relax Interventions 50%,Mongolia,MNG,2021-05-03,v8,TRUE
2021-03-19,hospital_demand,8.95,9.15,9.36,9.36,9.57,9.77,Relax Interventions 50%,Mongolia,MNG,2021-05-03,v8,TRUE
2021-03-19,ICU_demand,3.07,3.14,3.21,3.21,3.28,3.35,Relax Interventions 50%,Mongolia,MNG,2021-05-03,v8,TRUE
2021-03-19,infections,207.4,212.09,217.3,217.3,222.51,227.2,Relax Interventions 50%,Mongolia,MNG,2021-05-03,v8,TRUE
2021-03-19,prevalence,1457.08,1488.98,1524.42,1524.42,1559.87,1591.77,Relax Interventions 50%,Mongolia,MNG,2021-05-03,v8,TRUE
2021-03-19,cumulative_infections,2669.3,2738.28,2814.93,2814.93,2891.58,2960.56,Relax Interventions 50%,Mongolia,MNG,2021-05-03,v8,TRUE
2021-03-19,cumulative_deaths,3.32,3.42,3.53,3.53,3.64,3.75,Relax Interventions 50%,Mongolia,MNG,2021-05-03,v8,TRUE
2021-03-19,Rt,1.72,1.72,1.72,1.72,1.73,1.73,Relax Interventions 50%,Mongolia,MNG,2021-05-03,v8,TRUE
2021-03-19,Reff,1.7,1.7,1.71,1.71,1.71,1.72,Relax Interventions 50%,Mongolia,MNG,2021-05-03,v8,TRUE
2021-03-19,deaths,0.17,0.18,0.18,0.18,0.18,0.19,Surged Additional 50% Reduction,Mongolia,MNG,2021-05-03,v8,TRUE
2021-03-19,hospital_demand,8.95,9.15,9.36,9.36,9.57,9.77,Surged Additional 50% Reduction,Mongolia,MNG,2021-05-03,v8,TRUE
2021-03-19,ICU_demand,3.07,3.14,3.21,3.21,3.28,3.35,Surged Additional 50% Reduction,Mongolia,MNG,2021-05-03,v8,TRUE
2021-03-19,infections,207.4,212.09,217.3,217.3,222.51,227.2,Surged Additional 50% Reduction,Mongolia,MNG,2021-05-03,v8,TRUE
2021-03-19,prevalence,1457.08,1488.98,1524.42,1524.42,1559.87,1591.77,Surged Additional 50% Reduction,Mongolia,MNG,2021-05-03,v8,TRUE
2021-03-19,cumulative_infections,2669.3,2738.28,2814.93,2814.93,2891.58,2960.56,Surged Additional 50% Reduction,Mongolia,MNG,2021-05-03,v8,TRUE
2021-03-19,cumulative_deaths,3.32,3.42,3.53,3.53,3.64,3.75,Surged Additional 50% Reduction,Mongolia,MNG,2021-05-03,v8,TRUE
2021-03-19,Rt,1.72,1.72,1.72,1.72,1.73,1.73,Surged Additional 50% Reduction,Mongolia,MNG,2021-05-03,v8,TRUE
2021-03-19,Reff,1.69,1.7,1.7,1.7,1.71,1.71,Surged Additional 50% Reduction,Mongolia,MNG,2021-05-03,v8,TRUE
2021-03-19,deaths,0.17,0.18,0.18,0.18,0.18,0.19,Surged Maintain Status Quo,Mongolia,MNG,2021-05-03,v8,TRUE
2021-03-19,hospital_demand,8.95,9.15,9.36,9.36,9.57,9.77,Surged Maintain Status Quo,Mongolia,MNG,2021-05-03,v8,TRUE
2021-03-19,ICU_demand,3.07,3.14,3.21,3.21,3.28,3.35,Surged Maintain Status Quo,Mongolia,MNG,2021-05-03,v8,TRUE
2021-03-19,infections,207.4,212.09,217.3,217.3,222.51,227.2,Surged Maintain Status Quo,Mongolia,MNG,2021-05-03,v8,TRUE
2021-03-19,prevalence,1457.08,1488.98,1524.42,1524.42,1559.87,1591.77,Surged Maintain Status Quo,Mongolia,MNG,2021-05-03,v8,TRUE
2021-03-19,cumulative_infections,2669.3,2738.28,2814.93,2814.93,2891.58,2960.56,Surged Maintain Status Quo,Mongolia,MNG,2021-05-03,v8,TRUE
2021-03-19,cumulative_deaths,3.32,3.42,3.53,3.53,3.64,3.75,Surged Maintain Status Quo,Mongolia,MNG,2021-05-03,v8,TRUE
2021-03-19,Rt,1.72,1.72,1.72,1.72,1.73,1.73,Surged Maintain Status Quo,Mongolia,MNG,2021-05-03,v8,TRUE
2021-03-19,Reff,1.69,1.7,1.7,1.7,1.71,1.71,Surged Maintain Status Quo,Mongolia,MNG,2021-05-03,v8,TRUE
2021-03-19,deaths,0.17,0.18,0.18,0.18,0.18,0.19,Surged Relax Interventions 50%,Mongolia,MNG,2021-05-03,v8,TRUE
2021-03-19,hospital_demand,8.95,9.15,9.36,9.36,9.57,9.77,Surged Relax Interventions 50%,Mongolia,MNG,2021-05-03,v8,TRUE
2021-03-19,ICU_demand,3.07,3.14,3.21,3.21,3.28,3.35,Surged Relax Interventions 50%,Mongolia,MNG,2021-05-03,v8,TRUE
2021-03-19,infections,207.4,212.09,217.3,217.3,222.51,227.2,Surged Relax Interventions 50%,Mongolia,MNG,2021-05-03,v8,TRUE
2021-03-19,prevalence,1457.08,1488.98,1524.42,1524.42,1559.87,1591.77,Surged Relax Interventions 50%,Mongolia,MNG,2021-05-03,v8,TRUE
2021-03-19,cumulative_infections,2669.3,2738.28,2814.93,2814.93,2891.58,2960.56,Surged Relax Interventions 50%,Mongolia,MNG,2021-05-03,v8,TRUE
2021-03-19,cumulative_deaths,3.32,3.42,3.53,3.53,3.64,3.75,Surged Relax Interventions 50%,Mongolia,MNG,2021-05-03,v8,TRUE
2021-03-19,Rt,1.72,1.72,1.72,1.72,1.73,1.73,Surged Relax Interventions 50%,Mongolia,MNG,2021-05-03,v8,TRUE
2021-03-19,Reff,1.69,1.7,1.7,1.7,1.71,1.71,Surged Relax Interventions 50%,Mongolia,MNG,2021-05-03,v8,TRUE
2021-03-20,deaths,0.19,0.19,0.2,0.2,0.2,0.21,Additional 50% Reduction,Mongolia,MNG,2021-05-03,v8,TRUE
2021-03-20,hospital_demand,9.85,10.07,10.31,10.31,10.55,10.77,Additional 50% Reduction,Mongolia,MNG,2021-05-03,v8,TRUE
2021-03-20,ICU_demand,3.38,3.45,3.53,3.53,3.61,3.68,Additional 50% Reduction,Mongolia,MNG,2021-05-03,v8,TRUE
2021-03-20,infections,230.27,235.26,240.8,240.8,246.35,251.33,Additional 50% Reduction,Mongolia,MNG,2021-05-03,v8,TRUE
2021-03-20,prevalence,1585.31,1619.48,1657.45,1657.45,1695.42,1729.59,Additional 50% Reduction,Mongolia,MNG,2021-05-03,v8,TRUE
2021-03-20,cumulative_infections,2899.57,2973.54,3055.73,3055.73,3137.92,3211.89,Additional 50% Reduction,Mongolia,MNG,2021-05-03,v8,TRUE
2021-03-20,cumulative_deaths,3.51,3.61,3.73,3.73,3.85,3.95,Additional 50% Reduction,Mongolia,MNG,2021-05-03,v8,TRUE
2021-03-20,Rt,2.15,2.16,2.18,2.18,2.2,2.21,Additional 50% Reduction,Mongolia,MNG,2021-05-03,v8,TRUE
2021-03-20,Reff,2.13,2.14,2.16,2.16,2.17,2.19,Additional 50% Reduction,Mongolia,MNG,2021-05-03,v8,TRUE
2021-03-20,deaths,0.19,0.19,0.2,0.2,0.2,0.21,Maintain Status Quo,Mongolia,MNG,2021-05-03,v8,TRUE
2021-03-20,hospital_demand,9.85,10.07,10.31,10.31,10.55,10.77,Maintain Status Quo,Mongolia,MNG,2021-05-03,v8,TRUE
2021-03-20,ICU_demand,3.38,3.45,3.53,3.53,3.61,3.68,Maintain Status Quo,Mongolia,MNG,2021-05-03,v8,TRUE
2021-03-20,infections,230.27,235.26,240.8,240.8,246.35,251.33,Maintain Status Quo,Mongolia,MNG,2021-05-03,v8,TRUE
2021-03-20,prevalence,1585.31,1619.48,1657.45,1657.45,1695.42,1729.59,Maintain Status Quo,Mongolia,MNG,2021-05-03,v8,TRUE
2021-03-20,cumulative_infections,2899.57,2973.54,3055.73,3055.73,3137.92,3211.89,Maintain Status Quo,Mongolia,MNG,2021-05-03,v8,TRUE
2021-03-20,cumulative_deaths,3.51,3.61,3.73,3.73,3.85,3.95,Maintain Status Quo,Mongolia,MNG,2021-05-03,v8,TRUE
2021-03-20,Rt,2.15,2.16,2.18,2.18,2.2,2.21,Maintain Status Quo,Mongolia,MNG,2021-05-03,v8,TRUE
2021-03-20,Reff,2.13,2.14,2.16,2.16,2.17,2.19,Maintain Status Quo,Mongolia,MNG,2021-05-03,v8,TRUE
2021-03-20,deaths,0.19,0.19,0.2,0.2,0.2,0.21,Relax Interventions 50%,Mongolia,MNG,2021-05-03,v8,TRUE
2021-03-20,hospital_demand,9.85,10.07,10.31,10.31,10.55,10.77,Relax Interventions 50%,Mongolia,MNG,2021-05-03,v8,TRUE
2021-03-20,ICU_demand,3.38,3.45,3.53,3.53,3.61,3.68,Relax Interventions 50%,Mongolia,MNG,2021-05-03,v8,TRUE
2021-03-20,infections,230.27,235.26,240.8,240.8,246.35,251.33,Relax Interventions 50%,Mongolia,MNG,2021-05-03,v8,TRUE
2021-03-20,prevalence,1585.31,1619.48,1657.45,1657.45,1695.42,1729.59,Relax Interventions 50%,Mongolia,MNG,2021-05-03,v8,TRUE
2021-03-20,cumulative_infections,2899.57,2973.54,3055.73,3055.73,3137.92,3211.89,Relax Interventions 50%,Mongolia,MNG,2021-05-03,v8,TRUE
2021-03-20,cumulative_deaths,3.51,3.61,3.73,3.73,3.85,3.95,Relax Interventions 50%,Mongolia,MNG,2021-05-03,v8,TRUE
2021-03-20,Rt,2.15,2.16,2.18,2.18,2.2,2.21,Relax Interventions 50%,Mongolia,MNG,2021-05-03,v8,TRUE
2021-03-20,Reff,2.13,2.14,2.16,2.16,2.17,2.19,Relax Interventions 50%,Mongolia,MNG,2021-05-03,v8,TRUE
2021-03-20,deaths,0.19,0.19,0.2,0.2,0.2,0.21,Surged Additional 50% Reduction,Mongolia,MNG,2021-05-03,v8,TRUE
2021-03-20,hospital_demand,9.85,10.07,10.31,10.31,10.55,10.77,Surged Additional 50% Reduction,Mongolia,MNG,2021-05-03,v8,TRUE
2021-03-20,ICU_demand,3.38,3.45,3.53,3.53,3.61,3.68,Surged Additional 50% Reduction,Mongolia,MNG,2021-05-03,v8,TRUE
2021-03-20,infections,230.27,235.26,240.8,240.8,246.35,251.33,Surged Additional 50% Reduction,Mongolia,MNG,2021-05-03,v8,TRUE
2021-03-20,prevalence,1585.31,1619.48,1657.45,1657.45,1695.42,1729.59,Surged Additional 50% Reduction,Mongolia,MNG,2021-05-03,v8,TRUE
2021-03-20,cumulative_infections,2899.57,2973.54,3055.73,3055.73,3137.92,3211.89,Surged Additional 50% Reduction,Mongolia,MNG,2021-05-03,v8,TRUE
2021-03-20,cumulative_deaths,3.51,3.61,3.73,3.73,3.85,3.95,Surged Additional 50% Reduction,Mongolia,MNG,2021-05-03,v8,TRUE
2021-03-20,Rt,2.15,2.16,2.18,2.18,2.2,2.21,Surged Additional 50% Reduction,Mongolia,MNG,2021-05-03,v8,TRUE
2021-03-20,Reff,2.12,2.13,2.14,2.14,2.16,2.17,Surged Additional 50% Reduction,Mongolia,MNG,2021-05-03,v8,TRUE
2021-03-20,deaths,0.19,0.19,0.2,0.2,0.2,0.21,Surged Maintain Status Quo,Mongolia,MNG,2021-05-03,v8,TRUE
2021-03-20,hospital_demand,9.85,10.07,10.31,10.31,10.55,10.77,Surged Maintain Status Quo,Mongolia,MNG,2021-05-03,v8,TRUE
2021-03-20,ICU_demand,3.38,3.45,3.53,3.53,3.61,3.68,Surged Maintain Status Quo,Mongolia,MNG,2021-05-03,v8,TRUE
2021-03-20,infections,230.27,235.26,240.8,240.8,246.35,251.33,Surged Maintain Status Quo,Mongolia,MNG,2021-05-03,v8,TRUE
2021-03-20,prevalence,1585.31,1619.48,1657.45,1657.45,1695.42,1729.59,Surged Maintain Status Quo,Mongolia,MNG,2021-05-03,v8,TRUE
2021-03-20,cumulative_infections,2899.57,2973.54,3055.73,3055.73,3137.92,3211.89,Surged Maintain Status Quo,Mongolia,MNG,2021-05-03,v8,TRUE
2021-03-20,cumulative_deaths,3.51,3.61,3.73,3.73,3.85,3.95,Surged Maintain Status Quo,Mongolia,MNG,2021-05-03,v8,TRUE
2021-03-20,Rt,2.15,2.16,2.18,2.18,2.2,2.21,Surged Maintain Status Quo,Mongolia,MNG,2021-05-03,v8,TRUE
2021-03-20,Reff,2.12,2.13,2.14,2.14,2.16,2.17,Surged Maintain Status Quo,Mongolia,MNG,2021-05-03,v8,TRUE
2021-03-20,deaths,0.19,0.19,0.2,0.2,0.2,0.21,Surged Relax Interventions 50%,Mongolia,MNG,2021-05-03,v8,TRUE
2021-03-20,hospital_demand,9.85,10.07,10.31,10.31,10.55,10.77,Surged Relax Interventions 50%,Mongolia,MNG,2021-05-03,v8,TRUE
2021-03-20,ICU_demand,3.38,3.45,3.53,3.53,3.61,3.68,Surged Relax Interventions 50%,Mongolia,MNG,2021-05-03,v8,TRUE
2021-03-20,infections,230.27,235.26,240.8,240.8,246.35,251.33,Surged Relax Interventions 50%,Mongolia,MNG,2021-05-03,v8,TRUE
2021-03-20,prevalence,1585.31,1619.48,1657.45,1657.45,1695.42,1729.59,Surged Relax Interventions 50%,Mongolia,MNG,2021-05-03,v8,TRUE
2021-03-20,cumulative_infections,2899.57,2973.54,3055.73,3055.73,3137.92,3211.89,Surged Relax Interventions 50%,Mongolia,MNG,2021-05-03,v8,TRUE
2021-03-20,cumulative_deaths,3.51,3.61,3.73,3.73,3.85,3.95,Surged Relax Interventions 50%,Mongolia,MNG,2021-05-03,v8,TRUE
2021-03-20,Rt,2.15,2.16,2.18,2.18,2.2,2.21,Surged Relax Interventions 50%,Mongolia,MNG,2021-05-03,v8,TRUE
2021-03-20,Reff,2.12,2.13,2.14,2.14,2.16,2.17,Surged Relax Interventions 50%,Mongolia,MNG,2021-05-03,v8,TRUE
2021-03-21,deaths,0.21,0.21,0.22,0.22,0.22,0.23,Additional 50% Reduction,Mongolia,MNG,2021-05-03,v8,TRUE
2021-03-21,hospital_demand,10.85,11.1,11.37,11.37,11.64,11.88,Additional 50% Reduction,Mongolia,MNG,2021-05-03,v8,TRUE
2021-03-21,ICU_demand,3.71,3.8,3.89,3.89,3.98,4.06,Additional 50% Reduction,Mongolia,MNG,2021-05-03,v8,TRUE
2021-03-21,infections,257.96,263.28,269.19,269.19,275.1,280.42,Additional 50% Reduction,Mongolia,MNG,2021-05-03,v8,TRUE
2021-03-21,prevalence,1820.31,1856.78,1897.3,1897.3,1937.82,1974.29,Additional 50% Reduction,Mongolia,MNG,2021-05-03,v8,TRUE
2021-03-21,cumulative_infections,3157.53,3236.82,3324.92,3324.92,3413.02,3492.31,Additional 50% Reduction,Mongolia,MNG,2021-05-03,v8,TRUE
2021-03-21,cumulative_deaths,3.72,3.83,3.95,3.95,4.07,4.18,Additional 50% Reduction,Mongolia,MNG,2021-05-03,v8,TRUE
2021-03-21,Rt,2.22,2.24,2.26,2.26,2.27,2.29,Additional 50% Reduction,Mongolia,MNG,2021-05-03,v8,TRUE
2021-03-21,Reff,2.2,2.21,2.23,2.23,2.25,2.26,Additional 50% Reduction,Mongolia,MNG,2021-05-03,v8,TRUE
2021-03-21,deaths,0.21,0.21,0.22,0.22,0.22,0.23,Maintain Status Quo,Mongolia,MNG,2021-05-03,v8,TRUE
2021-03-21,hospital_demand,10.85,11.1,11.37,11.37,11.64,11.88,Maintain Status Quo,Mongolia,MNG,2021-05-03,v8,TRUE
2021-03-21,ICU_demand,3.71,3.8,3.89,3.89,3.98,4.06,Maintain Status Quo,Mongolia,MNG,2021-05-03,v8,TRUE
2021-03-21,infections,257.96,263.28,269.19,269.19,275.1,280.42,Maintain Status Quo,Mongolia,MNG,2021-05-03,v8,TRUE
2021-03-21,prevalence,1820.31,1856.78,1897.3,1897.3,1937.82,1974.29,Maintain Status Quo,Mongolia,MNG,2021-05-03,v8,TRUE
2021-03-21,cumulative_infections,3157.53,3236.82,3324.92,3324.92,3413.02,3492.31,Maintain Status Quo,Mongolia,MNG,2021-05-03,v8,TRUE
2021-03-21,cumulative_deaths,3.72,3.83,3.95,3.95,4.07,4.18,Maintain Status Quo,Mongolia,MNG,2021-05-03,v8,TRUE
2021-03-21,Rt,2.22,2.24,2.26,2.26,2.27,2.29,Maintain Status Quo,Mongolia,MNG,2021-05-03,v8,TRUE
2021-03-21,Reff,2.2,2.21,2.23,2.23,2.25,2.26,Maintain Status Quo,Mongolia,MNG,2021-05-03,v8,TRUE
2021-03-21,deaths,0.21,0.21,0.22,0.22,0.22,0.23,Relax Interventions 50%,Mongolia,MNG,2021-05-03,v8,TRUE
2021-03-21,hospital_demand,10.85,11.1,11.37,11.37,11.64,11.88,Relax Interventions 50%,Mongolia,MNG,2021-05-03,v8,TRUE
2021-03-21,ICU_demand,3.71,3.8,3.89,3.89,3.98,4.06,Relax Interventions 50%,Mongolia,MNG,2021-05-03,v8,TRUE
2021-03-21,infections,257.96,263.28,269.19,269.19,275.1,280.42,Relax Interventions 50%,Mongolia,MNG,2021-05-03,v8,TRUE
2021-03-21,prevalence,1820.31,1856.78,1897.3,1897.3,1937.82,1974.29,Relax Interventions 50%,Mongolia,MNG,2021-05-03,v8,TRUE
2021-03-21,cumulative_infections,3157.53,3236.82,3324.92,3324.92,3413.02,3492.31,Relax Interventions 50%,Mongolia,MNG,2021-05-03,v8,TRUE
2021-03-21,cumulative_deaths,3.72,3.83,3.95,3.95,4.07,4.18,Relax Interventions 50%,Mongolia,MNG,2021-05-03,v8,TRUE
2021-03-21,Rt,2.22,2.24,2.26,2.26,2.27,2.29,Relax Interventions 50%,Mongolia,MNG,2021-05-03,v8,TRUE
2021-03-21,Reff,2.2,2.21,2.23,2.23,2.25,2.26,Relax Interventions 50%,Mongolia,MNG,2021-05-03,v8,TRUE
2021-03-21,deaths,0.21,0.21,0.22,0.22,0.22,0.23,Surged Additional 50% Reduction,Mongolia,MNG,2021-05-03,v8,TRUE
2021-03-21,hospital_demand,10.85,11.1,11.37,11.37,11.64,11.88,Surged Additional 50% Reduction,Mongolia,MNG,2021-05-03,v8,TRUE
2021-03-21,ICU_demand,3.71,3.8,3.89,3.89,3.98,4.06,Surged Additional 50% Reduction,Mongolia,MNG,2021-05-03,v8,TRUE
2021-03-21,infections,257.96,263.28,269.19,269.19,275.1,280.42,Surged Additional 50% Reduction,Mongolia,MNG,2021-05-03,v8,TRUE
2021-03-21,prevalence,1820.31,1856.78,1897.3,1897.3,1937.82,1974.29,Surged Additional 50% Reduction,Mongolia,MNG,2021-05-03,v8,TRUE
2021-03-21,cumulative_infections,3157.53,3236.82,3324.92,3324.92,3413.02,3492.31,Surged Additional 50% Reduction,Mongolia,MNG,2021-05-03,v8,TRUE
2021-03-21,cumulative_deaths,3.72,3.83,3.95,3.95,4.07,4.18,Surged Additional 50% Reduction,Mongolia,MNG,2021-05-03,v8,TRUE
2021-03-21,Rt,2.22,2.24,2.26,2.26,2.27,2.29,Surged Additional 50% Reduction,Mongolia,MNG,2021-05-03,v8,TRUE
2021-03-21,Reff,2.18,2.2,2.21,2.21,2.23,2.25,Surged Additional 50% Reduction,Mongolia,MNG,2021-05-03,v8,TRUE
2021-03-21,deaths,0.21,0.21,0.22,0.22,0.22,0.23,Surged Maintain Status Quo,Mongolia,MNG,2021-05-03,v8,TRUE
2021-03-21,hospital_demand,10.85,11.1,11.37,11.37,11.64,11.88,Surged Maintain Status Quo,Mongolia,MNG,2021-05-03,v8,TRUE
2021-03-21,ICU_demand,3.71,3.8,3.89,3.89,3.98,4.06,Surged Maintain Status Quo,Mongolia,MNG,2021-05-03,v8,TRUE
2021-03-21,infections,257.96,263.28,269.19,269.19,275.1,280.42,Surged Maintain Status Quo,Mongolia,MNG,2021-05-03,v8,TRUE
2021-03-21,prevalence,1820.31,1856.78,1897.3,1897.3,1937.82,1974.29,Surged Maintain Status Quo,Mongolia,MNG,2021-05-03,v8,TRUE
2021-03-21,cumulative_infections,3157.53,3236.82,3324.92,3324.92,3413.02,3492.31,Surged Maintain Status Quo,Mongolia,MNG,2021-05-03,v8,TRUE
2021-03-21,cumulative_deaths,3.72,3.83,3.95,3.95,4.07,4.18,Surged Maintain Status Quo,Mongolia,MNG,2021-05-03,v8,TRUE
2021-03-21,Rt,2.22,2.24,2.26,2.26,2.27,2.29,Surged Maintain Status Quo,Mongolia,MNG,2021-05-03,v8,TRUE
2021-03-21,Reff,2.18,2.2,2.21,2.21,2.23,2.25,Surged Maintain Status Quo,Mongolia,MNG,2021-05-03,v8,TRUE
2021-03-21,deaths,0.21,0.21,0.22,0.22,0.22,0.23,Surged Relax Interventions 50%,Mongolia,MNG,2021-05-03,v8,TRUE
2021-03-21,hospital_demand,10.85,11.1,11.37,11.37,11.64,11.88,Surged Relax Interventions 50%,Mongolia,MNG,2021-05-03,v8,TRUE
2021-03-21,ICU_demand,3.71,3.8,3.89,3.89,3.98,4.06,Surged Relax Interventions 50%,Mongolia,MNG,2021-05-03,v8,TRUE
2021-03-21,infections,257.96,263.28,269.19,269.19,275.1,280.42,Surged Relax Interventions 50%,Mongolia,MNG,2021-05-03,v8,TRUE
2021-03-21,prevalence,1820.31,1856.78,1897.3,1897.3,1937.82,1974.29,Surged Relax Interventions 50%,Mongolia,MNG,2021-05-03,v8,TRUE
2021-03-21,cumulative_infections,3157.53,3236.82,3324.92,3324.92,3413.02,3492.31,Surged Relax Interventions 50%,Mongolia,MNG,2021-05-03,v8,TRUE
2021-03-21,cumulative_deaths,3.72,3.83,3.95,3.95,4.07,4.18,Surged Relax Interventions 50%,Mongolia,MNG,2021-05-03,v8,TRUE
2021-03-21,Rt,2.22,2.24,2.26,2.26,2.27,2.29,Surged Relax Interventions 50%,Mongolia,MNG,2021-05-03,v8,TRUE
2021-03-21,Reff,2.18,2.2,2.21,2.21,2.23,2.25,Surged Relax Interventions 50%,Mongolia,MNG,2021-05-03,v8,TRUE
2021-03-22,deaths,0.23,0.23,0.24,0.24,0.25,0.25,Additional 50% Reduction,Mongolia,MNG,2021-05-03,v8,TRUE
2021-03-22,hospital_demand,11.98,12.25,12.55,12.55,12.85,13.12,Additional 50% Reduction,Mongolia,MNG,2021-05-03,v8,TRUE
2021-03-22,ICU_demand,4.09,4.18,4.28,4.28,4.38,4.47,Additional 50% Reduction,Mongolia,MNG,2021-05-03,v8,TRUE
2021-03-22,infections,295.79,301.45,307.74,307.74,314.02,319.68,Additional 50% Reduction,Mongolia,MNG,2021-05-03,v8,TRUE
2021-03-22,prevalence,2099.8,2138.59,2181.69,2181.69,2224.8,2263.59,Additional 50% Reduction,Mongolia,MNG,2021-05-03,v8,TRUE
2021-03-22,cumulative_infections,3453.33,3538.27,3632.66,3632.66,3727.04,3811.99,Additional 50% Reduction,Mongolia,MNG,2021-05-03,v8,TRUE
2021-03-22,cumulative_deaths,3.95,4.06,4.19,4.19,4.32,4.43,Additional 50% Reduction,Mongolia,MNG,2021-05-03,v8,TRUE
2021-03-22,Rt,2.05,2.06,2.07,2.07,2.08,2.1,Additional 50% Reduction,Mongolia,MNG,2021-05-03,v8,TRUE
2021-03-22,Reff,2.02,2.03,2.04,2.04,2.05,2.06,Additional 50% Reduction,Mongolia,MNG,2021-05-03,v8,TRUE
2021-03-22,deaths,0.23,0.23,0.24,0.24,0.25,0.25,Maintain Status Quo,Mongolia,MNG,2021-05-03,v8,TRUE
2021-03-22,hospital_demand,11.98,12.25,12.55,12.55,12.85,13.12,Maintain Status Quo,Mongolia,MNG,2021-05-03,v8,TRUE
2021-03-22,ICU_demand,4.09,4.18,4.28,4.28,4.38,4.47,Maintain Status Quo,Mongolia,MNG,2021-05-03,v8,TRUE
2021-03-22,infections,295.79,301.45,307.74,307.74,314.02,319.68,Maintain Status Quo,Mongolia,MNG,2021-05-03,v8,TRUE
2021-03-22,prevalence,2099.8,2138.59,2181.69,2181.69,2224.8,2263.59,Maintain Status Quo,Mongolia,MNG,2021-05-03,v8,TRUE
2021-03-22,cumulative_infections,3453.33,3538.27,3632.66,3632.66,3727.04,3811.99,Maintain Status Quo,Mongolia,MNG,2021-05-03,v8,TRUE
2021-03-22,cumulative_deaths,3.95,4.06,4.19,4.19,4.32,4.43,Maintain Status Quo,Mongolia,MNG,2021-05-03,v8,TRUE
2021-03-22,Rt,2.05,2.06,2.07,2.07,2.08,2.1,Maintain Status Quo,Mongolia,MNG,2021-05-03,v8,TRUE
2021-03-22,Reff,2.02,2.03,2.04,2.04,2.05,2.06,Maintain Status Quo,Mongolia,MNG,2021-05-03,v8,TRUE
2021-03-22,deaths,0.23,0.23,0.24,0.24,0.25,0.25,Relax Interventions 50%,Mongolia,MNG,2021-05-03,v8,TRUE
2021-03-22,hospital_demand,11.98,12.25,12.55,12.55,12.85,13.12,Relax Interventions 50%,Mongolia,MNG,2021-05-03,v8,TRUE
2021-03-22,ICU_demand,4.09,4.18,4.28,4.28,4.38,4.47,Relax Interventions 50%,Mongolia,MNG,2021-05-03,v8,TRUE
2021-03-22,infections,295.79,301.45,307.74,307.74,314.02,319.68,Relax Interventions 50%,Mongolia,MNG,2021-05-03,v8,TRUE
2021-03-22,prevalence,2099.8,2138.59,2181.69,2181.69,2224.8,2263.59,Relax Interventions 50%,Mongolia,MNG,2021-05-03,v8,TRUE
2021-03-22,cumulative_infections,3453.33,3538.27,3632.66,3632.66,3727.04,3811.99,Relax Interventions 50%,Mongolia,MNG,2021-05-03,v8,TRUE
2021-03-22,cumulative_deaths,3.95,4.06,4.19,4.19,4.32,4.43,Relax Interventions 50%,Mongolia,MNG,2021-05-03,v8,TRUE
2021-03-22,Rt,2.05,2.06,2.07,2.07,2.08,2.1,Relax Interventions 50%,Mongolia,MNG,2021-05-03,v8,TRUE
2021-03-22,Reff,2.02,2.03,2.04,2.04,2.05,2.06,Relax Interventions 50%,Mongolia,MNG,2021-05-03,v8,TRUE
2021-03-22,deaths,0.23,0.23,0.24,0.24,0.25,0.25,Surged Additional 50% Reduction,Mongolia,MNG,2021-05-03,v8,TRUE
2021-03-22,hospital_demand,11.98,12.25,12.55,12.55,12.85,13.12,Surged Additional 50% Reduction,Mongolia,MNG,2021-05-03,v8,TRUE
2021-03-22,ICU_demand,4.09,4.18,4.28,4.28,4.38,4.47,Surged Additional 50% Reduction,Mongolia,MNG,2021-05-03,v8,TRUE
2021-03-22,infections,295.79,301.45,307.74,307.74,314.02,319.68,Surged Additional 50% Reduction,Mongolia,MNG,2021-05-03,v8,TRUE
2021-03-22,prevalence,2099.8,2138.59,2181.69,2181.69,2224.8,2263.59,Surged Additional 50% Reduction,Mongolia,MNG,2021-05-03,v8,TRUE
2021-03-22,cumulative_infections,3453.33,3538.27,3632.66,3632.66,3727.04,3811.99,Surged Additional 50% Reduction,Mongolia,MNG,2021-05-03,v8,TRUE
2021-03-22,cumulative_deaths,3.95,4.06,4.19,4.19,4.32,4.43,Surged Additional 50% Reduction,Mongolia,MNG,2021-05-03,v8,TRUE
2021-03-22,Rt,2.05,2.06,2.07,2.07,2.08,2.1,Surged Additional 50% Reduction,Mongolia,MNG,2021-05-03,v8,TRUE
2021-03-22,Reff,2,2.01,2.03,2.03,2.04,2.05,Surged Additional 50% Reduction,Mongolia,MNG,2021-05-03,v8,TRUE
2021-03-22,deaths,0.23,0.23,0.24,0.24,0.25,0.25,Surged Maintain Status Quo,Mongolia,MNG,2021-05-03,v8,TRUE
2021-03-22,hospital_demand,11.98,12.25,12.55,12.55,12.85,13.12,Surged Maintain Status Quo,Mongolia,MNG,2021-05-03,v8,TRUE
2021-03-22,ICU_demand,4.09,4.18,4.28,4.28,4.38,4.47,Surged Maintain Status Quo,Mongolia,MNG,2021-05-03,v8,TRUE
2021-03-22,infections,295.79,301.45,307.74,307.74,314.02,319.68,Surged Maintain Status Quo,Mongolia,MNG,2021-05-03,v8,TRUE
2021-03-22,prevalence,2099.8,2138.59,2181.69,2181.69,2224.8,2263.59,Surged Maintain Status Quo,Mongolia,MNG,2021-05-03,v8,TRUE
2021-03-22,cumulative_infections,3453.33,3538.27,3632.66,3632.66,3727.04,3811.99,Surged Maintain Status Quo,Mongolia,MNG,2021-05-03,v8,TRUE
2021-03-22,cumulative_deaths,3.95,4.06,4.19,4.19,4.32,4.43,Surged Maintain Status Quo,Mongolia,MNG,2021-05-03,v8,TRUE
2021-03-22,Rt,2.05,2.06,2.07,2.07,2.08,2.1,Surged Maintain Status Quo,Mongolia,MNG,2021-05-03,v8,TRUE
2021-03-22,Reff,2,2.01,2.03,2.03,2.04,2.05,Surged Maintain Status Quo,Mongolia,MNG,2021-05-03,v8,TRUE
2021-03-22,deaths,0.23,0.23,0.24,0.24,0.25,0.25,Surged Relax Interventions 50%,Mongolia,MNG,2021-05-03,v8,TRUE
2021-03-22,hospital_demand,11.98,12.25,12.55,12.55,12.85,13.12,Surged Relax Interventions 50%,Mongolia,MNG,2021-05-03,v8,TRUE
2021-03-22,ICU_demand,4.09,4.18,4.28,4.28,4.38,4.47,Surged Relax Interventions 50%,Mongolia,MNG,2021-05-03,v8,TRUE
2021-03-22,infections,295.79,301.45,307.74,307.74,314.02,319.68,Surged Relax Interventions 50%,Mongolia,MNG,2021-05-03,v8,TRUE
2021-03-22,prevalence,2099.8,2138.59,2181.69,2181.69,2224.8,2263.59,Surged Relax Interventions 50%,Mongolia,MNG,2021-05-03,v8,TRUE
2021-03-22,cumulative_infections,3453.33,3538.27,3632.66,3632.66,3727.04,3811.99,Surged Relax Interventions 50%,Mongolia,MNG,2021-05-03,v8,TRUE
2021-03-22,cumulative_deaths,3.95,4.06,4.19,4.19,4.32,4.43,Surged Relax Interventions 50%,Mongolia,MNG,2021-05-03,v8,TRUE
2021-03-22,Rt,2.05,2.06,2.07,2.07,2.08,2.1,Surged Relax Interventions 50%,Mongolia,MNG,2021-05-03,v8,TRUE
2021-03-22,Reff,2,2.01,2.03,2.03,2.04,2.05,Surged Relax Interventions 50%,Mongolia,MNG,2021-05-03,v8,TRUE
2021-03-23,deaths,0.25,0.26,0.26,0.26,0.27,0.28,Additional 50% Reduction,Mongolia,MNG,2021-05-03,v8,TRUE
2021-03-23,hospital_demand,13.25,13.55,13.88,13.88,14.21,14.51,Additional 50% Reduction,Mongolia,MNG,2021-05-03,v8,TRUE
2021-03-23,ICU_demand,4.52,4.62,4.73,4.73,4.84,4.94,Additional 50% Reduction,Mongolia,MNG,2021-05-03,v8,TRUE
2021-03-23,infections,337.98,343.98,350.65,350.65,357.32,363.32,Additional 50% Reduction,Mongolia,MNG,2021-05-03,v8,TRUE
2021-03-23,prevalence,2366.78,2407.92,2453.63,2453.63,2499.34,2540.48,Additional 50% Reduction,Mongolia,MNG,2021-05-03,v8,TRUE
2021-03-23,cumulative_infections,3791.31,3882.26,3983.31,3983.31,4084.36,4175.31,Additional 50% Reduction,Mongolia,MNG,2021-05-03,v8,TRUE
2021-03-23,cumulative_deaths,4.2,4.32,4.45,4.45,4.59,4.71,Additional 50% Reduction,Mongolia,MNG,2021-05-03,v8,TRUE
2021-03-23,Rt,2.06,2.07,2.08,2.08,2.09,2.11,Additional 50% Reduction,Mongolia,MNG,2021-05-03,v8,TRUE
2021-03-23,Reff,2.02,2.03,2.05,2.05,2.06,2.07,Additional 50% Reduction,Mongolia,MNG,2021-05-03,v8,TRUE
2021-03-23,deaths,0.25,0.26,0.26,0.26,0.27,0.28,Maintain Status Quo,Mongolia,MNG,2021-05-03,v8,TRUE
2021-03-23,hospital_demand,13.25,13.55,13.88,13.88,14.21,14.51,Maintain Status Quo,Mongolia,MNG,2021-05-03,v8,TRUE
2021-03-23,ICU_demand,4.52,4.62,4.73,4.73,4.84,4.94,Maintain Status Quo,Mongolia,MNG,2021-05-03,v8,TRUE
2021-03-23,infections,337.98,343.98,350.65,350.65,357.32,363.32,Maintain Status Quo,Mongolia,MNG,2021-05-03,v8,TRUE
2021-03-23,prevalence,2366.78,2407.92,2453.63,2453.63,2499.34,2540.48,Maintain Status Quo,Mongolia,MNG,2021-05-03,v8,TRUE
2021-03-23,cumulative_infections,3791.31,3882.26,3983.31,3983.31,4084.36,4175.31,Maintain Status Quo,Mongolia,MNG,2021-05-03,v8,TRUE
2021-03-23,cumulative_deaths,4.2,4.32,4.45,4.45,4.59,4.71,Maintain Status Quo,Mongolia,MNG,2021-05-03,v8,TRUE
2021-03-23,Rt,2.06,2.07,2.08,2.08,2.09,2.11,Maintain Status Quo,Mongolia,MNG,2021-05-03,v8,TRUE
2021-03-23,Reff,2.02,2.03,2.05,2.05,2.06,2.07,Maintain Status Quo,Mongolia,MNG,2021-05-03,v8,TRUE
2021-03-23,deaths,0.25,0.26,0.26,0.26,0.27,0.28,Relax Interventions 50%,Mongolia,MNG,2021-05-03,v8,TRUE
2021-03-23,hospital_demand,13.25,13.55,13.88,13.88,14.21,14.51,Relax Interventions 50%,Mongolia,MNG,2021-05-03,v8,TRUE
2021-03-23,ICU_demand,4.52,4.62,4.73,4.73,4.84,4.94,Relax Interventions 50%,Mongolia,MNG,2021-05-03,v8,TRUE
2021-03-23,infections,337.98,343.98,350.65,350.65,357.32,363.32,Relax Interventions 50%,Mongolia,MNG,2021-05-03,v8,TRUE
2021-03-23,prevalence,2366.78,2407.92,2453.63,2453.63,2499.34,2540.48,Relax Interventions 50%,Mongolia,MNG,2021-05-03,v8,TRUE
2021-03-23,cumulative_infections,3791.31,3882.26,3983.31,3983.31,4084.36,4175.31,Relax Interventions 50%,Mongolia,MNG,2021-05-03,v8,TRUE
2021-03-23,cumulative_deaths,4.2,4.32,4.45,4.45,4.59,4.71,Relax Interventions 50%,Mongolia,MNG,2021-05-03,v8,TRUE
2021-03-23,Rt,2.06,2.07,2.08,2.08,2.09,2.11,Relax Interventions 50%,Mongolia,MNG,2021-05-03,v8,TRUE
2021-03-23,Reff,2.02,2.03,2.05,2.05,2.06,2.07,Relax Interventions 50%,Mongolia,MNG,2021-05-03,v8,TRUE
2021-03-23,deaths,0.25,0.26,0.26,0.26,0.27,0.28,Surged Additional 50% Reduction,Mongolia,MNG,2021-05-03,v8,TRUE
2021-03-23,hospital_demand,13.25,13.55,13.88,13.88,14.21,14.51,Surged Additional 50% Reduction,Mongolia,MNG,2021-05-03,v8,TRUE
2021-03-23,ICU_demand,4.52,4.62,4.73,4.73,4.84,4.94,Surged Additional 50% Reduction,Mongolia,MNG,2021-05-03,v8,TRUE
2021-03-23,infections,337.98,343.98,350.65,350.65,357.32,363.32,Surged Additional 50% Reduction,Mongolia,MNG,2021-05-03,v8,TRUE
2021-03-23,prevalence,2366.78,2407.92,2453.63,2453.63,2499.34,2540.48,Surged Additional 50% Reduction,Mongolia,MNG,2021-05-03,v8,TRUE
2021-03-23,cumulative_infections,3791.31,3882.26,3983.31,3983.31,4084.36,4175.31,Surged Additional 50% Reduction,Mongolia,MNG,2021-05-03,v8,TRUE
2021-03-23,cumulative_deaths,4.2,4.32,4.45,4.45,4.59,4.71,Surged Additional 50% Reduction,Mongolia,MNG,2021-05-03,v8,TRUE
2021-03-23,Rt,2.06,2.07,2.08,2.08,2.09,2.11,Surged Additional 50% Reduction,Mongolia,MNG,2021-05-03,v8,TRUE
2021-03-23,Reff,2,2.02,2.03,2.03,2.04,2.05,Surged Additional 50% Reduction,Mongolia,MNG,2021-05-03,v8,TRUE
2021-03-23,deaths,0.25,0.26,0.26,0.26,0.27,0.28,Surged Maintain Status Quo,Mongolia,MNG,2021-05-03,v8,TRUE
2021-03-23,hospital_demand,13.25,13.55,13.88,13.88,14.21,14.51,Surged Maintain Status Quo,Mongolia,MNG,2021-05-03,v8,TRUE
2021-03-23,ICU_demand,4.52,4.62,4.73,4.73,4.84,4.94,Surged Maintain Status Quo,Mongolia,MNG,2021-05-03,v8,TRUE
2021-03-23,infections,337.98,343.98,350.65,350.65,357.32,363.32,Surged Maintain Status Quo,Mongolia,MNG,2021-05-03,v8,TRUE
2021-03-23,prevalence,2366.78,2407.92,2453.63,2453.63,2499.34,2540.48,Surged Maintain Status Quo,Mongolia,MNG,2021-05-03,v8,TRUE
2021-03-23,cumulative_infections,3791.31,3882.26,3983.31,3983.31,4084.36,4175.31,Surged Maintain Status Quo,Mongolia,MNG,2021-05-03,v8,TRUE
2021-03-23,cumulative_deaths,4.2,4.32,4.45,4.45,4.59,4.71,Surged Maintain Status Quo,Mongolia,MNG,2021-05-03,v8,TRUE
2021-03-23,Rt,2.06,2.07,2.08,2.08,2.09,2.11,Surged Maintain Status Quo,Mongolia,MNG,2021-05-03,v8,TRUE
2021-03-23,Reff,2,2.02,2.03,2.03,2.04,2.05,Surged Maintain Status Quo,Mongolia,MNG,2021-05-03,v8,TRUE
2021-03-23,deaths,0.25,0.26,0.26,0.26,0.27,0.28,Surged Relax Interventions 50%,Mongolia,MNG,2021-05-03,v8,TRUE
2021-03-23,hospital_demand,13.25,13.55,13.88,13.88,14.21,14.51,Surged Relax Interventions 50%,Mongolia,MNG,2021-05-03,v8,TRUE
2021-03-23,ICU_demand,4.52,4.62,4.73,4.73,4.84,4.94,Surged Relax Interventions 50%,Mongolia,MNG,2021-05-03,v8,TRUE
2021-03-23,infections,337.98,343.98,350.65,350.65,357.32,363.32,Surged Relax Interventions 50%,Mongolia,MNG,2021-05-03,v8,TRUE
2021-03-23,prevalence,2366.78,2407.92,2453.63,2453.63,2499.34,2540.48,Surged Relax Interventions 50%,Mongolia,MNG,2021-05-03,v8,TRUE
2021-03-23,cumulative_infections,3791.31,3882.26,3983.31,3983.31,4084.36,4175.31,Surged Relax Interventions 50%,Mongolia,MNG,2021-05-03,v8,TRUE
2021-03-23,cumulative_deaths,4.2,4.32,4.45,4.45,4.59,4.71,Surged Relax Interventions 50%,Mongolia,MNG,2021-05-03,v8,TRUE
2021-03-23,Rt,2.06,2.07,2.08,2.08,2.09,2.11,Surged Relax Interventions 50%,Mongolia,MNG,2021-05-03,v8,TRUE
2021-03-23,Reff,2,2.02,2.03,2.03,2.04,2.05,Surged Relax Interventions 50%,Mongolia,MNG,2021-05-03,v8,TRUE
2021-03-24,deaths,0.28,0.29,0.29,0.29,0.3,0.31,Additional 50% Reduction,Mongolia,MNG,2021-05-03,v8,TRUE
2021-03-24,hospital_demand,14.69,15.02,15.38,15.38,15.75,16.07,Additional 50% Reduction,Mongolia,MNG,2021-05-03,v8,TRUE
2021-03-24,ICU_demand,5,5.11,5.24,5.24,5.36,5.47,Additional 50% Reduction,Mongolia,MNG,2021-05-03,v8,TRUE
2021-03-24,infections,382.61,388.96,396,396,403.05,409.39,Additional 50% Reduction,Mongolia,MNG,2021-05-03,v8,TRUE
2021-03-24,prevalence,2671.37,2714.76,2762.98,2762.98,2811.19,2854.59,Additional 50% Reduction,Mongolia,MNG,2021-05-03,v8,TRUE
2021-03-24,cumulative_infections,4173.92,4271.21,4379.31,4379.31,4487.42,4584.71,Additional 50% Reduction,Mongolia,MNG,2021-05-03,v8,TRUE
2021-03-24,cumulative_deaths,4.48,4.61,4.75,4.75,4.89,5.01,Additional 50% Reduction,Mongolia,MNG,2021-05-03,v8,TRUE
2021-03-24,Rt,2.02,2.03,2.04,2.04,2.05,2.06,Additional 50% Reduction,Mongolia,MNG,2021-05-03,v8,TRUE
2021-03-24,Reff,1.98,1.99,2,2,2.01,2.02,Additional 50% Reduction,Mongolia,MNG,2021-05-03,v8,TRUE
2021-03-24,deaths,0.28,0.29,0.29,0.29,0.3,0.31,Maintain Status Quo,Mongolia,MNG,2021-05-03,v8,TRUE
2021-03-24,hospital_demand,14.69,15.02,15.38,15.38,15.75,16.07,Maintain Status Quo,Mongolia,MNG,2021-05-03,v8,TRUE
2021-03-24,ICU_demand,5,5.11,5.24,5.24,5.36,5.47,Maintain Status Quo,Mongolia,MNG,2021-05-03,v8,TRUE
2021-03-24,infections,382.61,388.96,396,396,403.05,409.39,Maintain Status Quo,Mongolia,MNG,2021-05-03,v8,TRUE
2021-03-24,prevalence,2671.37,2714.76,2762.98,2762.98,2811.19,2854.59,Maintain Status Quo,Mongolia,MNG,2021-05-03,v8,TRUE
2021-03-24,cumulative_infections,4173.92,4271.21,4379.31,4379.31,4487.42,4584.71,Maintain Status Quo,Mongolia,MNG,2021-05-03,v8,TRUE
2021-03-24,cumulative_deaths,4.48,4.61,4.75,4.75,4.89,5.01,Maintain Status Quo,Mongolia,MNG,2021-05-03,v8,TRUE
2021-03-24,Rt,2.02,2.03,2.04,2.04,2.05,2.06,Maintain Status Quo,Mongolia,MNG,2021-05-03,v8,TRUE
2021-03-24,Reff,1.98,1.99,2,2,2.01,2.02,Maintain Status Quo,Mongolia,MNG,2021-05-03,v8,TRUE
2021-03-24,deaths,0.28,0.29,0.29,0.29,0.3,0.31,Relax Interventions 50%,Mongolia,MNG,2021-05-03,v8,TRUE
2021-03-24,hospital_demand,14.69,15.02,15.38,15.38,15.75,16.07,Relax Interventions 50%,Mongolia,MNG,2021-05-03,v8,TRUE
2021-03-24,ICU_demand,5,5.11,5.24,5.24,5.36,5.47,Relax Interventions 50%,Mongolia,MNG,2021-05-03,v8,TRUE
2021-03-24,infections,382.61,388.96,396,396,403.05,409.39,Relax Interventions 50%,Mongolia,MNG,2021-05-03,v8,TRUE
2021-03-24,prevalence,2671.37,2714.76,2762.98,2762.98,2811.19,2854.59,Relax Interventions 50%,Mongolia,MNG,2021-05-03,v8,TRUE
2021-03-24,cumulative_infections,4173.92,4271.21,4379.31,4379.31,4487.42,4584.71,Relax Interventions 50%,Mongolia,MNG,2021-05-03,v8,TRUE
2021-03-24,cumulative_deaths,4.48,4.61,4.75,4.75,4.89,5.01,Relax Interventions 50%,Mongolia,MNG,2021-05-03,v8,TRUE
2021-03-24,Rt,2.02,2.03,2.04,2.04,2.05,2.06,Relax Interventions 50%,Mongolia,MNG,2021-05-03,v8,TRUE
2021-03-24,Reff,1.98,1.99,2,2,2.01,2.02,Relax Interventions 50%,Mongolia,MNG,2021-05-03,v8,TRUE
2021-03-24,deaths,0.28,0.29,0.29,0.29,0.3,0.31,Surged Additional 50% Reduction,Mongolia,MNG,2021-05-03,v8,TRUE
2021-03-24,hospital_demand,14.69,15.02,15.38,15.38,15.75,16.07,Surged Additional 50% Reduction,Mongolia,MNG,2021-05-03,v8,TRUE
2021-03-24,ICU_demand,5,5.11,5.24,5.24,5.36,5.47,Surged Additional 50% Reduction,Mongolia,MNG,2021-05-03,v8,TRUE
2021-03-24,infections,382.61,388.96,396,396,403.05,409.39,Surged Additional 50% Reduction,Mongolia,MNG,2021-05-03,v8,TRUE
2021-03-24,prevalence,2671.37,2714.76,2762.98,2762.98,2811.19,2854.59,Surged Additional 50% Reduction,Mongolia,MNG,2021-05-03,v8,TRUE
2021-03-24,cumulative_infections,4173.92,4271.21,4379.31,4379.31,4487.42,4584.71,Surged Additional 50% Reduction,Mongolia,MNG,2021-05-03,v8,TRUE
2021-03-24,cumulative_deaths,4.48,4.61,4.75,4.75,4.89,5.01,Surged Additional 50% Reduction,Mongolia,MNG,2021-05-03,v8,TRUE
2021-03-24,Rt,2.02,2.03,2.04,2.04,2.05,2.06,Surged Additional 50% Reduction,Mongolia,MNG,2021-05-03,v8,TRUE
2021-03-24,Reff,1.96,1.97,1.98,1.98,1.99,2,Surged Additional 50% Reduction,Mongolia,MNG,2021-05-03,v8,TRUE
2021-03-24,deaths,0.28,0.29,0.29,0.29,0.3,0.31,Surged Maintain Status Quo,Mongolia,MNG,2021-05-03,v8,TRUE
2021-03-24,hospital_demand,14.69,15.02,15.38,15.38,15.75,16.07,Surged Maintain Status Quo,Mongolia,MNG,2021-05-03,v8,TRUE
2021-03-24,ICU_demand,5,5.11,5.24,5.24,5.36,5.47,Surged Maintain Status Quo,Mongolia,MNG,2021-05-03,v8,TRUE
2021-03-24,infections,382.61,388.96,396,396,403.05,409.39,Surged Maintain Status Quo,Mongolia,MNG,2021-05-03,v8,TRUE
2021-03-24,prevalence,2671.37,2714.76,2762.98,2762.98,2811.19,2854.59,Surged Maintain Status Quo,Mongolia,MNG,2021-05-03,v8,TRUE
2021-03-24,cumulative_infections,4173.92,4271.21,4379.31,4379.31,4487.42,4584.71,Surged Maintain Status Quo,Mongolia,MNG,2021-05-03,v8,TRUE
2021-03-24,cumulative_deaths,4.48,4.61,4.75,4.75,4.89,5.01,Surged Maintain Status Quo,Mongolia,MNG,2021-05-03,v8,TRUE
2021-03-24,Rt,2.02,2.03,2.04,2.04,2.05,2.06,Surged Maintain Status Quo,Mongolia,MNG,2021-05-03,v8,TRUE
2021-03-24,Reff,1.96,1.97,1.98,1.98,1.99,2,Surged Maintain Status Quo,Mongolia,MNG,2021-05-03,v8,TRUE
2021-03-24,deaths,0.28,0.29,0.29,0.29,0.3,0.31,Surged Relax Interventions 50%,Mongolia,MNG,2021-05-03,v8,TRUE
2021-03-24,hospital_demand,14.69,15.02,15.38,15.38,15.75,16.07,Surged Relax Interventions 50%,Mongolia,MNG,2021-05-03,v8,TRUE
2021-03-24,ICU_demand,5,5.11,5.24,5.24,5.36,5.47,Surged Relax Interventions 50%,Mongolia,MNG,2021-05-03,v8,TRUE
2021-03-24,infections,382.61,388.96,396,396,403.05,409.39,Surged Relax Interventions 50%,Mongolia,MNG,2021-05-03,v8,TRUE
2021-03-24,prevalence,2671.37,2714.76,2762.98,2762.98,2811.19,2854.59,Surged Relax Interventions 50%,Mongolia,MNG,2021-05-03,v8,TRUE
2021-03-24,cumulative_infections,4173.92,4271.21,4379.31,4379.31,4487.42,4584.71,Surged Relax Interventions 50%,Mongolia,MNG,2021-05-03,v8,TRUE
2021-03-24,cumulative_deaths,4.48,4.61,4.75,4.75,4.89,5.01,Surged Relax Interventions 50%,Mongolia,MNG,2021-05-03,v8,TRUE
2021-03-24,Rt,2.02,2.03,2.04,2.04,2.05,2.06,Surged Relax Interventions 50%,Mongolia,MNG,2021-05-03,v8,TRUE
2021-03-24,Reff,1.96,1.97,1.98,1.98,1.99,2,Surged Relax Interventions 50%,Mongolia,MNG,2021-05-03,v8,TRUE
2021-03-25,deaths,0.31,0.32,0.32,0.32,0.33,0.34,Additional 50% Reduction,Mongolia,MNG,2021-05-03,v8,TRUE
2021-03-25,hospital_demand,16.34,16.7,17.1,17.1,17.49,17.85,Additional 50% Reduction,Mongolia,MNG,2021-05-03,v8,TRUE
2021-03-25,ICU_demand,5.55,5.67,5.81,5.81,5.94,6.06,Additional 50% Reduction,Mongolia,MNG,2021-05-03,v8,TRUE
2021-03-25,infections,431.01,437.68,445.09,445.09,452.5,459.17,Additional 50% Reduction,Mongolia,MNG,2021-05-03,v8,TRUE
2021-03-25,prevalence,3001.02,3046.6,3097.24,3097.24,3147.89,3193.47,Additional 50% Reduction,Mongolia,MNG,2021-05-03,v8,TRUE
2021-03-25,cumulative_infections,4604.93,4708.89,4824.4,4824.4,4939.92,5043.88,Additional 50% Reduction,Mongolia,MNG,2021-05-03,v8,TRUE
2021-03-25,cumulative_deaths,4.79,4.92,5.07,5.07,5.22,5.35,Additional 50% Reduction,Mongolia,MNG,2021-05-03,v8,TRUE
2021-03-25,Rt,1.92,1.93,1.94,1.94,1.95,1.96,Additional 50% Reduction,Mongolia,MNG,2021-05-03,v8,TRUE
2021-03-25,Reff,1.88,1.89,1.9,1.9,1.91,1.92,Additional 50% Reduction,Mongolia,MNG,2021-05-03,v8,TRUE
2021-03-25,deaths,0.31,0.32,0.32,0.32,0.33,0.34,Maintain Status Quo,Mongolia,MNG,2021-05-03,v8,TRUE
2021-03-25,hospital_demand,16.34,16.7,17.1,17.1,17.49,17.85,Maintain Status Quo,Mongolia,MNG,2021-05-03,v8,TRUE
2021-03-25,ICU_demand,5.55,5.67,5.81,5.81,5.94,6.06,Maintain Status Quo,Mongolia,MNG,2021-05-03,v8,TRUE
2021-03-25,infections,431.01,437.68,445.09,445.09,452.5,459.17,Maintain Status Quo,Mongolia,MNG,2021-05-03,v8,TRUE
2021-03-25,prevalence,3001.02,3046.6,3097.24,3097.24,3147.89,3193.47,Maintain Status Quo,Mongolia,MNG,2021-05-03,v8,TRUE
2021-03-25,cumulative_infections,4604.93,4708.89,4824.4,4824.4,4939.92,5043.88,Maintain Status Quo,Mongolia,MNG,2021-05-03,v8,TRUE
2021-03-25,cumulative_deaths,4.79,4.92,5.07,5.07,5.22,5.35,Maintain Status Quo,Mongolia,MNG,2021-05-03,v8,TRUE
2021-03-25,Rt,1.92,1.93,1.94,1.94,1.95,1.96,Maintain Status Quo,Mongolia,MNG,2021-05-03,v8,TRUE
2021-03-25,Reff,1.88,1.89,1.9,1.9,1.91,1.92,Maintain Status Quo,Mongolia,MNG,2021-05-03,v8,TRUE
2021-03-25,deaths,0.31,0.32,0.32,0.32,0.33,0.34,Relax Interventions 50%,Mongolia,MNG,2021-05-03,v8,TRUE
2021-03-25,hospital_demand,16.34,16.7,17.1,17.1,17.49,17.85,Relax Interventions 50%,Mongolia,MNG,2021-05-03,v8,TRUE
2021-03-25,ICU_demand,5.55,5.67,5.81,5.81,5.94,6.06,Relax Interventions 50%,Mongolia,MNG,2021-05-03,v8,TRUE
2021-03-25,infections,431.01,437.68,445.09,445.09,452.5,459.17,Relax Interventions 50%,Mongolia,MNG,2021-05-03,v8,TRUE
2021-03-25,prevalence,3001.02,3046.6,3097.24,3097.24,3147.89,3193.47,Relax Interventions 50%,Mongolia,MNG,2021-05-03,v8,TRUE
2021-03-25,cumulative_infections,4604.93,4708.89,4824.4,4824.4,4939.92,5043.88,Relax Interventions 50%,Mongolia,MNG,2021-05-03,v8,TRUE
2021-03-25,cumulative_deaths,4.79,4.92,5.07,5.07,5.22,5.35,Relax Interventions 50%,Mongolia,MNG,2021-05-03,v8,TRUE
2021-03-25,Rt,1.92,1.93,1.94,1.94,1.95,1.96,Relax Interventions 50%,Mongolia,MNG,2021-05-03,v8,TRUE
2021-03-25,Reff,1.88,1.89,1.9,1.9,1.91,1.92,Relax Interventions 50%,Mongolia,MNG,2021-05-03,v8,TRUE
2021-03-25,deaths,0.31,0.32,0.32,0.32,0.33,0.34,Surged Additional 50% Reduction,Mongolia,MNG,2021-05-03,v8,TRUE
2021-03-25,hospital_demand,16.34,16.7,17.1,17.1,17.49,17.85,Surged Additional 50% Reduction,Mongolia,MNG,2021-05-03,v8,TRUE
2021-03-25,ICU_demand,5.55,5.67,5.81,5.81,5.94,6.06,Surged Additional 50% Reduction,Mongolia,MNG,2021-05-03,v8,TRUE
2021-03-25,infections,431.01,437.68,445.09,445.09,452.5,459.17,Surged Additional 50% Reduction,Mongolia,MNG,2021-05-03,v8,TRUE
2021-03-25,prevalence,3001.02,3046.6,3097.24,3097.24,3147.89,3193.47,Surged Additional 50% Reduction,Mongolia,MNG,2021-05-03,v8,TRUE
2021-03-25,cumulative_infections,4604.93,4708.89,4824.4,4824.4,4939.92,5043.88,Surged Additional 50% Reduction,Mongolia,MNG,2021-05-03,v8,TRUE
2021-03-25,cumulative_deaths,4.79,4.92,5.07,5.07,5.22,5.35,Surged Additional 50% Reduction,Mongolia,MNG,2021-05-03,v8,TRUE
2021-03-25,Rt,1.92,1.93,1.94,1.94,1.95,1.96,Surged Additional 50% Reduction,Mongolia,MNG,2021-05-03,v8,TRUE
2021-03-25,Reff,1.86,1.87,1.88,1.88,1.89,1.9,Surged Additional 50% Reduction,Mongolia,MNG,2021-05-03,v8,TRUE
2021-03-25,deaths,0.31,0.32,0.32,0.32,0.33,0.34,Surged Maintain Status Quo,Mongolia,MNG,2021-05-03,v8,TRUE
2021-03-25,hospital_demand,16.34,16.7,17.1,17.1,17.49,17.85,Surged Maintain Status Quo,Mongolia,MNG,2021-05-03,v8,TRUE
2021-03-25,ICU_demand,5.55,5.67,5.81,5.81,5.94,6.06,Surged Maintain Status Quo,Mongolia,MNG,2021-05-03,v8,TRUE
2021-03-25,infections,431.01,437.68,445.09,445.09,452.5,459.17,Surged Maintain Status Quo,Mongolia,MNG,2021-05-03,v8,TRUE
2021-03-25,prevalence,3001.02,3046.6,3097.24,3097.24,3147.89,3193.47,Surged Maintain Status Quo,Mongolia,MNG,2021-05-03,v8,TRUE
2021-03-25,cumulative_infections,4604.93,4708.89,4824.4,4824.4,4939.92,5043.88,Surged Maintain Status Quo,Mongolia,MNG,2021-05-03,v8,TRUE
2021-03-25,cumulative_deaths,4.79,4.92,5.07,5.07,5.22,5.35,Surged Maintain Status Quo,Mongolia,MNG,2021-05-03,v8,TRUE
2021-03-25,Rt,1.92,1.93,1.94,1.94,1.95,1.96,Surged Maintain Status Quo,Mongolia,MNG,2021-05-03,v8,TRUE
2021-03-25,Reff,1.86,1.87,1.88,1.88,1.89,1.9,Surged Maintain Status Quo,Mongolia,MNG,2021-05-03,v8,TRUE
2021-03-25,deaths,0.31,0.32,0.32,0.32,0.33,0.34,Surged Relax Interventions 50%,Mongolia,MNG,2021-05-03,v8,TRUE
2021-03-25,hospital_demand,16.34,16.7,17.1,17.1,17.49,17.85,Surged Relax Interventions 50%,Mongolia,MNG,2021-05-03,v8,TRUE
2021-03-25,ICU_demand,5.55,5.67,5.81,5.81,5.94,6.06,Surged Relax Interventions 50%,Mongolia,MNG,2021-05-03,v8,TRUE
2021-03-25,infections,431.01,437.68,445.09,445.09,452.5,459.17,Surged Relax Interventions 50%,Mongolia,MNG,2021-05-03,v8,TRUE
2021-03-25,prevalence,3001.02,3046.6,3097.24,3097.24,3147.89,3193.47,Surged Relax Interventions 50%,Mongolia,MNG,2021-05-03,v8,TRUE
2021-03-25,cumulative_infections,4604.93,4708.89,4824.4,4824.4,4939.92,5043.88,Surged Relax Interventions 50%,Mongolia,MNG,2021-05-03,v8,TRUE
2021-03-25,cumulative_deaths,4.79,4.92,5.07,5.07,5.22,5.35,Surged Relax Interventions 50%,Mongolia,MNG,2021-05-03,v8,TRUE
2021-03-25,Rt,1.92,1.93,1.94,1.94,1.95,1.96,Surged Relax Interventions 50%,Mongolia,MNG,2021-05-03,v8,TRUE
2021-03-25,Reff,1.86,1.87,1.88,1.88,1.89,1.9,Surged Relax Interventions 50%,Mongolia,MNG,2021-05-03,v8,TRUE
2021-03-26,deaths,0.34,0.35,0.36,0.36,0.37,0.37,Additional 50% Reduction,Mongolia,MNG,2021-05-03,v8,TRUE
2021-03-26,hospital_demand,18.23,18.62,19.05,19.05,19.48,19.87,Additional 50% Reduction,Mongolia,MNG,2021-05-03,v8,TRUE
2021-03-26,ICU_demand,6.18,6.31,6.46,6.46,6.61,6.74,Additional 50% Reduction,Mongolia,MNG,2021-05-03,v8,TRUE
2021-03-26,infections,481.7,488.69,496.46,496.46,504.23,511.22,Additional 50% Reduction,Mongolia,MNG,2021-05-03,v8,TRUE
2021-03-26,prevalence,3336.69,3384.46,3437.55,3437.55,3490.63,3538.41,Additional 50% Reduction,Mongolia,MNG,2021-05-03,v8,TRUE
2021-03-26,cumulative_infections,5086.63,5197.58,5320.86,5320.86,5444.14,5555.1,Additional 50% Reduction,Mongolia,MNG,2021-05-03,v8,TRUE
2021-03-26,cumulative_deaths,5.13,5.27,5.43,5.43,5.58,5.72,Additional 50% Reduction,Mongolia,MNG,2021-05-03,v8,TRUE
2021-03-26,Rt,1.93,1.94,1.95,1.95,1.96,1.97,Additional 50% Reduction,Mongolia,MNG,2021-05-03,v8,TRUE
2021-03-26,Reff,1.88,1.89,1.9,1.9,1.91,1.92,Additional 50% Reduction,Mongolia,MNG,2021-05-03,v8,TRUE
2021-03-26,deaths,0.34,0.35,0.36,0.36,0.37,0.37,Maintain Status Quo,Mongolia,MNG,2021-05-03,v8,TRUE
2021-03-26,hospital_demand,18.23,18.62,19.05,19.05,19.48,19.87,Maintain Status Quo,Mongolia,MNG,2021-05-03,v8,TRUE
2021-03-26,ICU_demand,6.18,6.31,6.46,6.46,6.61,6.74,Maintain Status Quo,Mongolia,MNG,2021-05-03,v8,TRUE
2021-03-26,infections,481.7,488.69,496.46,496.46,504.23,511.22,Maintain Status Quo,Mongolia,MNG,2021-05-03,v8,TRUE
2021-03-26,prevalence,3336.69,3384.46,3437.55,3437.55,3490.63,3538.41,Maintain Status Quo,Mongolia,MNG,2021-05-03,v8,TRUE
2021-03-26,cumulative_infections,5086.63,5197.58,5320.86,5320.86,5444.14,5555.1,Maintain Status Quo,Mongolia,MNG,2021-05-03,v8,TRUE
2021-03-26,cumulative_deaths,5.13,5.27,5.43,5.43,5.58,5.72,Maintain Status Quo,Mongolia,MNG,2021-05-03,v8,TRUE
2021-03-26,Rt,1.93,1.94,1.95,1.95,1.96,1.97,Maintain Status Quo,Mongolia,MNG,2021-05-03,v8,TRUE
2021-03-26,Reff,1.88,1.89,1.9,1.9,1.91,1.92,Maintain Status Quo,Mongolia,MNG,2021-05-03,v8,TRUE
2021-03-26,deaths,0.34,0.35,0.36,0.36,0.37,0.37,Relax Interventions 50%,Mongolia,MNG,2021-05-03,v8,TRUE
2021-03-26,hospital_demand,18.23,18.62,19.05,19.05,19.48,19.87,Relax Interventions 50%,Mongolia,MNG,2021-05-03,v8,TRUE
2021-03-26,ICU_demand,6.18,6.31,6.46,6.46,6.61,6.74,Relax Interventions 50%,Mongolia,MNG,2021-05-03,v8,TRUE
2021-03-26,infections,481.7,488.69,496.46,496.46,504.23,511.22,Relax Interventions 50%,Mongolia,MNG,2021-05-03,v8,TRUE
2021-03-26,prevalence,3336.69,3384.46,3437.55,3437.55,3490.63,3538.41,Relax Interventions 50%,Mongolia,MNG,2021-05-03,v8,TRUE
2021-03-26,cumulative_infections,5086.63,5197.58,5320.86,5320.86,5444.14,5555.1,Relax Interventions 50%,Mongolia,MNG,2021-05-03,v8,TRUE
2021-03-26,cumulative_deaths,5.13,5.27,5.43,5.43,5.58,5.72,Relax Interventions 50%,Mongolia,MNG,2021-05-03,v8,TRUE
2021-03-26,Rt,1.93,1.94,1.95,1.95,1.96,1.97,Relax Interventions 50%,Mongolia,MNG,2021-05-03,v8,TRUE
2021-03-26,Reff,1.88,1.89,1.9,1.9,1.91,1.92,Relax Interventions 50%,Mongolia,MNG,2021-05-03,v8,TRUE
2021-03-26,deaths,0.34,0.35,0.36,0.36,0.37,0.37,Surged Additional 50% Reduction,Mongolia,MNG,2021-05-03,v8,TRUE
2021-03-26,hospital_demand,18.23,18.62,19.05,19.05,19.48,19.87,Surged Additional 50% Reduction,Mongolia,MNG,2021-05-03,v8,TRUE
2021-03-26,ICU_demand,6.18,6.31,6.46,6.46,6.61,6.74,Surged Additional 50% Reduction,Mongolia,MNG,2021-05-03,v8,TRUE
2021-03-26,infections,481.7,488.69,496.46,496.46,504.23,511.22,Surged Additional 50% Reduction,Mongolia,MNG,2021-05-03,v8,TRUE
2021-03-26,prevalence,3336.69,3384.46,3437.55,3437.55,3490.63,3538.41,Surged Additional 50% Reduction,Mongolia,MNG,2021-05-03,v8,TRUE
2021-03-26,cumulative_infections,5086.63,5197.58,5320.86,5320.86,5444.14,5555.1,Surged Additional 50% Reduction,Mongolia,MNG,2021-05-03,v8,TRUE
2021-03-26,cumulative_deaths,5.13,5.27,5.43,5.43,5.58,5.72,Surged Additional 50% Reduction,Mongolia,MNG,2021-05-03,v8,TRUE
2021-03-26,Rt,1.93,1.94,1.95,1.95,1.96,1.97,Surged Additional 50% Reduction,Mongolia,MNG,2021-05-03,v8,TRUE
2021-03-26,Reff,1.86,1.87,1.88,1.88,1.89,1.9,Surged Additional 50% Reduction,Mongolia,MNG,2021-05-03,v8,TRUE
2021-03-26,deaths,0.34,0.35,0.36,0.36,0.37,0.37,Surged Maintain Status Quo,Mongolia,MNG,2021-05-03,v8,TRUE
2021-03-26,hospital_demand,18.23,18.62,19.05,19.05,19.48,19.87,Surged Maintain Status Quo,Mongolia,MNG,2021-05-03,v8,TRUE
2021-03-26,ICU_demand,6.18,6.31,6.46,6.46,6.61,6.74,Surged Maintain Status Quo,Mongolia,MNG,2021-05-03,v8,TRUE
2021-03-26,infections,481.7,488.69,496.46,496.46,504.23,511.22,Surged Maintain Status Quo,Mongolia,MNG,2021-05-03,v8,TRUE
2021-03-26,prevalence,3336.69,3384.46,3437.55,3437.55,3490.63,3538.41,Surged Maintain Status Quo,Mongolia,MNG,2021-05-03,v8,TRUE
2021-03-26,cumulative_infections,5086.63,5197.58,5320.86,5320.86,5444.14,5555.1,Surged Maintain Status Quo,Mongolia,MNG,2021-05-03,v8,TRUE
2021-03-26,cumulative_deaths,5.13,5.27,5.43,5.43,5.58,5.72,Surged Maintain Status Quo,Mongolia,MNG,2021-05-03,v8,TRUE
2021-03-26,Rt,1.93,1.94,1.95,1.95,1.96,1.97,Surged Maintain Status Quo,Mongolia,MNG,2021-05-03,v8,TRUE
2021-03-26,Reff,1.86,1.87,1.88,1.88,1.89,1.9,Surged Maintain Status Quo,Mongolia,MNG,2021-05-03,v8,TRUE
2021-03-26,deaths,0.34,0.35,0.36,0.36,0.37,0.37,Surged Relax Interventions 50%,Mongolia,MNG,2021-05-03,v8,TRUE
2021-03-26,hospital_demand,18.23,18.62,19.05,19.05,19.48,19.87,Surged Relax Interventions 50%,Mongolia,MNG,2021-05-03,v8,TRUE
2021-03-26,ICU_demand,6.18,6.31,6.46,6.46,6.61,6.74,Surged Relax Interventions 50%,Mongolia,MNG,2021-05-03,v8,TRUE
2021-03-26,infections,481.7,488.69,496.46,496.46,504.23,511.22,Surged Relax Interventions 50%,Mongolia,MNG,2021-05-03,v8,TRUE
2021-03-26,prevalence,3336.69,3384.46,3437.55,3437.55,3490.63,3538.41,Surged Relax Interventions 50%,Mongolia,MNG,2021-05-03,v8,TRUE
2021-03-26,cumulative_infections,5086.63,5197.58,5320.86,5320.86,5444.14,5555.1,Surged Relax Interventions 50%,Mongolia,MNG,2021-05-03,v8,TRUE
2021-03-26,cumulative_deaths,5.13,5.27,5.43,5.43,5.58,5.72,Surged Relax Interventions 50%,Mongolia,MNG,2021-05-03,v8,TRUE
2021-03-26,Rt,1.93,1.94,1.95,1.95,1.96,1.97,Surged Relax Interventions 50%,Mongolia,MNG,2021-05-03,v8,TRUE
2021-03-26,Reff,1.86,1.87,1.88,1.88,1.89,1.9,Surged Relax Interventions 50%,Mongolia,MNG,2021-05-03,v8,TRUE
2021-03-27,deaths,0.38,0.39,0.4,0.4,0.41,0.41,Additional 50% Reduction,Mongolia,MNG,2021-05-03,v8,TRUE
2021-03-27,hospital_demand,20.37,20.79,21.26,21.26,21.73,22.15,Additional 50% Reduction,Mongolia,MNG,2021-05-03,v8,TRUE
2021-03-27,ICU_demand,6.9,7.04,7.2,7.2,7.36,7.5,Additional 50% Reduction,Mongolia,MNG,2021-05-03,v8,TRUE
2021-03-27,infections,535.74,543.04,551.15,551.15,559.25,566.55,Additional 50% Reduction,Mongolia,MNG,2021-05-03,v8,TRUE
2021-03-27,prevalence,3713.98,3763.82,3819.19,3819.19,3874.57,3924.41,Additional 50% Reduction,Mongolia,MNG,2021-05-03,v8,TRUE
2021-03-27,cumulative_infections,5622.36,5740.62,5872.01,5872.01,6003.4,6121.65,Additional 50% Reduction,Mongolia,MNG,2021-05-03,v8,TRUE
2021-03-27,cumulative_deaths,5.51,5.66,5.82,5.82,5.99,6.14,Additional 50% Reduction,Mongolia,MNG,2021-05-03,v8,TRUE
2021-03-27,Rt,1.89,1.9,1.91,1.91,1.92,1.93,Additional 50% Reduction,Mongolia,MNG,2021-05-03,v8,TRUE
2021-03-27,Reff,1.84,1.85,1.86,1.86,1.87,1.88,Additional 50% Reduction,Mongolia,MNG,2021-05-03,v8,TRUE
2021-03-27,deaths,0.38,0.39,0.4,0.4,0.41,0.41,Maintain Status Quo,Mongolia,MNG,2021-05-03,v8,TRUE
2021-03-27,hospital_demand,20.37,20.79,21.26,21.26,21.73,22.15,Maintain Status Quo,Mongolia,MNG,2021-05-03,v8,TRUE
2021-03-27,ICU_demand,6.9,7.04,7.2,7.2,7.36,7.5,Maintain Status Quo,Mongolia,MNG,2021-05-03,v8,TRUE
2021-03-27,infections,535.74,543.04,551.15,551.15,559.25,566.55,Maintain Status Quo,Mongolia,MNG,2021-05-03,v8,TRUE
2021-03-27,prevalence,3713.98,3763.82,3819.19,3819.19,3874.57,3924.41,Maintain Status Quo,Mongolia,MNG,2021-05-03,v8,TRUE
2021-03-27,cumulative_infections,5622.36,5740.62,5872.01,5872.01,6003.4,6121.65,Maintain Status Quo,Mongolia,MNG,2021-05-03,v8,TRUE
2021-03-27,cumulative_deaths,5.51,5.66,5.82,5.82,5.99,6.14,Maintain Status Quo,Mongolia,MNG,2021-05-03,v8,TRUE
2021-03-27,Rt,1.89,1.9,1.91,1.91,1.92,1.93,Maintain Status Quo,Mongolia,MNG,2021-05-03,v8,TRUE
2021-03-27,Reff,1.84,1.85,1.86,1.86,1.87,1.88,Maintain Status Quo,Mongolia,MNG,2021-05-03,v8,TRUE
2021-03-27,deaths,0.38,0.39,0.4,0.4,0.41,0.41,Relax Interventions 50%,Mongolia,MNG,2021-05-03,v8,TRUE
2021-03-27,hospital_demand,20.37,20.79,21.26,21.26,21.73,22.15,Relax Interventions 50%,Mongolia,MNG,2021-05-03,v8,TRUE
2021-03-27,ICU_demand,6.9,7.04,7.2,7.2,7.36,7.5,Relax Interventions 50%,Mongolia,MNG,2021-05-03,v8,TRUE
2021-03-27,infections,535.74,543.04,551.15,551.15,559.25,566.55,Relax Interventions 50%,Mongolia,MNG,2021-05-03,v8,TRUE
2021-03-27,prevalence,3713.98,3763.82,3819.19,3819.19,3874.57,3924.41,Relax Interventions 50%,Mongolia,MNG,2021-05-03,v8,TRUE
2021-03-27,cumulative_infections,5622.36,5740.62,5872.01,5872.01,6003.4,6121.65,Relax Interventions 50%,Mongolia,MNG,2021-05-03,v8,TRUE
2021-03-27,cumulative_deaths,5.51,5.66,5.82,5.82,5.99,6.14,Relax Interventions 50%,Mongolia,MNG,2021-05-03,v8,TRUE
2021-03-27,Rt,1.89,1.9,1.91,1.91,1.92,1.93,Relax Interventions 50%,Mongolia,MNG,2021-05-03,v8,TRUE
2021-03-27,Reff,1.84,1.85,1.86,1.86,1.87,1.88,Relax Interventions 50%,Mongolia,MNG,2021-05-03,v8,TRUE
2021-03-27,deaths,0.38,0.39,0.4,0.4,0.41,0.41,Surged Additional 50% Reduction,Mongolia,MNG,2021-05-03,v8,TRUE
2021-03-27,hospital_demand,20.37,20.79,21.26,21.26,21.73,22.15,Surged Additional 50% Reduction,Mongolia,MNG,2021-05-03,v8,TRUE
2021-03-27,ICU_demand,6.9,7.04,7.2,7.2,7.36,7.5,Surged Additional 50% Reduction,Mongolia,MNG,2021-05-03,v8,TRUE
2021-03-27,infections,535.74,543.04,551.15,551.15,559.25,566.55,Surged Additional 50% Reduction,Mongolia,MNG,2021-05-03,v8,TRUE
2021-03-27,prevalence,3713.98,3763.82,3819.19,3819.19,3874.57,3924.41,Surged Additional 50% Reduction,Mongolia,MNG,2021-05-03,v8,TRUE
2021-03-27,cumulative_infections,5622.36,5740.62,5872.01,5872.01,6003.4,6121.65,Surged Additional 50% Reduction,Mongolia,MNG,2021-05-03,v8,TRUE
2021-03-27,cumulative_deaths,5.51,5.66,5.82,5.82,5.99,6.14,Surged Additional 50% Reduction,Mongolia,MNG,2021-05-03,v8,TRUE
2021-03-27,Rt,1.89,1.9,1.91,1.91,1.92,1.93,Surged Additional 50% Reduction,Mongolia,MNG,2021-05-03,v8,TRUE
2021-03-27,Reff,1.82,1.83,1.84,1.84,1.84,1.85,Surged Additional 50% Reduction,Mongolia,MNG,2021-05-03,v8,TRUE
2021-03-27,deaths,0.38,0.39,0.4,0.4,0.41,0.41,Surged Maintain Status Quo,Mongolia,MNG,2021-05-03,v8,TRUE
2021-03-27,hospital_demand,20.37,20.79,21.26,21.26,21.73,22.15,Surged Maintain Status Quo,Mongolia,MNG,2021-05-03,v8,TRUE
2021-03-27,ICU_demand,6.9,7.04,7.2,7.2,7.36,7.5,Surged Maintain Status Quo,Mongolia,MNG,2021-05-03,v8,TRUE
2021-03-27,infections,535.74,543.04,551.15,551.15,559.25,566.55,Surged Maintain Status Quo,Mongolia,MNG,2021-05-03,v8,TRUE
2021-03-27,prevalence,3713.98,3763.82,3819.19,3819.19,3874.57,3924.41,Surged Maintain Status Quo,Mongolia,MNG,2021-05-03,v8,TRUE
2021-03-27,cumulative_infections,5622.36,5740.62,5872.01,5872.01,6003.4,6121.65,Surged Maintain Status Quo,Mongolia,MNG,2021-05-03,v8,TRUE
2021-03-27,cumulative_deaths,5.51,5.66,5.82,5.82,5.99,6.14,Surged Maintain Status Quo,Mongolia,MNG,2021-05-03,v8,TRUE
2021-03-27,Rt,1.89,1.9,1.91,1.91,1.92,1.93,Surged Maintain Status Quo,Mongolia,MNG,2021-05-03,v8,TRUE
2021-03-27,Reff,1.82,1.83,1.84,1.84,1.84,1.85,Surged Maintain Status Quo,Mongolia,MNG,2021-05-03,v8,TRUE
2021-03-27,deaths,0.38,0.39,0.4,0.4,0.41,0.41,Surged Relax Interventions 50%,Mongolia,MNG,2021-05-03,v8,TRUE
2021-03-27,hospital_demand,20.37,20.79,21.26,21.26,21.73,22.15,Surged Relax Interventions 50%,Mongolia,MNG,2021-05-03,v8,TRUE
2021-03-27,ICU_demand,6.9,7.04,7.2,7.2,7.36,7.5,Surged Relax Interventions 50%,Mongolia,MNG,2021-05-03,v8,TRUE
2021-03-27,infections,535.74,543.04,551.15,551.15,559.25,566.55,Surged Relax Interventions 50%,Mongolia,MNG,2021-05-03,v8,TRUE
2021-03-27,prevalence,3713.98,3763.82,3819.19,3819.19,3874.57,3924.41,Surged Relax Interventions 50%,Mongolia,MNG,2021-05-03,v8,TRUE
2021-03-27,cumulative_infections,5622.36,5740.62,5872.01,5872.01,6003.4,6121.65,Surged Relax Interventions 50%,Mongolia,MNG,2021-05-03,v8,TRUE
2021-03-27,cumulative_deaths,5.51,5.66,5.82,5.82,5.99,6.14,Surged Relax Interventions 50%,Mongolia,MNG,2021-05-03,v8,TRUE
2021-03-27,Rt,1.89,1.9,1.91,1.91,1.92,1.93,Surged Relax Interventions 50%,Mongolia,MNG,2021-05-03,v8,TRUE
2021-03-27,Reff,1.82,1.83,1.84,1.84,1.84,1.85,Surged Relax Interventions 50%,Mongolia,MNG,2021-05-03,v8,TRUE
2021-03-28,deaths,0.42,0.43,0.44,0.44,0.45,0.46,Additional 50% Reduction,Mongolia,MNG,2021-05-03,v8,TRUE
2021-03-28,hospital_demand,22.79,23.25,23.75,23.75,24.25,24.7,Additional 50% Reduction,Mongolia,MNG,2021-05-03,v8,TRUE
2021-03-28,ICU_demand,7.7,7.86,8.03,8.03,8.2,8.35,Additional 50% Reduction,Mongolia,MNG,2021-05-03,v8,TRUE
2021-03-28,infections,594.31,601.91,610.34,610.34,618.78,626.38,Additional 50% Reduction,Mongolia,MNG,2021-05-03,v8,TRUE
2021-03-28,prevalence,4117.29,4169.18,4226.83,4226.83,4284.49,4336.38,Additional 50% Reduction,Mongolia,MNG,2021-05-03,v8,TRUE
2021-03-28,cumulative_infections,6216.68,6342.52,6482.35,6482.35,6622.18,6748.03,Additional 50% Reduction,Mongolia,MNG,2021-05-03,v8,TRUE
2021-03-28,cumulative_deaths,5.93,6.09,6.27,6.27,6.44,6.6,Additional 50% Reduction,Mongolia,MNG,2021-05-03,v8,TRUE
2021-03-28,Rt,2.06,2.07,2.09,2.09,2.1,2.11,Additional 50% Reduction,Mongolia,MNG,2021-05-03,v8,TRUE
2021-03-28,Reff,2,2.01,2.03,2.03,2.04,2.05,Additional 50% Reduction,Mongolia,MNG,2021-05-03,v8,TRUE
2021-03-28,deaths,0.42,0.43,0.44,0.44,0.45,0.46,Maintain Status Quo,Mongolia,MNG,2021-05-03,v8,TRUE
2021-03-28,hospital_demand,22.79,23.25,23.75,23.75,24.25,24.7,Maintain Status Quo,Mongolia,MNG,2021-05-03,v8,TRUE
2021-03-28,ICU_demand,7.7,7.86,8.03,8.03,8.2,8.35,Maintain Status Quo,Mongolia,MNG,2021-05-03,v8,TRUE
2021-03-28,infections,594.31,601.91,610.34,610.34,618.78,626.38,Maintain Status Quo,Mongolia,MNG,2021-05-03,v8,TRUE
2021-03-28,prevalence,4117.29,4169.18,4226.83,4226.83,4284.49,4336.38,Maintain Status Quo,Mongolia,MNG,2021-05-03,v8,TRUE
2021-03-28,cumulative_infections,6216.68,6342.52,6482.35,6482.35,6622.18,6748.03,Maintain Status Quo,Mongolia,MNG,2021-05-03,v8,TRUE
2021-03-28,cumulative_deaths,5.93,6.09,6.27,6.27,6.44,6.6,Maintain Status Quo,Mongolia,MNG,2021-05-03,v8,TRUE
2021-03-28,Rt,2.06,2.07,2.09,2.09,2.1,2.11,Maintain Status Quo,Mongolia,MNG,2021-05-03,v8,TRUE
2021-03-28,Reff,2,2.01,2.03,2.03,2.04,2.05,Maintain Status Quo,Mongolia,MNG,2021-05-03,v8,TRUE
2021-03-28,deaths,0.42,0.43,0.44,0.44,0.45,0.46,Relax Interventions 50%,Mongolia,MNG,2021-05-03,v8,TRUE
2021-03-28,hospital_demand,22.79,23.25,23.75,23.75,24.25,24.7,Relax Interventions 50%,Mongolia,MNG,2021-05-03,v8,TRUE
2021-03-28,ICU_demand,7.7,7.86,8.03,8.03,8.2,8.35,Relax Interventions 50%,Mongolia,MNG,2021-05-03,v8,TRUE
2021-03-28,infections,594.31,601.91,610.34,610.34,618.78,626.38,Relax Interventions 50%,Mongolia,MNG,2021-05-03,v8,TRUE
2021-03-28,prevalence,4117.29,4169.18,4226.83,4226.83,4284.49,4336.38,Relax Interventions 50%,Mongolia,MNG,2021-05-03,v8,TRUE
2021-03-28,cumulative_infections,6216.68,6342.52,6482.35,6482.35,6622.18,6748.03,Relax Interventions 50%,Mongolia,MNG,2021-05-03,v8,TRUE
2021-03-28,cumulative_deaths,5.93,6.09,6.27,6.27,6.44,6.6,Relax Interventions 50%,Mongolia,MNG,2021-05-03,v8,TRUE
2021-03-28,Rt,2.06,2.07,2.09,2.09,2.1,2.11,Relax Interventions 50%,Mongolia,MNG,2021-05-03,v8,TRUE
2021-03-28,Reff,2,2.01,2.03,2.03,2.04,2.05,Relax Interventions 50%,Mongolia,MNG,2021-05-03,v8,TRUE
2021-03-28,deaths,0.42,0.43,0.44,0.44,0.45,0.46,Surged Additional 50% Reduction,Mongolia,MNG,2021-05-03,v8,TRUE
2021-03-28,hospital_demand,22.79,23.25,23.75,23.75,24.25,24.7,Surged Additional 50% Reduction,Mongolia,MNG,2021-05-03,v8,TRUE
2021-03-28,ICU_demand,7.7,7.86,8.03,8.03,8.2,8.35,Surged Additional 50% Reduction,Mongolia,MNG,2021-05-03,v8,TRUE
2021-03-28,infections,594.31,601.91,610.34,610.34,618.78,626.38,Surged Additional 50% Reduction,Mongolia,MNG,2021-05-03,v8,TRUE
2021-03-28,prevalence,4117.29,4169.18,4226.83,4226.83,4284.49,4336.38,Surged Additional 50% Reduction,Mongolia,MNG,2021-05-03,v8,TRUE
2021-03-28,cumulative_infections,6216.68,6342.52,6482.35,6482.35,6622.18,6748.03,Surged Additional 50% Reduction,Mongolia,MNG,2021-05-03,v8,TRUE
2021-03-28,cumulative_deaths,5.93,6.09,6.27,6.27,6.44,6.6,Surged Additional 50% Reduction,Mongolia,MNG,2021-05-03,v8,TRUE
2021-03-28,Rt,2.06,2.07,2.09,2.09,2.1,2.11,Surged Additional 50% Reduction,Mongolia,MNG,2021-05-03,v8,TRUE
2021-03-28,Reff,1.97,1.98,2,2,2.01,2.02,Surged Additional 50% Reduction,Mongolia,MNG,2021-05-03,v8,TRUE
2021-03-28,deaths,0.42,0.43,0.44,0.44,0.45,0.46,Surged Maintain Status Quo,Mongolia,MNG,2021-05-03,v8,TRUE
2021-03-28,hospital_demand,22.79,23.25,23.75,23.75,24.25,24.7,Surged Maintain Status Quo,Mongolia,MNG,2021-05-03,v8,TRUE
2021-03-28,ICU_demand,7.7,7.86,8.03,8.03,8.2,8.35,Surged Maintain Status Quo,Mongolia,MNG,2021-05-03,v8,TRUE
2021-03-28,infections,594.31,601.91,610.34,610.34,618.78,626.38,Surged Maintain Status Quo,Mongolia,MNG,2021-05-03,v8,TRUE
2021-03-28,prevalence,4117.29,4169.18,4226.83,4226.83,4284.49,4336.38,Surged Maintain Status Quo,Mongolia,MNG,2021-05-03,v8,TRUE
2021-03-28,cumulative_infections,6216.68,6342.52,6482.35,6482.35,6622.18,6748.03,Surged Maintain Status Quo,Mongolia,MNG,2021-05-03,v8,TRUE
2021-03-28,cumulative_deaths,5.93,6.09,6.27,6.27,6.44,6.6,Surged Maintain Status Quo,Mongolia,MNG,2021-05-03,v8,TRUE
2021-03-28,Rt,2.06,2.07,2.09,2.09,2.1,2.11,Surged Maintain Status Quo,Mongolia,MNG,2021-05-03,v8,TRUE
2021-03-28,Reff,1.97,1.98,2,2,2.01,2.02,Surged Maintain Status Quo,Mongolia,MNG,2021-05-03,v8,TRUE
2021-03-28,deaths,0.42,0.43,0.44,0.44,0.45,0.46,Surged Relax Interventions 50%,Mongolia,MNG,2021-05-03,v8,TRUE
2021-03-28,hospital_demand,22.79,23.25,23.75,23.75,24.25,24.7,Surged Relax Interventions 50%,Mongolia,MNG,2021-05-03,v8,TRUE
2021-03-28,ICU_demand,7.7,7.86,8.03,8.03,8.2,8.35,Surged Relax Interventions 50%,Mongolia,MNG,2021-05-03,v8,TRUE
2021-03-28,infections,594.31,601.91,610.34,610.34,618.78,626.38,Surged Relax Interventions 50%,Mongolia,MNG,2021-05-03,v8,TRUE
2021-03-28,prevalence,4117.29,4169.18,4226.83,4226.83,4284.49,4336.38,Surged Relax Interventions 50%,Mongolia,MNG,2021-05-03,v8,TRUE
2021-03-28,cumulative_infections,6216.68,6342.52,6482.35,6482.35,6622.18,6748.03,Surged Relax Interventions 50%,Mongolia,MNG,2021-05-03,v8,TRUE
2021-03-28,cumulative_deaths,5.93,6.09,6.27,6.27,6.44,6.6,Surged Relax Interventions 50%,Mongolia,MNG,2021-05-03,v8,TRUE
2021-03-28,Rt,2.06,2.07,2.09,2.09,2.1,2.11,Surged Relax Interventions 50%,Mongolia,MNG,2021-05-03,v8,TRUE
2021-03-28,Reff,1.97,1.98,2,2,2.01,2.02,Surged Relax Interventions 50%,Mongolia,MNG,2021-05-03,v8,TRUE
2021-03-29,deaths,0.47,0.48,0.49,0.49,0.5,0.51,Additional 50% Reduction,Mongolia,MNG,2021-05-03,v8,TRUE
2021-03-29,hospital_demand,25.51,25.99,26.53,26.53,27.07,27.56,Additional 50% Reduction,Mongolia,MNG,2021-05-03,v8,TRUE
2021-03-29,ICU_demand,8.6,8.77,8.96,8.96,9.14,9.31,Additional 50% Reduction,Mongolia,MNG,2021-05-03,v8,TRUE
2021-03-29,infections,664.57,672.4,681.1,681.1,689.79,697.62,Additional 50% Reduction,Mongolia,MNG,2021-05-03,v8,TRUE
2021-03-29,prevalence,4652.41,4705.9,4765.34,4765.34,4824.77,4878.27,Additional 50% Reduction,Mongolia,MNG,2021-05-03,v8,TRUE
2021-03-29,cumulative_infections,6881.25,7014.92,7163.45,7163.45,7311.97,7445.65,Additional 50% Reduction,Mongolia,MNG,2021-05-03,v8,TRUE
2021-03-29,cumulative_deaths,6.4,6.57,6.76,6.76,6.95,7.11,Additional 50% Reduction,Mongolia,MNG,2021-05-03,v8,TRUE
2021-03-29,Rt,1.89,1.9,1.91,1.91,1.92,1.93,Additional 50% Reduction,Mongolia,MNG,2021-05-03,v8,TRUE
2021-03-29,Reff,1.83,1.84,1.85,1.85,1.86,1.87,Additional 50% Reduction,Mongolia,MNG,2021-05-03,v8,TRUE
2021-03-29,deaths,0.47,0.48,0.49,0.49,0.5,0.51,Maintain Status Quo,Mongolia,MNG,2021-05-03,v8,TRUE
2021-03-29,hospital_demand,25.51,25.99,26.53,26.53,27.07,27.56,Maintain Status Quo,Mongolia,MNG,2021-05-03,v8,TRUE
2021-03-29,ICU_demand,8.6,8.77,8.96,8.96,9.14,9.31,Maintain Status Quo,Mongolia,MNG,2021-05-03,v8,TRUE
2021-03-29,infections,664.57,672.4,681.1,681.1,689.79,697.62,Maintain Status Quo,Mongolia,MNG,2021-05-03,v8,TRUE
2021-03-29,prevalence,4652.41,4705.9,4765.34,4765.34,4824.77,4878.27,Maintain Status Quo,Mongolia,MNG,2021-05-03,v8,TRUE
2021-03-29,cumulative_infections,6881.25,7014.92,7163.45,7163.45,7311.97,7445.65,Maintain Status Quo,Mongolia,MNG,2021-05-03,v8,TRUE
2021-03-29,cumulative_deaths,6.4,6.57,6.76,6.76,6.95,7.11,Maintain Status Quo,Mongolia,MNG,2021-05-03,v8,TRUE
2021-03-29,Rt,1.89,1.9,1.91,1.91,1.92,1.93,Maintain Status Quo,Mongolia,MNG,2021-05-03,v8,TRUE
2021-03-29,Reff,1.83,1.84,1.85,1.85,1.86,1.87,Maintain Status Quo,Mongolia,MNG,2021-05-03,v8,TRUE
2021-03-29,deaths,0.47,0.48,0.49,0.49,0.5,0.51,Relax Interventions 50%,Mongolia,MNG,2021-05-03,v8,TRUE
2021-03-29,hospital_demand,25.51,25.99,26.53,26.53,27.07,27.56,Relax Interventions 50%,Mongolia,MNG,2021-05-03,v8,TRUE
2021-03-29,ICU_demand,8.6,8.77,8.96,8.96,9.14,9.31,Relax Interventions 50%,Mongolia,MNG,2021-05-03,v8,TRUE
2021-03-29,infections,664.57,672.4,681.1,681.1,689.79,697.62,Relax Interventions 50%,Mongolia,MNG,2021-05-03,v8,TRUE
2021-03-29,prevalence,4652.41,4705.9,4765.34,4765.34,4824.77,4878.27,Relax Interventions 50%,Mongolia,MNG,2021-05-03,v8,TRUE
2021-03-29,cumulative_infections,6881.25,7014.92,7163.45,7163.45,7311.97,7445.65,Relax Interventions 50%,Mongolia,MNG,2021-05-03,v8,TRUE
2021-03-29,cumulative_deaths,6.4,6.57,6.76,6.76,6.95,7.11,Relax Interventions 50%,Mongolia,MNG,2021-05-03,v8,TRUE
2021-03-29,Rt,1.89,1.9,1.91,1.91,1.92,1.93,Relax Interventions 50%,Mongolia,MNG,2021-05-03,v8,TRUE
2021-03-29,Reff,1.83,1.84,1.85,1.85,1.86,1.87,Relax Interventions 50%,Mongolia,MNG,2021-05-03,v8,TRUE
2021-03-29,deaths,0.47,0.48,0.49,0.49,0.5,0.51,Surged Additional 50% Reduction,Mongolia,MNG,2021-05-03,v8,TRUE
2021-03-29,hospital_demand,25.51,25.99,26.53,26.53,27.07,27.56,Surged Additional 50% Reduction,Mongolia,MNG,2021-05-03,v8,TRUE
2021-03-29,ICU_demand,8.6,8.77,8.96,8.96,9.14,9.31,Surged Additional 50% Reduction,Mongolia,MNG,2021-05-03,v8,TRUE
2021-03-29,infections,664.57,672.4,681.1,681.1,689.79,697.62,Surged Additional 50% Reduction,Mongolia,MNG,2021-05-03,v8,TRUE
2021-03-29,prevalence,4652.41,4705.9,4765.34,4765.34,4824.77,4878.27,Surged Additional 50% Reduction,Mongolia,MNG,2021-05-03,v8,TRUE
2021-03-29,cumulative_infections,6881.25,7014.92,7163.45,7163.45,7311.97,7445.65,Surged Additional 50% Reduction,Mongolia,MNG,2021-05-03,v8,TRUE
2021-03-29,cumulative_deaths,6.4,6.57,6.76,6.76,6.95,7.11,Surged Additional 50% Reduction,Mongolia,MNG,2021-05-03,v8,TRUE
2021-03-29,Rt,1.89,1.9,1.91,1.91,1.92,1.93,Surged Additional 50% Reduction,Mongolia,MNG,2021-05-03,v8,TRUE
2021-03-29,Reff,1.8,1.81,1.82,1.82,1.83,1.84,Surged Additional 50% Reduction,Mongolia,MNG,2021-05-03,v8,TRUE
2021-03-29,deaths,0.47,0.48,0.49,0.49,0.5,0.51,Surged Maintain Status Quo,Mongolia,MNG,2021-05-03,v8,TRUE
2021-03-29,hospital_demand,25.51,25.99,26.53,26.53,27.07,27.56,Surged Maintain Status Quo,Mongolia,MNG,2021-05-03,v8,TRUE
2021-03-29,ICU_demand,8.6,8.77,8.96,8.96,9.14,9.31,Surged Maintain Status Quo,Mongolia,MNG,2021-05-03,v8,TRUE
2021-03-29,infections,664.57,672.4,681.1,681.1,689.79,697.62,Surged Maintain Status Quo,Mongolia,MNG,2021-05-03,v8,TRUE
2021-03-29,prevalence,4652.41,4705.9,4765.34,4765.34,4824.77,4878.27,Surged Maintain Status Quo,Mongolia,MNG,2021-05-03,v8,TRUE
2021-03-29,cumulative_infections,6881.25,7014.92,7163.45,7163.45,7311.97,7445.65,Surged Maintain Status Quo,Mongolia,MNG,2021-05-03,v8,TRUE
2021-03-29,cumulative_deaths,6.4,6.57,6.76,6.76,6.95,7.11,Surged Maintain Status Quo,Mongolia,MNG,2021-05-03,v8,TRUE
2021-03-29,Rt,1.89,1.9,1.91,1.91,1.92,1.93,Surged Maintain Status Quo,Mongolia,MNG,2021-05-03,v8,TRUE
2021-03-29,Reff,1.8,1.81,1.82,1.82,1.83,1.84,Surged Maintain Status Quo,Mongolia,MNG,2021-05-03,v8,TRUE
2021-03-29,deaths,0.47,0.48,0.49,0.49,0.5,0.51,Surged Relax Interventions 50%,Mongolia,MNG,2021-05-03,v8,TRUE
2021-03-29,hospital_demand,25.51,25.99,26.53,26.53,27.07,27.56,Surged Relax Interventions 50%,Mongolia,MNG,2021-05-03,v8,TRUE
2021-03-29,ICU_demand,8.6,8.77,8.96,8.96,9.14,9.31,Surged Relax Interventions 50%,Mongolia,MNG,2021-05-03,v8,TRUE
2021-03-29,infections,664.57,672.4,681.1,681.1,689.79,697.62,Surged Relax Interventions 50%,Mongolia,MNG,2021-05-03,v8,TRUE
2021-03-29,prevalence,4652.41,4705.9,4765.34,4765.34,4824.77,4878.27,Surged Relax Interventions 50%,Mongolia,MNG,2021-05-03,v8,TRUE
2021-03-29,cumulative_infections,6881.25,7014.92,7163.45,7163.45,7311.97,7445.65,Surged Relax Interventions 50%,Mongolia,MNG,2021-05-03,v8,TRUE
2021-03-29,cumulative_deaths,6.4,6.57,6.76,6.76,6.95,7.11,Surged Relax Interventions 50%,Mongolia,MNG,2021-05-03,v8,TRUE
2021-03-29,Rt,1.89,1.9,1.91,1.91,1.92,1.93,Surged Relax Interventions 50%,Mongolia,MNG,2021-05-03,v8,TRUE
2021-03-29,Reff,1.8,1.81,1.82,1.82,1.83,1.84,Surged Relax Interventions 50%,Mongolia,MNG,2021-05-03,v8,TRUE
2021-03-30,deaths,0.53,0.54,0.55,0.55,0.56,0.57,Additional 50% Reduction,Mongolia,MNG,2021-05-03,v8,TRUE
2021-03-30,hospital_demand,28.53,29.05,29.63,29.63,30.2,30.72,Additional 50% Reduction,Mongolia,MNG,2021-05-03,v8,TRUE
2021-03-30,ICU_demand,9.61,9.79,9.99,9.99,10.19,10.37,Additional 50% Reduction,Mongolia,MNG,2021-05-03,v8,TRUE
2021-03-30,infections,742.02,750.12,759.11,759.11,768.11,776.21,Additional 50% Reduction,Mongolia,MNG,2021-05-03,v8,TRUE
2021-03-30,prevalence,5147.87,5203.15,5264.57,5264.57,5325.99,5381.27,Additional 50% Reduction,Mongolia,MNG,2021-05-03,v8,TRUE
2021-03-30,cumulative_infections,7623.27,7765.04,7922.56,7922.56,8080.08,8221.85,Additional 50% Reduction,Mongolia,MNG,2021-05-03,v8,TRUE
2021-03-30,cumulative_deaths,6.93,7.11,7.31,7.31,7.51,7.69,Additional 50% Reduction,Mongolia,MNG,2021-05-03,v8,TRUE
2021-03-30,Rt,2.06,2.07,2.1,2.1,2.12,2.14,Additional 50% Reduction,Mongolia,MNG,2021-05-03,v8,TRUE
2021-03-30,Reff,1.98,2,2.02,2.02,2.04,2.06,Additional 50% Reduction,Mongolia,MNG,2021-05-03,v8,TRUE
2021-03-30,deaths,0.53,0.54,0.55,0.55,0.56,0.57,Maintain Status Quo,Mongolia,MNG,2021-05-03,v8,TRUE
2021-03-30,hospital_demand,28.53,29.05,29.63,29.63,30.2,30.72,Maintain Status Quo,Mongolia,MNG,2021-05-03,v8,TRUE
2021-03-30,ICU_demand,9.61,9.79,9.99,9.99,10.19,10.37,Maintain Status Quo,Mongolia,MNG,2021-05-03,v8,TRUE
2021-03-30,infections,742.02,750.12,759.11,759.11,768.11,776.21,Maintain Status Quo,Mongolia,MNG,2021-05-03,v8,TRUE
2021-03-30,prevalence,5147.87,5203.15,5264.57,5264.57,5325.99,5381.27,Maintain Status Quo,Mongolia,MNG,2021-05-03,v8,TRUE
2021-03-30,cumulative_infections,7623.27,7765.04,7922.56,7922.56,8080.08,8221.85,Maintain Status Quo,Mongolia,MNG,2021-05-03,v8,TRUE
2021-03-30,cumulative_deaths,6.93,7.11,7.31,7.31,7.51,7.69,Maintain Status Quo,Mongolia,MNG,2021-05-03,v8,TRUE
2021-03-30,Rt,2.06,2.07,2.1,2.1,2.12,2.14,Maintain Status Quo,Mongolia,MNG,2021-05-03,v8,TRUE
2021-03-30,Reff,1.98,2,2.02,2.02,2.04,2.06,Maintain Status Quo,Mongolia,MNG,2021-05-03,v8,TRUE
2021-03-30,deaths,0.53,0.54,0.55,0.55,0.56,0.57,Relax Interventions 50%,Mongolia,MNG,2021-05-03,v8,TRUE
2021-03-30,hospital_demand,28.53,29.05,29.63,29.63,30.2,30.72,Relax Interventions 50%,Mongolia,MNG,2021-05-03,v8,TRUE
2021-03-30,ICU_demand,9.61,9.79,9.99,9.99,10.19,10.37,Relax Interventions 50%,Mongolia,MNG,2021-05-03,v8,TRUE
2021-03-30,infections,742.02,750.12,759.11,759.11,768.11,776.21,Relax Interventions 50%,Mongolia,MNG,2021-05-03,v8,TRUE
2021-03-30,prevalence,5147.87,5203.15,5264.57,5264.57,5325.99,5381.27,Relax Interventions 50%,Mongolia,MNG,2021-05-03,v8,TRUE
2021-03-30,cumulative_infections,7623.27,7765.04,7922.56,7922.56,8080.08,8221.85,Relax Interventions 50%,Mongolia,MNG,2021-05-03,v8,TRUE
2021-03-30,cumulative_deaths,6.93,7.11,7.31,7.31,7.51,7.69,Relax Interventions 50%,Mongolia,MNG,2021-05-03,v8,TRUE
2021-03-30,Rt,2.06,2.07,2.1,2.1,2.12,2.14,Relax Interventions 50%,Mongolia,MNG,2021-05-03,v8,TRUE
2021-03-30,Reff,1.98,2,2.02,2.02,2.04,2.06,Relax Interventions 50%,Mongolia,MNG,2021-05-03,v8,TRUE
2021-03-30,deaths,0.53,0.54,0.55,0.55,0.56,0.57,Surged Additional 50% Reduction,Mongolia,MNG,2021-05-03,v8,TRUE
2021-03-30,hospital_demand,28.53,29.05,29.63,29.63,30.2,30.72,Surged Additional 50% Reduction,Mongolia,MNG,2021-05-03,v8,TRUE
2021-03-30,ICU_demand,9.61,9.79,9.99,9.99,10.19,10.37,Surged Additional 50% Reduction,Mongolia,MNG,2021-05-03,v8,TRUE
2021-03-30,infections,742.02,750.12,759.11,759.11,768.11,776.21,Surged Additional 50% Reduction,Mongolia,MNG,2021-05-03,v8,TRUE
2021-03-30,prevalence,5147.87,5203.15,5264.57,5264.57,5325.99,5381.27,Surged Additional 50% Reduction,Mongolia,MNG,2021-05-03,v8,TRUE
2021-03-30,cumulative_infections,7623.27,7765.04,7922.56,7922.56,8080.08,8221.85,Surged Additional 50% Reduction,Mongolia,MNG,2021-05-03,v8,TRUE
2021-03-30,cumulative_deaths,6.93,7.11,7.31,7.31,7.51,7.69,Surged Additional 50% Reduction,Mongolia,MNG,2021-05-03,v8,TRUE
2021-03-30,Rt,2.06,2.07,2.1,2.1,2.12,2.14,Surged Additional 50% Reduction,Mongolia,MNG,2021-05-03,v8,TRUE
2021-03-30,Reff,1.95,1.97,1.99,1.99,2.01,2.02,Surged Additional 50% Reduction,Mongolia,MNG,2021-05-03,v8,TRUE
2021-03-30,deaths,0.53,0.54,0.55,0.55,0.56,0.57,Surged Maintain Status Quo,Mongolia,MNG,2021-05-03,v8,TRUE
2021-03-30,hospital_demand,28.53,29.05,29.63,29.63,30.2,30.72,Surged Maintain Status Quo,Mongolia,MNG,2021-05-03,v8,TRUE
2021-03-30,ICU_demand,9.61,9.79,9.99,9.99,10.19,10.37,Surged Maintain Status Quo,Mongolia,MNG,2021-05-03,v8,TRUE
2021-03-30,infections,742.02,750.12,759.11,759.11,768.11,776.21,Surged Maintain Status Quo,Mongolia,MNG,2021-05-03,v8,TRUE
2021-03-30,prevalence,5147.87,5203.15,5264.57,5264.57,5325.99,5381.27,Surged Maintain Status Quo,Mongolia,MNG,2021-05-03,v8,TRUE
2021-03-30,cumulative_infections,7623.27,7765.04,7922.56,7922.56,8080.08,8221.85,Surged Maintain Status Quo,Mongolia,MNG,2021-05-03,v8,TRUE
2021-03-30,cumulative_deaths,6.93,7.11,7.31,7.31,7.51,7.69,Surged Maintain Status Quo,Mongolia,MNG,2021-05-03,v8,TRUE
2021-03-30,Rt,2.06,2.07,2.1,2.1,2.12,2.14,Surged Maintain Status Quo,Mongolia,MNG,2021-05-03,v8,TRUE
2021-03-30,Reff,1.95,1.97,1.99,1.99,2.01,2.02,Surged Maintain Status Quo,Mongolia,MNG,2021-05-03,v8,TRUE
2021-03-30,deaths,0.53,0.54,0.55,0.55,0.56,0.57,Surged Relax Interventions 50%,Mongolia,MNG,2021-05-03,v8,TRUE
2021-03-30,hospital_demand,28.53,29.05,29.63,29.63,30.2,30.72,Surged Relax Interventions 50%,Mongolia,MNG,2021-05-03,v8,TRUE
2021-03-30,ICU_demand,9.61,9.79,9.99,9.99,10.19,10.37,Surged Relax Interventions 50%,Mongolia,MNG,2021-05-03,v8,TRUE
2021-03-30,infections,742.02,750.12,759.11,759.11,768.11,776.21,Surged Relax Interventions 50%,Mongolia,MNG,2021-05-03,v8,TRUE
2021-03-30,prevalence,5147.87,5203.15,5264.57,5264.57,5325.99,5381.27,Surged Relax Interventions 50%,Mongolia,MNG,2021-05-03,v8,TRUE
2021-03-30,cumulative_infections,7623.27,7765.04,7922.56,7922.56,8080.08,8221.85,Surged Relax Interventions 50%,Mongolia,MNG,2021-05-03,v8,TRUE
2021-03-30,cumulative_deaths,6.93,7.11,7.31,7.31,7.51,7.69,Surged Relax Interventions 50%,Mongolia,MNG,2021-05-03,v8,TRUE
2021-03-30,Rt,2.06,2.07,2.1,2.1,2.12,2.14,Surged Relax Interventions 50%,Mongolia,MNG,2021-05-03,v8,TRUE
2021-03-30,Reff,1.95,1.97,1.99,1.99,2.01,2.02,Surged Relax Interventions 50%,Mongolia,MNG,2021-05-03,v8,TRUE
2021-03-31,deaths,0.59,0.6,0.61,0.61,0.63,0.64,Additional 50% Reduction,Mongolia,MNG,2021-05-03,v8,TRUE
2021-03-31,hospital_demand,31.89,32.45,33.06,33.06,33.67,34.22,Additional 50% Reduction,Mongolia,MNG,2021-05-03,v8,TRUE
2021-03-31,ICU_demand,10.74,10.93,11.14,11.14,11.35,11.54,Additional 50% Reduction,Mongolia,MNG,2021-05-03,v8,TRUE
2021-03-31,infections,827.9,837.51,848.19,848.19,858.87,868.48,Additional 50% Reduction,Mongolia,MNG,2021-05-03,v8,TRUE
2021-03-31,prevalence,5775.4,5850.39,5933.72,5933.72,6017.05,6092.04,Additional 50% Reduction,Mongolia,MNG,2021-05-03,v8,TRUE
2021-03-31,cumulative_infections,8451.17,8602.55,8770.75,8770.75,8938.96,9090.34,Additional 50% Reduction,Mongolia,MNG,2021-05-03,v8,TRUE
2021-03-31,cumulative_deaths,7.52,7.71,7.92,7.92,8.13,8.32,Additional 50% Reduction,Mongolia,MNG,2021-05-03,v8,TRUE
2021-03-31,Rt,2.07,2.09,2.11,2.11,2.13,2.15,Additional 50% Reduction,Mongolia,MNG,2021-05-03,v8,TRUE
2021-03-31,Reff,1.99,2.01,2.03,2.03,2.05,2.07,Additional 50% Reduction,Mongolia,MNG,2021-05-03,v8,TRUE
2021-03-31,deaths,0.59,0.6,0.61,0.61,0.63,0.64,Maintain Status Quo,Mongolia,MNG,2021-05-03,v8,TRUE
2021-03-31,hospital_demand,31.89,32.45,33.06,33.06,33.67,34.22,Maintain Status Quo,Mongolia,MNG,2021-05-03,v8,TRUE
2021-03-31,ICU_demand,10.74,10.93,11.14,11.14,11.35,11.54,Maintain Status Quo,Mongolia,MNG,2021-05-03,v8,TRUE
2021-03-31,infections,827.9,837.51,848.19,848.19,858.87,868.48,Maintain Status Quo,Mongolia,MNG,2021-05-03,v8,TRUE
2021-03-31,prevalence,5775.4,5850.39,5933.72,5933.72,6017.05,6092.04,Maintain Status Quo,Mongolia,MNG,2021-05-03,v8,TRUE
2021-03-31,cumulative_infections,8451.17,8602.55,8770.75,8770.75,8938.96,9090.34,Maintain Status Quo,Mongolia,MNG,2021-05-03,v8,TRUE
2021-03-31,cumulative_deaths,7.52,7.71,7.92,7.92,8.13,8.32,Maintain Status Quo,Mongolia,MNG,2021-05-03,v8,TRUE
2021-03-31,Rt,2.07,2.09,2.11,2.11,2.13,2.15,Maintain Status Quo,Mongolia,MNG,2021-05-03,v8,TRUE
2021-03-31,Reff,1.99,2.01,2.03,2.03,2.05,2.07,Maintain Status Quo,Mongolia,MNG,2021-05-03,v8,TRUE
2021-03-31,deaths,0.59,0.6,0.61,0.61,0.63,0.64,Relax Interventions 50%,Mongolia,MNG,2021-05-03,v8,TRUE
2021-03-31,hospital_demand,31.89,32.45,33.06,33.06,33.67,34.22,Relax Interventions 50%,Mongolia,MNG,2021-05-03,v8,TRUE
2021-03-31,ICU_demand,10.74,10.93,11.14,11.14,11.35,11.54,Relax Interventions 50%,Mongolia,MNG,2021-05-03,v8,TRUE
2021-03-31,infections,827.9,837.51,848.19,848.19,858.87,868.48,Relax Interventions 50%,Mongolia,MNG,2021-05-03,v8,TRUE
2021-03-31,prevalence,5775.4,5850.39,5933.72,5933.72,6017.05,6092.04,Relax Interventions 50%,Mongolia,MNG,2021-05-03,v8,TRUE
2021-03-31,cumulative_infections,8451.17,8602.55,8770.75,8770.75,8938.96,9090.34,Relax Interventions 50%,Mongolia,MNG,2021-05-03,v8,TRUE
2021-03-31,cumulative_deaths,7.52,7.71,7.92,7.92,8.13,8.32,Relax Interventions 50%,Mongolia,MNG,2021-05-03,v8,TRUE
2021-03-31,Rt,2.07,2.09,2.11,2.11,2.13,2.15,Relax Interventions 50%,Mongolia,MNG,2021-05-03,v8,TRUE
2021-03-31,Reff,1.99,2.01,2.03,2.03,2.05,2.07,Relax Interventions 50%,Mongolia,MNG,2021-05-03,v8,TRUE
2021-03-31,deaths,0.59,0.6,0.61,0.61,0.63,0.64,Surged Additional 50% Reduction,Mongolia,MNG,2021-05-03,v8,TRUE
2021-03-31,hospital_demand,31.89,32.45,33.06,33.06,33.67,34.22,Surged Additional 50% Reduction,Mongolia,MNG,2021-05-03,v8,TRUE
2021-03-31,ICU_demand,10.74,10.93,11.14,11.14,11.35,11.54,Surged Additional 50% Reduction,Mongolia,MNG,2021-05-03,v8,TRUE
2021-03-31,infections,827.9,837.51,848.19,848.19,858.87,868.48,Surged Additional 50% Reduction,Mongolia,MNG,2021-05-03,v8,TRUE
2021-03-31,prevalence,5775.4,5850.39,5933.72,5933.72,6017.05,6092.04,Surged Additional 50% Reduction,Mongolia,MNG,2021-05-03,v8,TRUE
2021-03-31,cumulative_infections,8451.17,8602.55,8770.75,8770.75,8938.96,9090.34,Surged Additional 50% Reduction,Mongolia,MNG,2021-05-03,v8,TRUE
2021-03-31,cumulative_deaths,7.52,7.71,7.92,7.92,8.13,8.32,Surged Additional 50% Reduction,Mongolia,MNG,2021-05-03,v8,TRUE
2021-03-31,Rt,2.07,2.09,2.11,2.11,2.13,2.15,Surged Additional 50% Reduction,Mongolia,MNG,2021-05-03,v8,TRUE
2021-03-31,Reff,1.95,1.97,1.99,1.99,2.01,2.03,Surged Additional 50% Reduction,Mongolia,MNG,2021-05-03,v8,TRUE
2021-03-31,deaths,0.59,0.6,0.61,0.61,0.63,0.64,Surged Maintain Status Quo,Mongolia,MNG,2021-05-03,v8,TRUE
2021-03-31,hospital_demand,31.89,32.45,33.06,33.06,33.67,34.22,Surged Maintain Status Quo,Mongolia,MNG,2021-05-03,v8,TRUE
2021-03-31,ICU_demand,10.74,10.93,11.14,11.14,11.35,11.54,Surged Maintain Status Quo,Mongolia,MNG,2021-05-03,v8,TRUE
2021-03-31,infections,827.9,837.51,848.19,848.19,858.87,868.48,Surged Maintain Status Quo,Mongolia,MNG,2021-05-03,v8,TRUE
2021-03-31,prevalence,5775.4,5850.39,5933.72,5933.72,6017.05,6092.04,Surged Maintain Status Quo,Mongolia,MNG,2021-05-03,v8,TRUE
2021-03-31,cumulative_infections,8451.17,8602.55,8770.75,8770.75,8938.96,9090.34,Surged Maintain Status Quo,Mongolia,MNG,2021-05-03,v8,TRUE
2021-03-31,cumulative_deaths,7.52,7.71,7.92,7.92,8.13,8.32,Surged Maintain Status Quo,Mongolia,MNG,2021-05-03,v8,TRUE
2021-03-31,Rt,2.07,2.09,2.11,2.11,2.13,2.15,Surged Maintain Status Quo,Mongolia,MNG,2021-05-03,v8,TRUE
2021-03-31,Reff,1.95,1.97,1.99,1.99,2.01,2.03,Surged Maintain Status Quo,Mongolia,MNG,2021-05-03,v8,TRUE
2021-03-31,deaths,0.59,0.6,0.61,0.61,0.63,0.64,Surged Relax Interventions 50%,Mongolia,MNG,2021-05-03,v8,TRUE
2021-03-31,hospital_demand,31.89,32.45,33.06,33.06,33.67,34.22,Surged Relax Interventions 50%,Mongolia,MNG,2021-05-03,v8,TRUE
2021-03-31,ICU_demand,10.74,10.93,11.14,11.14,11.35,11.54,Surged Relax Interventions 50%,Mongolia,MNG,2021-05-03,v8,TRUE
2021-03-31,infections,827.9,837.51,848.19,848.19,858.87,868.48,Surged Relax Interventions 50%,Mongolia,MNG,2021-05-03,v8,TRUE
2021-03-31,prevalence,5775.4,5850.39,5933.72,5933.72,6017.05,6092.04,Surged Relax Interventions 50%,Mongolia,MNG,2021-05-03,v8,TRUE
2021-03-31,cumulative_infections,8451.17,8602.55,8770.75,8770.75,8938.96,9090.34,Surged Relax Interventions 50%,Mongolia,MNG,2021-05-03,v8,TRUE
2021-03-31,cumulative_deaths,7.52,7.71,7.92,7.92,8.13,8.32,Surged Relax Interventions 50%,Mongolia,MNG,2021-05-03,v8,TRUE
2021-03-31,Rt,2.07,2.09,2.11,2.11,2.13,2.15,Surged Relax Interventions 50%,Mongolia,MNG,2021-05-03,v8,TRUE
2021-03-31,Reff,1.95,1.97,1.99,1.99,2.01,2.03,Surged Relax Interventions 50%,Mongolia,MNG,2021-05-03,v8,TRUE
2021-04-01,deaths,0.66,0.67,0.68,0.68,0.7,0.71,Additional 50% Reduction,Mongolia,MNG,2021-05-03,v8,TRUE
2021-04-01,hospital_demand,35.63,36.22,36.87,36.87,37.52,38.1,Additional 50% Reduction,Mongolia,MNG,2021-05-03,v8,TRUE
2021-04-01,ICU_demand,11.99,12.19,12.42,12.42,12.64,12.85,Additional 50% Reduction,Mongolia,MNG,2021-05-03,v8,TRUE
2021-04-01,infections,927.9,940.53,954.57,954.57,968.61,981.25,Additional 50% Reduction,Mongolia,MNG,2021-05-03,v8,TRUE
2021-04-01,prevalence,6478.94,6575.88,6683.58,6683.58,6791.28,6888.21,Additional 50% Reduction,Mongolia,MNG,2021-05-03,v8,TRUE
2021-04-01,cumulative_infections,9379.07,9543.08,9725.33,9725.33,9907.57,10071.59,Additional 50% Reduction,Mongolia,MNG,2021-05-03,v8,TRUE
2021-04-01,cumulative_deaths,8.18,8.38,8.6,8.6,8.83,9.03,Additional 50% Reduction,Mongolia,MNG,2021-05-03,v8,TRUE
2021-04-01,Rt,1.95,1.97,1.99,1.99,2.02,2.04,Additional 50% Reduction,Mongolia,MNG,2021-05-03,v8,TRUE
2021-04-01,Reff,1.87,1.89,1.91,1.91,1.94,1.96,Additional 50% Reduction,Mongolia,MNG,2021-05-03,v8,TRUE
2021-04-01,deaths,0.66,0.67,0.68,0.68,0.7,0.71,Maintain Status Quo,Mongolia,MNG,2021-05-03,v8,TRUE
2021-04-01,hospital_demand,35.63,36.22,36.87,36.87,37.52,38.1,Maintain Status Quo,Mongolia,MNG,2021-05-03,v8,TRUE
2021-04-01,ICU_demand,11.99,12.19,12.42,12.42,12.64,12.85,Maintain Status Quo,Mongolia,MNG,2021-05-03,v8,TRUE
2021-04-01,infections,927.9,940.53,954.57,954.57,968.61,981.25,Maintain Status Quo,Mongolia,MNG,2021-05-03,v8,TRUE
2021-04-01,prevalence,6478.94,6575.88,6683.58,6683.58,6791.28,6888.21,Maintain Status Quo,Mongolia,MNG,2021-05-03,v8,TRUE
2021-04-01,cumulative_infections,9379.07,9543.08,9725.33,9725.33,9907.57,10071.59,Maintain Status Quo,Mongolia,MNG,2021-05-03,v8,TRUE
2021-04-01,cumulative_deaths,8.18,8.38,8.6,8.6,8.83,9.03,Maintain Status Quo,Mongolia,MNG,2021-05-03,v8,TRUE
2021-04-01,Rt,1.95,1.97,1.99,1.99,2.02,2.04,Maintain Status Quo,Mongolia,MNG,2021-05-03,v8,TRUE
2021-04-01,Reff,1.87,1.89,1.91,1.91,1.94,1.96,Maintain Status Quo,Mongolia,MNG,2021-05-03,v8,TRUE
2021-04-01,deaths,0.66,0.67,0.68,0.68,0.7,0.71,Relax Interventions 50%,Mongolia,MNG,2021-05-03,v8,TRUE
2021-04-01,hospital_demand,35.63,36.22,36.87,36.87,37.52,38.1,Relax Interventions 50%,Mongolia,MNG,2021-05-03,v8,TRUE
2021-04-01,ICU_demand,11.99,12.19,12.42,12.42,12.64,12.85,Relax Interventions 50%,Mongolia,MNG,2021-05-03,v8,TRUE
2021-04-01,infections,927.9,940.53,954.57,954.57,968.61,981.25,Relax Interventions 50%,Mongolia,MNG,2021-05-03,v8,TRUE
2021-04-01,prevalence,6478.94,6575.88,6683.58,6683.58,6791.28,6888.21,Relax Interventions 50%,Mongolia,MNG,2021-05-03,v8,TRUE
2021-04-01,cumulative_infections,9379.07,9543.08,9725.33,9725.33,9907.57,10071.59,Relax Interventions 50%,Mongolia,MNG,2021-05-03,v8,TRUE
2021-04-01,cumulative_deaths,8.18,8.38,8.6,8.6,8.83,9.03,Relax Interventions 50%,Mongolia,MNG,2021-05-03,v8,TRUE
2021-04-01,Rt,1.95,1.97,1.99,1.99,2.02,2.04,Relax Interventions 50%,Mongolia,MNG,2021-05-03,v8,TRUE
2021-04-01,Reff,1.87,1.89,1.91,1.91,1.94,1.96,Relax Interventions 50%,Mongolia,MNG,2021-05-03,v8,TRUE
2021-04-01,deaths,0.66,0.67,0.68,0.68,0.7,0.71,Surged Additional 50% Reduction,Mongolia,MNG,2021-05-03,v8,TRUE
2021-04-01,hospital_demand,35.63,36.22,36.87,36.87,37.52,38.1,Surged Additional 50% Reduction,Mongolia,MNG,2021-05-03,v8,TRUE
2021-04-01,ICU_demand,11.99,12.19,12.42,12.42,12.64,12.85,Surged Additional 50% Reduction,Mongolia,MNG,2021-05-03,v8,TRUE
2021-04-01,infections,927.9,940.53,954.57,954.57,968.61,981.25,Surged Additional 50% Reduction,Mongolia,MNG,2021-05-03,v8,TRUE
2021-04-01,prevalence,6478.94,6575.88,6683.58,6683.58,6791.28,6888.21,Surged Additional 50% Reduction,Mongolia,MNG,2021-05-03,v8,TRUE
2021-04-01,cumulative_infections,9379.07,9543.08,9725.33,9725.33,9907.57,10071.59,Surged Additional 50% Reduction,Mongolia,MNG,2021-05-03,v8,TRUE
2021-04-01,cumulative_deaths,8.18,8.38,8.6,8.6,8.83,9.03,Surged Additional 50% Reduction,Mongolia,MNG,2021-05-03,v8,TRUE
2021-04-01,Rt,1.95,1.97,1.99,1.99,2.02,2.04,Surged Additional 50% Reduction,Mongolia,MNG,2021-05-03,v8,TRUE
2021-04-01,Reff,1.83,1.85,1.87,1.87,1.9,1.91,Surged Additional 50% Reduction,Mongolia,MNG,2021-05-03,v8,TRUE
2021-04-01,deaths,0.66,0.67,0.68,0.68,0.7,0.71,Surged Maintain Status Quo,Mongolia,MNG,2021-05-03,v8,TRUE
2021-04-01,hospital_demand,35.63,36.22,36.87,36.87,37.52,38.1,Surged Maintain Status Quo,Mongolia,MNG,2021-05-03,v8,TRUE
2021-04-01,ICU_demand,11.99,12.19,12.42,12.42,12.64,12.85,Surged Maintain Status Quo,Mongolia,MNG,2021-05-03,v8,TRUE
2021-04-01,infections,927.9,940.53,954.57,954.57,968.61,981.25,Surged Maintain Status Quo,Mongolia,MNG,2021-05-03,v8,TRUE
2021-04-01,prevalence,6478.94,6575.88,6683.58,6683.58,6791.28,6888.21,Surged Maintain Status Quo,Mongolia,MNG,2021-05-03,v8,TRUE
2021-04-01,cumulative_infections,9379.07,9543.08,9725.33,9725.33,9907.57,10071.59,Surged Maintain Status Quo,Mongolia,MNG,2021-05-03,v8,TRUE
2021-04-01,cumulative_deaths,8.18,8.38,8.6,8.6,8.83,9.03,Surged Maintain Status Quo,Mongolia,MNG,2021-05-03,v8,TRUE
2021-04-01,Rt,1.95,1.97,1.99,1.99,2.02,2.04,Surged Maintain Status Quo,Mongolia,MNG,2021-05-03,v8,TRUE
2021-04-01,Reff,1.83,1.85,1.87,1.87,1.9,1.91,Surged Maintain Status Quo,Mongolia,MNG,2021-05-03,v8,TRUE
2021-04-01,deaths,0.66,0.67,0.68,0.68,0.7,0.71,Surged Relax Interventions 50%,Mongolia,MNG,2021-05-03,v8,TRUE
2021-04-01,hospital_demand,35.63,36.22,36.87,36.87,37.52,38.1,Surged Relax Interventions 50%,Mongolia,MNG,2021-05-03,v8,TRUE
2021-04-01,ICU_demand,11.99,12.19,12.42,12.42,12.64,12.85,Surged Relax Interventions 50%,Mongolia,MNG,2021-05-03,v8,TRUE
2021-04-01,infections,927.9,940.53,954.57,954.57,968.61,981.25,Surged Relax Interventions 50%,Mongolia,MNG,2021-05-03,v8,TRUE
2021-04-01,prevalence,6478.94,6575.88,6683.58,6683.58,6791.28,6888.21,Surged Relax Interventions 50%,Mongolia,MNG,2021-05-03,v8,TRUE
2021-04-01,cumulative_infections,9379.07,9543.08,9725.33,9725.33,9907.57,10071.59,Surged Relax Interventions 50%,Mongolia,MNG,2021-05-03,v8,TRUE
2021-04-01,cumulative_deaths,8.18,8.38,8.6,8.6,8.83,9.03,Surged Relax Interventions 50%,Mongolia,MNG,2021-05-03,v8,TRUE
2021-04-01,Rt,1.95,1.97,1.99,1.99,2.02,2.04,Surged Relax Interventions 50%,Mongolia,MNG,2021-05-03,v8,TRUE
2021-04-01,Reff,1.83,1.85,1.87,1.87,1.9,1.91,Surged Relax Interventions 50%,Mongolia,MNG,2021-05-03,v8,TRUE
2021-04-02,deaths,0.73,0.75,0.76,0.76,0.78,0.79,Additional 50% Reduction,Mongolia,MNG,2021-05-03,v8,TRUE
2021-04-02,hospital_demand,39.78,40.4,41.09,41.09,41.79,42.41,Additional 50% Reduction,Mongolia,MNG,2021-05-03,v8,TRUE
2021-04-02,ICU_demand,13.38,13.59,13.84,13.84,14.08,14.29,Additional 50% Reduction,Mongolia,MNG,2021-05-03,v8,TRUE
2021-04-02,infections,1034.61,1051.06,1069.34,1069.34,1087.62,1104.08,Additional 50% Reduction,Mongolia,MNG,2021-05-03,v8,TRUE
2021-04-02,prevalence,7174,7296.04,7431.63,7431.63,7567.23,7689.27,Additional 50% Reduction,Mongolia,MNG,2021-05-03,v8,TRUE
2021-04-02,cumulative_infections,10413.68,10594.15,10794.67,10794.67,10995.19,11175.66,Additional 50% Reduction,Mongolia,MNG,2021-05-03,v8,TRUE
2021-04-02,cumulative_deaths,8.91,9.13,9.37,9.37,9.61,9.82,Additional 50% Reduction,Mongolia,MNG,2021-05-03,v8,TRUE
2021-04-02,Rt,2.02,2.04,2.06,2.06,2.08,2.1,Additional 50% Reduction,Mongolia,MNG,2021-05-03,v8,TRUE
2021-04-02,Reff,1.93,1.95,1.97,1.97,1.99,2.01,Additional 50% Reduction,Mongolia,MNG,2021-05-03,v8,TRUE
2021-04-02,deaths,0.73,0.75,0.76,0.76,0.78,0.79,Maintain Status Quo,Mongolia,MNG,2021-05-03,v8,TRUE
2021-04-02,hospital_demand,39.78,40.4,41.09,41.09,41.79,42.41,Maintain Status Quo,Mongolia,MNG,2021-05-03,v8,TRUE
2021-04-02,ICU_demand,13.38,13.59,13.84,13.84,14.08,14.29,Maintain Status Quo,Mongolia,MNG,2021-05-03,v8,TRUE
2021-04-02,infections,1034.61,1051.06,1069.34,1069.34,1087.62,1104.08,Maintain Status Quo,Mongolia,MNG,2021-05-03,v8,TRUE
2021-04-02,prevalence,7174,7296.04,7431.63,7431.63,7567.23,7689.27,Maintain Status Quo,Mongolia,MNG,2021-05-03,v8,TRUE
2021-04-02,cumulative_infections,10413.68,10594.15,10794.67,10794.67,10995.19,11175.66,Maintain Status Quo,Mongolia,MNG,2021-05-03,v8,TRUE
2021-04-02,cumulative_deaths,8.91,9.13,9.37,9.37,9.61,9.82,Maintain Status Quo,Mongolia,MNG,2021-05-03,v8,TRUE
2021-04-02,Rt,2.02,2.04,2.06,2.06,2.08,2.1,Maintain Status Quo,Mongolia,MNG,2021-05-03,v8,TRUE
2021-04-02,Reff,1.93,1.95,1.97,1.97,1.99,2.01,Maintain Status Quo,Mongolia,MNG,2021-05-03,v8,TRUE
2021-04-02,deaths,0.73,0.75,0.76,0.76,0.78,0.79,Relax Interventions 50%,Mongolia,MNG,2021-05-03,v8,TRUE
2021-04-02,hospital_demand,39.78,40.4,41.09,41.09,41.79,42.41,Relax Interventions 50%,Mongolia,MNG,2021-05-03,v8,TRUE
2021-04-02,ICU_demand,13.38,13.59,13.84,13.84,14.08,14.29,Relax Interventions 50%,Mongolia,MNG,2021-05-03,v8,TRUE
2021-04-02,infections,1034.61,1051.06,1069.34,1069.34,1087.62,1104.08,Relax Interventions 50%,Mongolia,MNG,2021-05-03,v8,TRUE
2021-04-02,prevalence,7174,7296.04,7431.63,7431.63,7567.23,7689.27,Relax Interventions 50%,Mongolia,MNG,2021-05-03,v8,TRUE
2021-04-02,cumulative_infections,10413.68,10594.15,10794.67,10794.67,10995.19,11175.66,Relax Interventions 50%,Mongolia,MNG,2021-05-03,v8,TRUE
2021-04-02,cumulative_deaths,8.91,9.13,9.37,9.37,9.61,9.82,Relax Interventions 50%,Mongolia,MNG,2021-05-03,v8,TRUE
2021-04-02,Rt,2.02,2.04,2.06,2.06,2.08,2.1,Relax Interventions 50%,Mongolia,MNG,2021-05-03,v8,TRUE
2021-04-02,Reff,1.93,1.95,1.97,1.97,1.99,2.01,Relax Interventions 50%,Mongolia,MNG,2021-05-03,v8,TRUE
2021-04-02,deaths,0.73,0.75,0.76,0.76,0.78,0.79,Surged Additional 50% Reduction,Mongolia,MNG,2021-05-03,v8,TRUE
2021-04-02,hospital_demand,39.78,40.4,41.09,41.09,41.79,42.41,Surged Additional 50% Reduction,Mongolia,MNG,2021-05-03,v8,TRUE
2021-04-02,ICU_demand,13.38,13.59,13.84,13.84,14.08,14.29,Surged Additional 50% Reduction,Mongolia,MNG,2021-05-03,v8,TRUE
2021-04-02,infections,1034.61,1051.06,1069.34,1069.34,1087.62,1104.08,Surged Additional 50% Reduction,Mongolia,MNG,2021-05-03,v8,TRUE
2021-04-02,prevalence,7174,7296.04,7431.63,7431.63,7567.23,7689.27,Surged Additional 50% Reduction,Mongolia,MNG,2021-05-03,v8,TRUE
2021-04-02,cumulative_infections,10413.68,10594.15,10794.67,10794.67,10995.19,11175.66,Surged Additional 50% Reduction,Mongolia,MNG,2021-05-03,v8,TRUE
2021-04-02,cumulative_deaths,8.91,9.13,9.37,9.37,9.61,9.82,Surged Additional 50% Reduction,Mongolia,MNG,2021-05-03,v8,TRUE
2021-04-02,Rt,2.02,2.04,2.06,2.06,2.08,2.1,Surged Additional 50% Reduction,Mongolia,MNG,2021-05-03,v8,TRUE
2021-04-02,Reff,1.89,1.91,1.93,1.93,1.95,1.96,Surged Additional 50% Reduction,Mongolia,MNG,2021-05-03,v8,TRUE
2021-04-02,deaths,0.73,0.75,0.76,0.76,0.78,0.79,Surged Maintain Status Quo,Mongolia,MNG,2021-05-03,v8,TRUE
2021-04-02,hospital_demand,39.78,40.4,41.09,41.09,41.79,42.41,Surged Maintain Status Quo,Mongolia,MNG,2021-05-03,v8,TRUE
2021-04-02,ICU_demand,13.38,13.59,13.84,13.84,14.08,14.29,Surged Maintain Status Quo,Mongolia,MNG,2021-05-03,v8,TRUE
2021-04-02,infections,1034.61,1051.06,1069.34,1069.34,1087.62,1104.08,Surged Maintain Status Quo,Mongolia,MNG,2021-05-03,v8,TRUE
2021-04-02,prevalence,7174,7296.04,7431.63,7431.63,7567.23,7689.27,Surged Maintain Status Quo,Mongolia,MNG,2021-05-03,v8,TRUE
2021-04-02,cumulative_infections,10413.68,10594.15,10794.67,10794.67,10995.19,11175.66,Surged Maintain Status Quo,Mongolia,MNG,2021-05-03,v8,TRUE
2021-04-02,cumulative_deaths,8.91,9.13,9.37,9.37,9.61,9.82,Surged Maintain Status Quo,Mongolia,MNG,2021-05-03,v8,TRUE
2021-04-02,Rt,2.02,2.04,2.06,2.06,2.08,2.1,Surged Maintain Status Quo,Mongolia,MNG,2021-05-03,v8,TRUE
2021-04-02,Reff,1.89,1.91,1.93,1.93,1.95,1.96,Surged Maintain Status Quo,Mongolia,MNG,2021-05-03,v8,TRUE
2021-04-02,deaths,0.73,0.75,0.76,0.76,0.78,0.79,Surged Relax Interventions 50%,Mongolia,MNG,2021-05-03,v8,TRUE
2021-04-02,hospital_demand,39.78,40.4,41.09,41.09,41.79,42.41,Surged Relax Interventions 50%,Mongolia,MNG,2021-05-03,v8,TRUE
2021-04-02,ICU_demand,13.38,13.59,13.84,13.84,14.08,14.29,Surged Relax Interventions 50%,Mongolia,MNG,2021-05-03,v8,TRUE
2021-04-02,infections,1034.61,1051.06,1069.34,1069.34,1087.62,1104.08,Surged Relax Interventions 50%,Mongolia,MNG,2021-05-03,v8,TRUE
2021-04-02,prevalence,7174,7296.04,7431.63,7431.63,7567.23,7689.27,Surged Relax Interventions 50%,Mongolia,MNG,2021-05-03,v8,TRUE
2021-04-02,cumulative_infections,10413.68,10594.15,10794.67,10794.67,10995.19,11175.66,Surged Relax Interventions 50%,Mongolia,MNG,2021-05-03,v8,TRUE
2021-04-02,cumulative_deaths,8.91,9.13,9.37,9.37,9.61,9.82,Surged Relax Interventions 50%,Mongolia,MNG,2021-05-03,v8,TRUE
2021-04-02,Rt,2.02,2.04,2.06,2.06,2.08,2.1,Surged Relax Interventions 50%,Mongolia,MNG,2021-05-03,v8,TRUE
2021-04-02,Reff,1.89,1.91,1.93,1.93,1.95,1.96,Surged Relax Interventions 50%,Mongolia,MNG,2021-05-03,v8,TRUE
2021-04-03,deaths,0.82,0.83,0.85,0.85,0.87,0.88,Additional 50% Reduction,Mongolia,MNG,2021-05-03,v8,TRUE
2021-04-03,hospital_demand,44.39,45.06,45.8,45.8,46.55,47.22,Additional 50% Reduction,Mongolia,MNG,2021-05-03,v8,TRUE
2021-04-03,ICU_demand,14.92,15.16,15.42,15.42,15.68,15.91,Additional 50% Reduction,Mongolia,MNG,2021-05-03,v8,TRUE
2021-04-03,infections,1150.64,1171.45,1194.56,1194.56,1217.67,1238.47,Additional 50% Reduction,Mongolia,MNG,2021-05-03,v8,TRUE
2021-04-03,prevalence,8000.14,8151.25,8319.14,8319.14,8487.04,8638.15,Additional 50% Reduction,Mongolia,MNG,2021-05-03,v8,TRUE
2021-04-03,cumulative_infections,11564.32,11765.59,11989.23,11989.23,12212.86,12414.13,Additional 50% Reduction,Mongolia,MNG,2021-05-03,v8,TRUE
2021-04-03,cumulative_deaths,9.73,9.96,10.22,10.22,10.47,10.7,Additional 50% Reduction,Mongolia,MNG,2021-05-03,v8,TRUE
2021-04-03,Rt,1.9,1.92,1.94,1.94,1.96,1.99,Additional 50% Reduction,Mongolia,MNG,2021-05-03,v8,TRUE
2021-04-03,Reff,1.81,1.83,1.85,1.85,1.88,1.9,Additional 50% Reduction,Mongolia,MNG,2021-05-03,v8,TRUE
2021-04-03,deaths,0.82,0.83,0.85,0.85,0.87,0.88,Maintain Status Quo,Mongolia,MNG,2021-05-03,v8,TRUE
2021-04-03,hospital_demand,44.39,45.06,45.8,45.8,46.55,47.22,Maintain Status Quo,Mongolia,MNG,2021-05-03,v8,TRUE
2021-04-03,ICU_demand,14.92,15.16,15.42,15.42,15.68,15.91,Maintain Status Quo,Mongolia,MNG,2021-05-03,v8,TRUE
2021-04-03,infections,1150.64,1171.45,1194.56,1194.56,1217.67,1238.47,Maintain Status Quo,Mongolia,MNG,2021-05-03,v8,TRUE
2021-04-03,prevalence,8000.14,8151.25,8319.14,8319.14,8487.04,8638.15,Maintain Status Quo,Mongolia,MNG,2021-05-03,v8,TRUE
2021-04-03,cumulative_infections,11564.32,11765.59,11989.23,11989.23,12212.86,12414.13,Maintain Status Quo,Mongolia,MNG,2021-05-03,v8,TRUE
2021-04-03,cumulative_deaths,9.73,9.96,10.22,10.22,10.47,10.7,Maintain Status Quo,Mongolia,MNG,2021-05-03,v8,TRUE
2021-04-03,Rt,1.9,1.92,1.94,1.94,1.96,1.99,Maintain Status Quo,Mongolia,MNG,2021-05-03,v8,TRUE
2021-04-03,Reff,1.81,1.83,1.85,1.85,1.88,1.9,Maintain Status Quo,Mongolia,MNG,2021-05-03,v8,TRUE
2021-04-03,deaths,0.82,0.83,0.85,0.85,0.87,0.88,Relax Interventions 50%,Mongolia,MNG,2021-05-03,v8,TRUE
2021-04-03,hospital_demand,44.39,45.06,45.8,45.8,46.55,47.22,Relax Interventions 50%,Mongolia,MNG,2021-05-03,v8,TRUE
2021-04-03,ICU_demand,14.92,15.16,15.42,15.42,15.68,15.91,Relax Interventions 50%,Mongolia,MNG,2021-05-03,v8,TRUE
2021-04-03,infections,1150.64,1171.45,1194.56,1194.56,1217.67,1238.47,Relax Interventions 50%,Mongolia,MNG,2021-05-03,v8,TRUE
2021-04-03,prevalence,8000.14,8151.25,8319.14,8319.14,8487.04,8638.15,Relax Interventions 50%,Mongolia,MNG,2021-05-03,v8,TRUE
2021-04-03,cumulative_infections,11564.32,11765.59,11989.23,11989.23,12212.86,12414.13,Relax Interventions 50%,Mongolia,MNG,2021-05-03,v8,TRUE
2021-04-03,cumulative_deaths,9.73,9.96,10.22,10.22,10.47,10.7,Relax Interventions 50%,Mongolia,MNG,2021-05-03,v8,TRUE
2021-04-03,Rt,1.9,1.92,1.94,1.94,1.96,1.99,Relax Interventions 50%,Mongolia,MNG,2021-05-03,v8,TRUE
2021-04-03,Reff,1.81,1.83,1.85,1.85,1.88,1.9,Relax Interventions 50%,Mongolia,MNG,2021-05-03,v8,TRUE
2021-04-03,deaths,0.82,0.83,0.85,0.85,0.87,0.88,Surged Additional 50% Reduction,Mongolia,MNG,2021-05-03,v8,TRUE
2021-04-03,hospital_demand,44.39,45.06,45.8,45.8,46.55,47.22,Surged Additional 50% Reduction,Mongolia,MNG,2021-05-03,v8,TRUE
2021-04-03,ICU_demand,14.92,15.16,15.42,15.42,15.68,15.91,Surged Additional 50% Reduction,Mongolia,MNG,2021-05-03,v8,TRUE
2021-04-03,infections,1150.64,1171.45,1194.56,1194.56,1217.67,1238.47,Surged Additional 50% Reduction,Mongolia,MNG,2021-05-03,v8,TRUE
2021-04-03,prevalence,8000.14,8151.25,8319.14,8319.14,8487.04,8638.15,Surged Additional 50% Reduction,Mongolia,MNG,2021-05-03,v8,TRUE
2021-04-03,cumulative_infections,11564.32,11765.59,11989.23,11989.23,12212.86,12414.13,Surged Additional 50% Reduction,Mongolia,MNG,2021-05-03,v8,TRUE
2021-04-03,cumulative_deaths,9.73,9.96,10.22,10.22,10.47,10.7,Surged Additional 50% Reduction,Mongolia,MNG,2021-05-03,v8,TRUE
2021-04-03,Rt,1.9,1.92,1.94,1.94,1.96,1.99,Surged Additional 50% Reduction,Mongolia,MNG,2021-05-03,v8,TRUE
2021-04-03,Reff,1.77,1.79,1.81,1.81,1.83,1.85,Surged Additional 50% Reduction,Mongolia,MNG,2021-05-03,v8,TRUE
2021-04-03,deaths,0.82,0.83,0.85,0.85,0.87,0.88,Surged Maintain Status Quo,Mongolia,MNG,2021-05-03,v8,TRUE
2021-04-03,hospital_demand,44.39,45.06,45.8,45.8,46.55,47.22,Surged Maintain Status Quo,Mongolia,MNG,2021-05-03,v8,TRUE
2021-04-03,ICU_demand,14.92,15.16,15.42,15.42,15.68,15.91,Surged Maintain Status Quo,Mongolia,MNG,2021-05-03,v8,TRUE
2021-04-03,infections,1150.64,1171.45,1194.56,1194.56,1217.67,1238.47,Surged Maintain Status Quo,Mongolia,MNG,2021-05-03,v8,TRUE
2021-04-03,prevalence,8000.14,8151.25,8319.14,8319.14,8487.04,8638.15,Surged Maintain Status Quo,Mongolia,MNG,2021-05-03,v8,TRUE
2021-04-03,cumulative_infections,11564.32,11765.59,11989.23,11989.23,12212.86,12414.13,Surged Maintain Status Quo,Mongolia,MNG,2021-05-03,v8,TRUE
2021-04-03,cumulative_deaths,9.73,9.96,10.22,10.22,10.47,10.7,Surged Maintain Status Quo,Mongolia,MNG,2021-05-03,v8,TRUE
2021-04-03,Rt,1.9,1.92,1.94,1.94,1.96,1.99,Surged Maintain Status Quo,Mongolia,MNG,2021-05-03,v8,TRUE
2021-04-03,Reff,1.77,1.79,1.81,1.81,1.83,1.85,Surged Maintain Status Quo,Mongolia,MNG,2021-05-03,v8,TRUE
2021-04-03,deaths,0.82,0.83,0.85,0.85,0.87,0.88,Surged Relax Interventions 50%,Mongolia,MNG,2021-05-03,v8,TRUE
2021-04-03,hospital_demand,44.39,45.06,45.8,45.8,46.55,47.22,Surged Relax Interventions 50%,Mongolia,MNG,2021-05-03,v8,TRUE
2021-04-03,ICU_demand,14.92,15.16,15.42,15.42,15.68,15.91,Surged Relax Interventions 50%,Mongolia,MNG,2021-05-03,v8,TRUE
2021-04-03,infections,1150.64,1171.45,1194.56,1194.56,1217.67,1238.47,Surged Relax Interventions 50%,Mongolia,MNG,2021-05-03,v8,TRUE
2021-04-03,prevalence,8000.14,8151.25,8319.14,8319.14,8487.04,8638.15,Surged Relax Interventions 50%,Mongolia,MNG,2021-05-03,v8,TRUE
2021-04-03,cumulative_infections,11564.32,11765.59,11989.23,11989.23,12212.86,12414.13,Surged Relax Interventions 50%,Mongolia,MNG,2021-05-03,v8,TRUE
2021-04-03,cumulative_deaths,9.73,9.96,10.22,10.22,10.47,10.7,Surged Relax Interventions 50%,Mongolia,MNG,2021-05-03,v8,TRUE
2021-04-03,Rt,1.9,1.92,1.94,1.94,1.96,1.99,Surged Relax Interventions 50%,Mongolia,MNG,2021-05-03,v8,TRUE
2021-04-03,Reff,1.77,1.79,1.81,1.81,1.83,1.85,Surged Relax Interventions 50%,Mongolia,MNG,2021-05-03,v8,TRUE
2021-04-04,deaths,0.92,0.93,0.95,0.95,0.96,0.98,Additional 50% Reduction,Mongolia,MNG,2021-05-03,v8,TRUE
2021-04-04,hospital_demand,49.5,50.23,51.05,51.05,51.86,52.6,Additional 50% Reduction,Mongolia,MNG,2021-05-03,v8,TRUE
2021-04-04,ICU_demand,16.64,16.9,17.18,17.18,17.46,17.72,Additional 50% Reduction,Mongolia,MNG,2021-05-03,v8,TRUE
2021-04-04,infections,1273.67,1299.45,1328.09,1328.09,1356.74,1382.52,Additional 50% Reduction,Mongolia,MNG,2021-05-03,v8,TRUE
2021-04-04,prevalence,8802.58,8987.76,9193.51,9193.51,9399.26,9584.44,Additional 50% Reduction,Mongolia,MNG,2021-05-03,v8,TRUE
2021-04-04,cumulative_infections,12837.99,13065.04,13317.32,13317.32,13569.6,13796.65,Additional 50% Reduction,Mongolia,MNG,2021-05-03,v8,TRUE
2021-04-04,cumulative_deaths,10.65,10.89,11.16,11.16,11.43,11.68,Additional 50% Reduction,Mongolia,MNG,2021-05-03,v8,TRUE
2021-04-04,Rt,2.04,2.06,2.08,2.08,2.1,2.12,Additional 50% Reduction,Mongolia,MNG,2021-05-03,v8,TRUE
2021-04-04,Reff,1.94,1.96,1.98,1.98,2,2.02,Additional 50% Reduction,Mongolia,MNG,2021-05-03,v8,TRUE
2021-04-04,deaths,0.92,0.93,0.95,0.95,0.96,0.98,Maintain Status Quo,Mongolia,MNG,2021-05-03,v8,TRUE
2021-04-04,hospital_demand,49.5,50.23,51.05,51.05,51.86,52.6,Maintain Status Quo,Mongolia,MNG,2021-05-03,v8,TRUE
2021-04-04,ICU_demand,16.64,16.9,17.18,17.18,17.46,17.72,Maintain Status Quo,Mongolia,MNG,2021-05-03,v8,TRUE
2021-04-04,infections,1273.67,1299.45,1328.09,1328.09,1356.74,1382.52,Maintain Status Quo,Mongolia,MNG,2021-05-03,v8,TRUE
2021-04-04,prevalence,8802.58,8987.76,9193.51,9193.51,9399.26,9584.44,Maintain Status Quo,Mongolia,MNG,2021-05-03,v8,TRUE
2021-04-04,cumulative_infections,12837.99,13065.04,13317.32,13317.32,13569.6,13796.65,Maintain Status Quo,Mongolia,MNG,2021-05-03,v8,TRUE
2021-04-04,cumulative_deaths,10.65,10.89,11.16,11.16,11.43,11.68,Maintain Status Quo,Mongolia,MNG,2021-05-03,v8,TRUE
2021-04-04,Rt,2.04,2.06,2.08,2.08,2.1,2.12,Maintain Status Quo,Mongolia,MNG,2021-05-03,v8,TRUE
2021-04-04,Reff,1.94,1.96,1.98,1.98,2,2.02,Maintain Status Quo,Mongolia,MNG,2021-05-03,v8,TRUE
2021-04-04,deaths,0.92,0.93,0.95,0.95,0.96,0.98,Relax Interventions 50%,Mongolia,MNG,2021-05-03,v8,TRUE
2021-04-04,hospital_demand,49.5,50.23,51.05,51.05,51.86,52.6,Relax Interventions 50%,Mongolia,MNG,2021-05-03,v8,TRUE
2021-04-04,ICU_demand,16.64,16.9,17.18,17.18,17.46,17.72,Relax Interventions 50%,Mongolia,MNG,2021-05-03,v8,TRUE
2021-04-04,infections,1273.67,1299.45,1328.09,1328.09,1356.74,1382.52,Relax Interventions 50%,Mongolia,MNG,2021-05-03,v8,TRUE
2021-04-04,prevalence,8802.58,8987.76,9193.51,9193.51,9399.26,9584.44,Relax Interventions 50%,Mongolia,MNG,2021-05-03,v8,TRUE
2021-04-04,cumulative_infections,12837.99,13065.04,13317.32,13317.32,13569.6,13796.65,Relax Interventions 50%,Mongolia,MNG,2021-05-03,v8,TRUE
2021-04-04,cumulative_deaths,10.65,10.89,11.16,11.16,11.43,11.68,Relax Interventions 50%,Mongolia,MNG,2021-05-03,v8,TRUE
2021-04-04,Rt,2.04,2.06,2.08,2.08,2.1,2.12,Relax Interventions 50%,Mongolia,MNG,2021-05-03,v8,TRUE
2021-04-04,Reff,1.94,1.96,1.98,1.98,2,2.02,Relax Interventions 50%,Mongolia,MNG,2021-05-03,v8,TRUE
2021-04-04,deaths,0.92,0.93,0.95,0.95,0.96,0.98,Surged Additional 50% Reduction,Mongolia,MNG,2021-05-03,v8,TRUE
2021-04-04,hospital_demand,49.5,50.23,51.05,51.05,51.86,52.6,Surged Additional 50% Reduction,Mongolia,MNG,2021-05-03,v8,TRUE
2021-04-04,ICU_demand,16.64,16.9,17.18,17.18,17.46,17.72,Surged Additional 50% Reduction,Mongolia,MNG,2021-05-03,v8,TRUE
2021-04-04,infections,1273.67,1299.45,1328.09,1328.09,1356.74,1382.52,Surged Additional 50% Reduction,Mongolia,MNG,2021-05-03,v8,TRUE
2021-04-04,prevalence,8802.58,8987.76,9193.51,9193.51,9399.26,9584.44,Surged Additional 50% Reduction,Mongolia,MNG,2021-05-03,v8,TRUE
2021-04-04,cumulative_infections,12837.99,13065.04,13317.32,13317.32,13569.6,13796.65,Surged Additional 50% Reduction,Mongolia,MNG,2021-05-03,v8,TRUE
2021-04-04,cumulative_deaths,10.65,10.89,11.16,11.16,11.43,11.68,Surged Additional 50% Reduction,Mongolia,MNG,2021-05-03,v8,TRUE
2021-04-04,Rt,2.04,2.06,2.08,2.08,2.1,2.12,Surged Additional 50% Reduction,Mongolia,MNG,2021-05-03,v8,TRUE
2021-04-04,Reff,1.89,1.91,1.93,1.93,1.95,1.97,Surged Additional 50% Reduction,Mongolia,MNG,2021-05-03,v8,TRUE
2021-04-04,deaths,0.92,0.93,0.95,0.95,0.96,0.98,Surged Maintain Status Quo,Mongolia,MNG,2021-05-03,v8,TRUE
2021-04-04,hospital_demand,49.5,50.23,51.05,51.05,51.86,52.6,Surged Maintain Status Quo,Mongolia,MNG,2021-05-03,v8,TRUE
2021-04-04,ICU_demand,16.64,16.9,17.18,17.18,17.46,17.72,Surged Maintain Status Quo,Mongolia,MNG,2021-05-03,v8,TRUE
2021-04-04,infections,1273.67,1299.45,1328.09,1328.09,1356.74,1382.52,Surged Maintain Status Quo,Mongolia,MNG,2021-05-03,v8,TRUE
2021-04-04,prevalence,8802.58,8987.76,9193.51,9193.51,9399.26,9584.44,Surged Maintain Status Quo,Mongolia,MNG,2021-05-03,v8,TRUE
2021-04-04,cumulative_infections,12837.99,13065.04,13317.32,13317.32,13569.6,13796.65,Surged Maintain Status Quo,Mongolia,MNG,2021-05-03,v8,TRUE
2021-04-04,cumulative_deaths,10.65,10.89,11.16,11.16,11.43,11.68,Surged Maintain Status Quo,Mongolia,MNG,2021-05-03,v8,TRUE
2021-04-04,Rt,2.04,2.06,2.08,2.08,2.1,2.12,Surged Maintain Status Quo,Mongolia,MNG,2021-05-03,v8,TRUE
2021-04-04,Reff,1.89,1.91,1.93,1.93,1.95,1.97,Surged Maintain Status Quo,Mongolia,MNG,2021-05-03,v8,TRUE
2021-04-04,deaths,0.92,0.93,0.95,0.95,0.96,0.98,Surged Relax Interventions 50%,Mongolia,MNG,2021-05-03,v8,TRUE
2021-04-04,hospital_demand,49.5,50.23,51.05,51.05,51.86,52.6,Surged Relax Interventions 50%,Mongolia,MNG,2021-05-03,v8,TRUE
2021-04-04,ICU_demand,16.64,16.9,17.18,17.18,17.46,17.72,Surged Relax Interventions 50%,Mongolia,MNG,2021-05-03,v8,TRUE
2021-04-04,infections,1273.67,1299.45,1328.09,1328.09,1356.74,1382.52,Surged Relax Interventions 50%,Mongolia,MNG,2021-05-03,v8,TRUE
2021-04-04,prevalence,8802.58,8987.76,9193.51,9193.51,9399.26,9584.44,Surged Relax Interventions 50%,Mongolia,MNG,2021-05-03,v8,TRUE
2021-04-04,cumulative_infections,12837.99,13065.04,13317.32,13317.32,13569.6,13796.65,Surged Relax Interventions 50%,Mongolia,MNG,2021-05-03,v8,TRUE
2021-04-04,cumulative_deaths,10.65,10.89,11.16,11.16,11.43,11.68,Surged Relax Interventions 50%,Mongolia,MNG,2021-05-03,v8,TRUE
2021-04-04,Rt,2.04,2.06,2.08,2.08,2.1,2.12,Surged Relax Interventions 50%,Mongolia,MNG,2021-05-03,v8,TRUE
2021-04-04,Reff,1.89,1.91,1.93,1.93,1.95,1.97,Surged Relax Interventions 50%,Mongolia,MNG,2021-05-03,v8,TRUE
2021-04-05,deaths,1.02,1.04,1.06,1.06,1.07,1.09,Additional 50% Reduction,Mongolia,MNG,2021-05-03,v8,TRUE
2021-04-05,hospital_demand,55.16,55.98,56.89,56.89,57.8,58.62,Additional 50% Reduction,Mongolia,MNG,2021-05-03,v8,TRUE
2021-04-05,ICU_demand,18.54,18.83,19.14,19.14,19.46,19.74,Additional 50% Reduction,Mongolia,MNG,2021-05-03,v8,TRUE
2021-04-05,infections,1412.29,1443.79,1478.79,1478.79,1513.79,1545.29,Additional 50% Reduction,Mongolia,MNG,2021-05-03,v8,TRUE
2021-04-05,prevalence,9834.74,10059.82,10309.92,10309.92,10560.01,10785.1,Additional 50% Reduction,Mongolia,MNG,2021-05-03,v8,TRUE
2021-04-05,cumulative_infections,14250.28,14508.83,14796.11,14796.11,15083.39,15341.94,Additional 50% Reduction,Mongolia,MNG,2021-05-03,v8,TRUE
2021-04-05,cumulative_deaths,11.67,11.93,12.22,12.22,12.51,12.77,Additional 50% Reduction,Mongolia,MNG,2021-05-03,v8,TRUE
2021-04-05,Rt,1.97,1.99,2.01,2.01,2.04,2.06,Additional 50% Reduction,Mongolia,MNG,2021-05-03,v8,TRUE
2021-04-05,Reff,1.87,1.89,1.91,1.91,1.93,1.95,Additional 50% Reduction,Mongolia,MNG,2021-05-03,v8,TRUE
2021-04-05,deaths,1.02,1.04,1.06,1.06,1.07,1.09,Maintain Status Quo,Mongolia,MNG,2021-05-03,v8,TRUE
2021-04-05,hospital_demand,55.16,55.98,56.89,56.89,57.8,58.62,Maintain Status Quo,Mongolia,MNG,2021-05-03,v8,TRUE
2021-04-05,ICU_demand,18.54,18.83,19.14,19.14,19.46,19.74,Maintain Status Quo,Mongolia,MNG,2021-05-03,v8,TRUE
2021-04-05,infections,1412.29,1443.79,1478.79,1478.79,1513.79,1545.29,Maintain Status Quo,Mongolia,MNG,2021-05-03,v8,TRUE
2021-04-05,prevalence,9834.74,10059.82,10309.92,10309.92,10560.01,10785.1,Maintain Status Quo,Mongolia,MNG,2021-05-03,v8,TRUE
2021-04-05,cumulative_infections,14250.28,14508.83,14796.11,14796.11,15083.39,15341.94,Maintain Status Quo,Mongolia,MNG,2021-05-03,v8,TRUE
2021-04-05,cumulative_deaths,11.67,11.93,12.22,12.22,12.51,12.77,Maintain Status Quo,Mongolia,MNG,2021-05-03,v8,TRUE
2021-04-05,Rt,1.97,1.99,2.01,2.01,2.04,2.06,Maintain Status Quo,Mongolia,MNG,2021-05-03,v8,TRUE
2021-04-05,Reff,1.87,1.89,1.91,1.91,1.93,1.95,Maintain Status Quo,Mongolia,MNG,2021-05-03,v8,TRUE
2021-04-05,deaths,1.02,1.04,1.06,1.06,1.07,1.09,Relax Interventions 50%,Mongolia,MNG,2021-05-03,v8,TRUE
2021-04-05,hospital_demand,55.16,55.98,56.89,56.89,57.8,58.62,Relax Interventions 50%,Mongolia,MNG,2021-05-03,v8,TRUE
2021-04-05,ICU_demand,18.54,18.83,19.14,19.14,19.46,19.74,Relax Interventions 50%,Mongolia,MNG,2021-05-03,v8,TRUE
2021-04-05,infections,1412.29,1443.79,1478.79,1478.79,1513.79,1545.29,Relax Interventions 50%,Mongolia,MNG,2021-05-03,v8,TRUE
2021-04-05,prevalence,9834.74,10059.82,10309.92,10309.92,10560.01,10785.1,Relax Interventions 50%,Mongolia,MNG,2021-05-03,v8,TRUE
2021-04-05,cumulative_infections,14250.28,14508.83,14796.11,14796.11,15083.39,15341.94,Relax Interventions 50%,Mongolia,MNG,2021-05-03,v8,TRUE
2021-04-05,cumulative_deaths,11.67,11.93,12.22,12.22,12.51,12.77,Relax Interventions 50%,Mongolia,MNG,2021-05-03,v8,TRUE
2021-04-05,Rt,1.97,1.99,2.01,2.01,2.04,2.06,Relax Interventions 50%,Mongolia,MNG,2021-05-03,v8,TRUE
2021-04-05,Reff,1.87,1.89,1.91,1.91,1.93,1.95,Relax Interventions 50%,Mongolia,MNG,2021-05-03,v8,TRUE
2021-04-05,deaths,1.02,1.04,1.06,1.06,1.07,1.09,Surged Additional 50% Reduction,Mongolia,MNG,2021-05-03,v8,TRUE
2021-04-05,hospital_demand,55.16,55.98,56.89,56.89,57.8,58.62,Surged Additional 50% Reduction,Mongolia,MNG,2021-05-03,v8,TRUE
2021-04-05,ICU_demand,18.54,18.83,19.14,19.14,19.46,19.74,Surged Additional 50% Reduction,Mongolia,MNG,2021-05-03,v8,TRUE
2021-04-05,infections,1412.29,1443.79,1478.79,1478.79,1513.79,1545.29,Surged Additional 50% Reduction,Mongolia,MNG,2021-05-03,v8,TRUE
2021-04-05,prevalence,9834.74,10059.82,10309.92,10309.92,10560.01,10785.1,Surged Additional 50% Reduction,Mongolia,MNG,2021-05-03,v8,TRUE
2021-04-05,cumulative_infections,14250.28,14508.83,14796.11,14796.11,15083.39,15341.94,Surged Additional 50% Reduction,Mongolia,MNG,2021-05-03,v8,TRUE
2021-04-05,cumulative_deaths,11.67,11.93,12.22,12.22,12.51,12.77,Surged Additional 50% Reduction,Mongolia,MNG,2021-05-03,v8,TRUE
2021-04-05,Rt,1.97,1.99,2.01,2.01,2.04,2.06,Surged Additional 50% Reduction,Mongolia,MNG,2021-05-03,v8,TRUE
2021-04-05,Reff,1.82,1.84,1.86,1.86,1.88,1.9,Surged Additional 50% Reduction,Mongolia,MNG,2021-05-03,v8,TRUE
2021-04-05,deaths,1.02,1.04,1.06,1.06,1.07,1.09,Surged Maintain Status Quo,Mongolia,MNG,2021-05-03,v8,TRUE
2021-04-05,hospital_demand,55.16,55.98,56.89,56.89,57.8,58.62,Surged Maintain Status Quo,Mongolia,MNG,2021-05-03,v8,TRUE
2021-04-05,ICU_demand,18.54,18.83,19.14,19.14,19.46,19.74,Surged Maintain Status Quo,Mongolia,MNG,2021-05-03,v8,TRUE
2021-04-05,infections,1412.29,1443.79,1478.79,1478.79,1513.79,1545.29,Surged Maintain Status Quo,Mongolia,MNG,2021-05-03,v8,TRUE
2021-04-05,prevalence,9834.74,10059.82,10309.92,10309.92,10560.01,10785.1,Surged Maintain Status Quo,Mongolia,MNG,2021-05-03,v8,TRUE
2021-04-05,cumulative_infections,14250.28,14508.83,14796.11,14796.11,15083.39,15341.94,Surged Maintain Status Quo,Mongolia,MNG,2021-05-03,v8,TRUE
2021-04-05,cumulative_deaths,11.67,11.93,12.22,12.22,12.51,12.77,Surged Maintain Status Quo,Mongolia,MNG,2021-05-03,v8,TRUE
2021-04-05,Rt,1.97,1.99,2.01,2.01,2.04,2.06,Surged Maintain Status Quo,Mongolia,MNG,2021-05-03,v8,TRUE
2021-04-05,Reff,1.82,1.84,1.86,1.86,1.88,1.9,Surged Maintain Status Quo,Mongolia,MNG,2021-05-03,v8,TRUE
2021-04-05,deaths,1.02,1.04,1.06,1.06,1.07,1.09,Surged Relax Interventions 50%,Mongolia,MNG,2021-05-03,v8,TRUE
2021-04-05,hospital_demand,55.16,55.98,56.89,56.89,57.8,58.62,Surged Relax Interventions 50%,Mongolia,MNG,2021-05-03,v8,TRUE
2021-04-05,ICU_demand,18.54,18.83,19.14,19.14,19.46,19.74,Surged Relax Interventions 50%,Mongolia,MNG,2021-05-03,v8,TRUE
2021-04-05,infections,1412.29,1443.79,1478.79,1478.79,1513.79,1545.29,Surged Relax Interventions 50%,Mongolia,MNG,2021-05-03,v8,TRUE
2021-04-05,prevalence,9834.74,10059.82,10309.92,10309.92,10560.01,10785.1,Surged Relax Interventions 50%,Mongolia,MNG,2021-05-03,v8,TRUE
2021-04-05,cumulative_infections,14250.28,14508.83,14796.11,14796.11,15083.39,15341.94,Surged Relax Interventions 50%,Mongolia,MNG,2021-05-03,v8,TRUE
2021-04-05,cumulative_deaths,11.67,11.93,12.22,12.22,12.51,12.77,Surged Relax Interventions 50%,Mongolia,MNG,2021-05-03,v8,TRUE
2021-04-05,Rt,1.97,1.99,2.01,2.01,2.04,2.06,Surged Relax Interventions 50%,Mongolia,MNG,2021-05-03,v8,TRUE
2021-04-05,Reff,1.82,1.84,1.86,1.86,1.88,1.9,Surged Relax Interventions 50%,Mongolia,MNG,2021-05-03,v8,TRUE
2021-04-06,deaths,1.14,1.16,1.18,1.18,1.2,1.21,Additional 50% Reduction,Mongolia,MNG,2021-05-03,v8,TRUE
2021-04-06,hospital_demand,61.42,62.35,63.38,63.38,64.41,65.34,Additional 50% Reduction,Mongolia,MNG,2021-05-03,v8,TRUE
2021-04-06,ICU_demand,20.65,20.97,21.32,21.32,21.68,21.99,Additional 50% Reduction,Mongolia,MNG,2021-05-03,v8,TRUE
2021-04-06,infections,1569,1607.12,1649.48,1649.48,1691.83,1729.95,Additional 50% Reduction,Mongolia,MNG,2021-05-03,v8,TRUE
2021-04-06,prevalence,10898.2,11169.3,11470.51,11470.51,11771.73,12042.83,Additional 50% Reduction,Mongolia,MNG,2021-05-03,v8,TRUE
2021-04-06,cumulative_infections,15819.28,16115.95,16445.59,16445.59,16775.22,17071.89,Additional 50% Reduction,Mongolia,MNG,2021-05-03,v8,TRUE
2021-04-06,cumulative_deaths,12.81,13.09,13.39,13.39,13.7,13.98,Additional 50% Reduction,Mongolia,MNG,2021-05-03,v8,TRUE
2021-04-06,Rt,2.08,2.1,2.12,2.12,2.14,2.16,Additional 50% Reduction,Mongolia,MNG,2021-05-03,v8,TRUE
2021-04-06,Reff,1.97,1.98,2,2,2.02,2.04,Additional 50% Reduction,Mongolia,MNG,2021-05-03,v8,TRUE
2021-04-06,deaths,1.14,1.16,1.18,1.18,1.2,1.21,Maintain Status Quo,Mongolia,MNG,2021-05-03,v8,TRUE
2021-04-06,hospital_demand,61.42,62.35,63.38,63.38,64.41,65.34,Maintain Status Quo,Mongolia,MNG,2021-05-03,v8,TRUE
2021-04-06,ICU_demand,20.65,20.97,21.32,21.32,21.68,21.99,Maintain Status Quo,Mongolia,MNG,2021-05-03,v8,TRUE
2021-04-06,infections,1569,1607.12,1649.48,1649.48,1691.83,1729.95,Maintain Status Quo,Mongolia,MNG,2021-05-03,v8,TRUE
2021-04-06,prevalence,10898.2,11169.3,11470.51,11470.51,11771.73,12042.83,Maintain Status Quo,Mongolia,MNG,2021-05-03,v8,TRUE
2021-04-06,cumulative_infections,15819.28,16115.95,16445.59,16445.59,16775.22,17071.89,Maintain Status Quo,Mongolia,MNG,2021-05-03,v8,TRUE
2021-04-06,cumulative_deaths,12.81,13.09,13.39,13.39,13.7,13.98,Maintain Status Quo,Mongolia,MNG,2021-05-03,v8,TRUE
2021-04-06,Rt,2.08,2.1,2.12,2.12,2.14,2.16,Maintain Status Quo,Mongolia,MNG,2021-05-03,v8,TRUE
2021-04-06,Reff,1.97,1.98,2,2,2.02,2.04,Maintain Status Quo,Mongolia,MNG,2021-05-03,v8,TRUE
2021-04-06,deaths,1.14,1.16,1.18,1.18,1.2,1.21,Relax Interventions 50%,Mongolia,MNG,2021-05-03,v8,TRUE
2021-04-06,hospital_demand,61.42,62.35,63.38,63.38,64.41,65.34,Relax Interventions 50%,Mongolia,MNG,2021-05-03,v8,TRUE
2021-04-06,ICU_demand,20.65,20.97,21.32,21.32,21.68,21.99,Relax Interventions 50%,Mongolia,MNG,2021-05-03,v8,TRUE
2021-04-06,infections,1569,1607.12,1649.48,1649.48,1691.83,1729.95,Relax Interventions 50%,Mongolia,MNG,2021-05-03,v8,TRUE
2021-04-06,prevalence,10898.2,11169.3,11470.51,11470.51,11771.73,12042.83,Relax Interventions 50%,Mongolia,MNG,2021-05-03,v8,TRUE
2021-04-06,cumulative_infections,15819.28,16115.95,16445.59,16445.59,16775.22,17071.89,Relax Interventions 50%,Mongolia,MNG,2021-05-03,v8,TRUE
2021-04-06,cumulative_deaths,12.81,13.09,13.39,13.39,13.7,13.98,Relax Interventions 50%,Mongolia,MNG,2021-05-03,v8,TRUE
2021-04-06,Rt,2.08,2.1,2.12,2.12,2.14,2.16,Relax Interventions 50%,Mongolia,MNG,2021-05-03,v8,TRUE
2021-04-06,Reff,1.97,1.98,2,2,2.02,2.04,Relax Interventions 50%,Mongolia,MNG,2021-05-03,v8,TRUE
2021-04-06,deaths,1.14,1.16,1.18,1.18,1.2,1.21,Surged Additional 50% Reduction,Mongolia,MNG,2021-05-03,v8,TRUE
2021-04-06,hospital_demand,61.42,62.35,63.38,63.38,64.41,65.34,Surged Additional 50% Reduction,Mongolia,MNG,2021-05-03,v8,TRUE
2021-04-06,ICU_demand,20.65,20.97,21.32,21.32,21.68,21.99,Surged Additional 50% Reduction,Mongolia,MNG,2021-05-03,v8,TRUE
2021-04-06,infections,1569,1607.12,1649.48,1649.48,1691.83,1729.95,Surged Additional 50% Reduction,Mongolia,MNG,2021-05-03,v8,TRUE
2021-04-06,prevalence,10898.2,11169.3,11470.51,11470.51,11771.73,12042.83,Surged Additional 50% Reduction,Mongolia,MNG,2021-05-03,v8,TRUE
2021-04-06,cumulative_infections,15819.28,16115.95,16445.59,16445.59,16775.22,17071.89,Surged Additional 50% Reduction,Mongolia,MNG,2021-05-03,v8,TRUE
2021-04-06,cumulative_deaths,12.81,13.09,13.39,13.39,13.7,13.98,Surged Additional 50% Reduction,Mongolia,MNG,2021-05-03,v8,TRUE
2021-04-06,Rt,2.08,2.1,2.12,2.12,2.14,2.16,Surged Additional 50% Reduction,Mongolia,MNG,2021-05-03,v8,TRUE
2021-04-06,Reff,1.91,1.93,1.95,1.95,1.97,1.98,Surged Additional 50% Reduction,Mongolia,MNG,2021-05-03,v8,TRUE
2021-04-06,deaths,1.14,1.16,1.18,1.18,1.2,1.21,Surged Maintain Status Quo,Mongolia,MNG,2021-05-03,v8,TRUE
2021-04-06,hospital_demand,61.42,62.35,63.38,63.38,64.41,65.34,Surged Maintain Status Quo,Mongolia,MNG,2021-05-03,v8,TRUE
2021-04-06,ICU_demand,20.65,20.97,21.32,21.32,21.68,21.99,Surged Maintain Status Quo,Mongolia,MNG,2021-05-03,v8,TRUE
2021-04-06,infections,1569,1607.12,1649.48,1649.48,1691.83,1729.95,Surged Maintain Status Quo,Mongolia,MNG,2021-05-03,v8,TRUE
2021-04-06,prevalence,10898.2,11169.3,11470.51,11470.51,11771.73,12042.83,Surged Maintain Status Quo,Mongolia,MNG,2021-05-03,v8,TRUE
2021-04-06,cumulative_infections,15819.28,16115.95,16445.59,16445.59,16775.22,17071.89,Surged Maintain Status Quo,Mongolia,MNG,2021-05-03,v8,TRUE
2021-04-06,cumulative_deaths,12.81,13.09,13.39,13.39,13.7,13.98,Surged Maintain Status Quo,Mongolia,MNG,2021-05-03,v8,TRUE
2021-04-06,Rt,2.08,2.1,2.12,2.12,2.14,2.16,Surged Maintain Status Quo,Mongolia,MNG,2021-05-03,v8,TRUE
2021-04-06,Reff,1.91,1.93,1.95,1.95,1.97,1.98,Surged Maintain Status Quo,Mongolia,MNG,2021-05-03,v8,TRUE
2021-04-06,deaths,1.14,1.16,1.18,1.18,1.2,1.21,Surged Relax Interventions 50%,Mongolia,MNG,2021-05-03,v8,TRUE
2021-04-06,hospital_demand,61.42,62.35,63.38,63.38,64.41,65.34,Surged Relax Interventions 50%,Mongolia,MNG,2021-05-03,v8,TRUE
2021-04-06,ICU_demand,20.65,20.97,21.32,21.32,21.68,21.99,Surged Relax Interventions 50%,Mongolia,MNG,2021-05-03,v8,TRUE
2021-04-06,infections,1569,1607.12,1649.48,1649.48,1691.83,1729.95,Surged Relax Interventions 50%,Mongolia,MNG,2021-05-03,v8,TRUE
2021-04-06,prevalence,10898.2,11169.3,11470.51,11470.51,11771.73,12042.83,Surged Relax Interventions 50%,Mongolia,MNG,2021-05-03,v8,TRUE
2021-04-06,cumulative_infections,15819.28,16115.95,16445.59,16445.59,16775.22,17071.89,Surged Relax Interventions 50%,Mongolia,MNG,2021-05-03,v8,TRUE
2021-04-06,cumulative_deaths,12.81,13.09,13.39,13.39,13.7,13.98,Surged Relax Interventions 50%,Mongolia,MNG,2021-05-03,v8,TRUE
2021-04-06,Rt,2.08,2.1,2.12,2.12,2.14,2.16,Surged Relax Interventions 50%,Mongolia,MNG,2021-05-03,v8,TRUE
2021-04-06,Reff,1.91,1.93,1.95,1.95,1.97,1.98,Surged Relax Interventions 50%,Mongolia,MNG,2021-05-03,v8,TRUE
2021-04-07,deaths,1.27,1.29,1.31,1.31,1.33,1.35,Additional 50% Reduction,Mongolia,MNG,2021-05-03,v8,TRUE
2021-04-07,hospital_demand,68.31,69.38,70.58,70.58,71.77,72.85,Additional 50% Reduction,Mongolia,MNG,2021-05-03,v8,TRUE
2021-04-07,ICU_demand,22.97,23.34,23.74,23.74,24.15,24.51,Additional 50% Reduction,Mongolia,MNG,2021-05-03,v8,TRUE
2021-04-07,infections,1748.6,1794.39,1845.26,1845.26,1896.13,1941.92,Additional 50% Reduction,Mongolia,MNG,2021-05-03,v8,TRUE
2021-04-07,prevalence,12205.3,12530.43,12891.68,12891.68,13252.94,13578.07,Additional 50% Reduction,Mongolia,MNG,2021-05-03,v8,TRUE
2021-04-07,cumulative_infections,17567.88,17910.34,18290.85,18290.85,18671.35,19013.81,Additional 50% Reduction,Mongolia,MNG,2021-05-03,v8,TRUE
2021-04-07,cumulative_deaths,14.08,14.38,14.71,14.71,15.04,15.33,Additional 50% Reduction,Mongolia,MNG,2021-05-03,v8,TRUE
2021-04-07,Rt,2.06,2.08,2.1,2.1,2.12,2.14,Additional 50% Reduction,Mongolia,MNG,2021-05-03,v8,TRUE
2021-04-07,Reff,1.94,1.96,1.98,1.98,2,2.02,Additional 50% Reduction,Mongolia,MNG,2021-05-03,v8,TRUE
2021-04-07,deaths,1.27,1.29,1.31,1.31,1.33,1.35,Maintain Status Quo,Mongolia,MNG,2021-05-03,v8,TRUE
2021-04-07,hospital_demand,68.31,69.38,70.58,70.58,71.77,72.85,Maintain Status Quo,Mongolia,MNG,2021-05-03,v8,TRUE
2021-04-07,ICU_demand,22.97,23.34,23.74,23.74,24.15,24.51,Maintain Status Quo,Mongolia,MNG,2021-05-03,v8,TRUE
2021-04-07,infections,1748.6,1794.39,1845.26,1845.26,1896.13,1941.92,Maintain Status Quo,Mongolia,MNG,2021-05-03,v8,TRUE
2021-04-07,prevalence,12205.3,12530.43,12891.68,12891.68,13252.94,13578.07,Maintain Status Quo,Mongolia,MNG,2021-05-03,v8,TRUE
2021-04-07,cumulative_infections,17567.88,17910.34,18290.85,18290.85,18671.35,19013.81,Maintain Status Quo,Mongolia,MNG,2021-05-03,v8,TRUE
2021-04-07,cumulative_deaths,14.08,14.38,14.71,14.71,15.04,15.33,Maintain Status Quo,Mongolia,MNG,2021-05-03,v8,TRUE
2021-04-07,Rt,2.06,2.08,2.1,2.1,2.12,2.14,Maintain Status Quo,Mongolia,MNG,2021-05-03,v8,TRUE
2021-04-07,Reff,1.94,1.96,1.98,1.98,2,2.02,Maintain Status Quo,Mongolia,MNG,2021-05-03,v8,TRUE
2021-04-07,deaths,1.27,1.29,1.31,1.31,1.33,1.35,Relax Interventions 50%,Mongolia,MNG,2021-05-03,v8,TRUE
2021-04-07,hospital_demand,68.31,69.38,70.58,70.58,71.77,72.85,Relax Interventions 50%,Mongolia,MNG,2021-05-03,v8,TRUE
2021-04-07,ICU_demand,22.97,23.34,23.74,23.74,24.15,24.51,Relax Interventions 50%,Mongolia,MNG,2021-05-03,v8,TRUE
2021-04-07,infections,1748.6,1794.39,1845.26,1845.26,1896.13,1941.92,Relax Interventions 50%,Mongolia,MNG,2021-05-03,v8,TRUE
2021-04-07,prevalence,12205.3,12530.43,12891.68,12891.68,13252.94,13578.07,Relax Interventions 50%,Mongolia,MNG,2021-05-03,v8,TRUE
2021-04-07,cumulative_infections,17567.88,17910.34,18290.85,18290.85,18671.35,19013.81,Relax Interventions 50%,Mongolia,MNG,2021-05-03,v8,TRUE
2021-04-07,cumulative_deaths,14.08,14.38,14.71,14.71,15.04,15.33,Relax Interventions 50%,Mongolia,MNG,2021-05-03,v8,TRUE
2021-04-07,Rt,2.06,2.08,2.1,2.1,2.12,2.14,Relax Interventions 50%,Mongolia,MNG,2021-05-03,v8,TRUE
2021-04-07,Reff,1.94,1.96,1.98,1.98,2,2.02,Relax Interventions 50%,Mongolia,MNG,2021-05-03,v8,TRUE
2021-04-07,deaths,1.27,1.29,1.31,1.31,1.33,1.35,Surged Additional 50% Reduction,Mongolia,MNG,2021-05-03,v8,TRUE
2021-04-07,hospital_demand,68.31,69.38,70.58,70.58,71.77,72.85,Surged Additional 50% Reduction,Mongolia,MNG,2021-05-03,v8,TRUE
2021-04-07,ICU_demand,22.97,23.34,23.74,23.74,24.15,24.51,Surged Additional 50% Reduction,Mongolia,MNG,2021-05-03,v8,TRUE
2021-04-07,infections,1748.6,1794.39,1845.26,1845.26,1896.13,1941.92,Surged Additional 50% Reduction,Mongolia,MNG,2021-05-03,v8,TRUE
2021-04-07,prevalence,12205.3,12530.43,12891.68,12891.68,13252.94,13578.07,Surged Additional 50% Reduction,Mongolia,MNG,2021-05-03,v8,TRUE
2021-04-07,cumulative_infections,17567.88,17910.34,18290.85,18290.85,18671.35,19013.81,Surged Additional 50% Reduction,Mongolia,MNG,2021-05-03,v8,TRUE
2021-04-07,cumulative_deaths,14.08,14.38,14.71,14.71,15.04,15.33,Surged Additional 50% Reduction,Mongolia,MNG,2021-05-03,v8,TRUE
2021-04-07,Rt,2.06,2.08,2.1,2.1,2.12,2.14,Surged Additional 50% Reduction,Mongolia,MNG,2021-05-03,v8,TRUE
2021-04-07,Reff,1.89,1.9,1.92,1.92,1.94,1.96,Surged Additional 50% Reduction,Mongolia,MNG,2021-05-03,v8,TRUE
2021-04-07,deaths,1.27,1.29,1.31,1.31,1.33,1.35,Surged Maintain Status Quo,Mongolia,MNG,2021-05-03,v8,TRUE
2021-04-07,hospital_demand,68.31,69.38,70.58,70.58,71.77,72.85,Surged Maintain Status Quo,Mongolia,MNG,2021-05-03,v8,TRUE
2021-04-07,ICU_demand,22.97,23.34,23.74,23.74,24.15,24.51,Surged Maintain Status Quo,Mongolia,MNG,2021-05-03,v8,TRUE
2021-04-07,infections,1748.6,1794.39,1845.26,1845.26,1896.13,1941.92,Surged Maintain Status Quo,Mongolia,MNG,2021-05-03,v8,TRUE
2021-04-07,prevalence,12205.3,12530.43,12891.68,12891.68,13252.94,13578.07,Surged Maintain Status Quo,Mongolia,MNG,2021-05-03,v8,TRUE
2021-04-07,cumulative_infections,17567.88,17910.34,18290.85,18290.85,18671.35,19013.81,Surged Maintain Status Quo,Mongolia,MNG,2021-05-03,v8,TRUE
2021-04-07,cumulative_deaths,14.08,14.38,14.71,14.71,15.04,15.33,Surged Maintain Status Quo,Mongolia,MNG,2021-05-03,v8,TRUE
2021-04-07,Rt,2.06,2.08,2.1,2.1,2.12,2.14,Surged Maintain Status Quo,Mongolia,MNG,2021-05-03,v8,TRUE
2021-04-07,Reff,1.89,1.9,1.92,1.92,1.94,1.96,Surged Maintain Status Quo,Mongolia,MNG,2021-05-03,v8,TRUE
2021-04-07,deaths,1.27,1.29,1.31,1.31,1.33,1.35,Surged Relax Interventions 50%,Mongolia,MNG,2021-05-03,v8,TRUE
2021-04-07,hospital_demand,68.31,69.38,70.58,70.58,71.77,72.85,Surged Relax Interventions 50%,Mongolia,MNG,2021-05-03,v8,TRUE
2021-04-07,ICU_demand,22.97,23.34,23.74,23.74,24.15,24.51,Surged Relax Interventions 50%,Mongolia,MNG,2021-05-03,v8,TRUE
2021-04-07,infections,1748.6,1794.39,1845.26,1845.26,1896.13,1941.92,Surged Relax Interventions 50%,Mongolia,MNG,2021-05-03,v8,TRUE
2021-04-07,prevalence,12205.3,12530.43,12891.68,12891.68,13252.94,13578.07,Surged Relax Interventions 50%,Mongolia,MNG,2021-05-03,v8,TRUE
2021-04-07,cumulative_infections,17567.88,17910.34,18290.85,18290.85,18671.35,19013.81,Surged Relax Interventions 50%,Mongolia,MNG,2021-05-03,v8,TRUE
2021-04-07,cumulative_deaths,14.08,14.38,14.71,14.71,15.04,15.33,Surged Relax Interventions 50%,Mongolia,MNG,2021-05-03,v8,TRUE
2021-04-07,Rt,2.06,2.08,2.1,2.1,2.12,2.14,Surged Relax Interventions 50%,Mongolia,MNG,2021-05-03,v8,TRUE
2021-04-07,Reff,1.89,1.9,1.92,1.92,1.94,1.96,Surged Relax Interventions 50%,Mongolia,MNG,2021-05-03,v8,TRUE
2021-04-08,deaths,1.41,1.44,1.46,1.46,1.48,1.51,Additional 50% Reduction,Mongolia,MNG,2021-05-03,v8,TRUE
2021-04-08,hospital_demand,75.9,77.16,78.56,78.56,79.96,81.22,Additional 50% Reduction,Mongolia,MNG,2021-05-03,v8,TRUE
2021-04-08,ICU_demand,25.53,25.96,26.43,26.43,26.9,27.32,Additional 50% Reduction,Mongolia,MNG,2021-05-03,v8,TRUE
2021-04-08,infections,1954.36,2009.05,2069.82,2069.82,2130.6,2185.29,Additional 50% Reduction,Mongolia,MNG,2021-05-03,v8,TRUE
2021-04-08,prevalence,13624.34,14012.02,14442.78,14442.78,14873.54,15261.22,Additional 50% Reduction,Mongolia,MNG,2021-05-03,v8,TRUE
2021-04-08,cumulative_infections,19522.24,19919.39,20360.67,20360.67,20801.95,21199.1,Additional 50% Reduction,Mongolia,MNG,2021-05-03,v8,TRUE
2021-04-08,cumulative_deaths,15.49,15.81,16.17,16.17,16.52,16.84,Additional 50% Reduction,Mongolia,MNG,2021-05-03,v8,TRUE
2021-04-08,Rt,2.24,2.26,2.28,2.28,2.3,2.31,Additional 50% Reduction,Mongolia,MNG,2021-05-03,v8,TRUE
2021-04-08,Reff,2.11,2.12,2.14,2.14,2.15,2.17,Additional 50% Reduction,Mongolia,MNG,2021-05-03,v8,TRUE
2021-04-08,deaths,1.41,1.44,1.46,1.46,1.48,1.51,Maintain Status Quo,Mongolia,MNG,2021-05-03,v8,TRUE
2021-04-08,hospital_demand,75.9,77.16,78.56,78.56,79.96,81.22,Maintain Status Quo,Mongolia,MNG,2021-05-03,v8,TRUE
2021-04-08,ICU_demand,25.53,25.96,26.43,26.43,26.9,27.32,Maintain Status Quo,Mongolia,MNG,2021-05-03,v8,TRUE
2021-04-08,infections,1954.36,2009.05,2069.82,2069.82,2130.6,2185.29,Maintain Status Quo,Mongolia,MNG,2021-05-03,v8,TRUE
2021-04-08,prevalence,13624.34,14012.02,14442.78,14442.78,14873.54,15261.22,Maintain Status Quo,Mongolia,MNG,2021-05-03,v8,TRUE
2021-04-08,cumulative_infections,19522.24,19919.39,20360.67,20360.67,20801.95,21199.1,Maintain Status Quo,Mongolia,MNG,2021-05-03,v8,TRUE
2021-04-08,cumulative_deaths,15.49,15.81,16.17,16.17,16.52,16.84,Maintain Status Quo,Mongolia,MNG,2021-05-03,v8,TRUE
2021-04-08,Rt,2.24,2.26,2.28,2.28,2.3,2.31,Maintain Status Quo,Mongolia,MNG,2021-05-03,v8,TRUE
2021-04-08,Reff,2.11,2.12,2.14,2.14,2.15,2.17,Maintain Status Quo,Mongolia,MNG,2021-05-03,v8,TRUE
2021-04-08,deaths,1.41,1.44,1.46,1.46,1.48,1.51,Relax Interventions 50%,Mongolia,MNG,2021-05-03,v8,TRUE
2021-04-08,hospital_demand,75.9,77.16,78.56,78.56,79.96,81.22,Relax Interventions 50%,Mongolia,MNG,2021-05-03,v8,TRUE
2021-04-08,ICU_demand,25.53,25.96,26.43,26.43,26.9,27.32,Relax Interventions 50%,Mongolia,MNG,2021-05-03,v8,TRUE
2021-04-08,infections,1954.36,2009.05,2069.82,2069.82,2130.6,2185.29,Relax Interventions 50%,Mongolia,MNG,2021-05-03,v8,TRUE
2021-04-08,prevalence,13624.34,14012.02,14442.78,14442.78,14873.54,15261.22,Relax Interventions 50%,Mongolia,MNG,2021-05-03,v8,TRUE
2021-04-08,cumulative_infections,19522.24,19919.39,20360.67,20360.67,20801.95,21199.1,Relax Interventions 50%,Mongolia,MNG,2021-05-03,v8,TRUE
2021-04-08,cumulative_deaths,15.49,15.81,16.17,16.17,16.52,16.84,Relax Interventions 50%,Mongolia,MNG,2021-05-03,v8,TRUE
2021-04-08,Rt,2.24,2.26,2.28,2.28,2.3,2.31,Relax Interventions 50%,Mongolia,MNG,2021-05-03,v8,TRUE
2021-04-08,Reff,2.11,2.12,2.14,2.14,2.15,2.17,Relax Interventions 50%,Mongolia,MNG,2021-05-03,v8,TRUE
2021-04-08,deaths,1.41,1.44,1.46,1.46,1.48,1.51,Surged Additional 50% Reduction,Mongolia,MNG,2021-05-03,v8,TRUE
2021-04-08,hospital_demand,75.9,77.16,78.56,78.56,79.96,81.22,Surged Additional 50% Reduction,Mongolia,MNG,2021-05-03,v8,TRUE
2021-04-08,ICU_demand,25.53,25.96,26.43,26.43,26.9,27.32,Surged Additional 50% Reduction,Mongolia,MNG,2021-05-03,v8,TRUE
2021-04-08,infections,1954.36,2009.05,2069.82,2069.82,2130.6,2185.29,Surged Additional 50% Reduction,Mongolia,MNG,2021-05-03,v8,TRUE
2021-04-08,prevalence,13624.34,14012.02,14442.78,14442.78,14873.54,15261.22,Surged Additional 50% Reduction,Mongolia,MNG,2021-05-03,v8,TRUE
2021-04-08,cumulative_infections,19522.24,19919.39,20360.67,20360.67,20801.95,21199.1,Surged Additional 50% Reduction,Mongolia,MNG,2021-05-03,v8,TRUE
2021-04-08,cumulative_deaths,15.49,15.81,16.17,16.17,16.52,16.84,Surged Additional 50% Reduction,Mongolia,MNG,2021-05-03,v8,TRUE
2021-04-08,Rt,2.24,2.26,2.28,2.28,2.3,2.31,Surged Additional 50% Reduction,Mongolia,MNG,2021-05-03,v8,TRUE
2021-04-08,Reff,2.04,2.06,2.07,2.07,2.09,2.1,Surged Additional 50% Reduction,Mongolia,MNG,2021-05-03,v8,TRUE
2021-04-08,deaths,1.41,1.44,1.46,1.46,1.48,1.51,Surged Maintain Status Quo,Mongolia,MNG,2021-05-03,v8,TRUE
2021-04-08,hospital_demand,75.9,77.16,78.56,78.56,79.96,81.22,Surged Maintain Status Quo,Mongolia,MNG,2021-05-03,v8,TRUE
2021-04-08,ICU_demand,25.53,25.96,26.43,26.43,26.9,27.32,Surged Maintain Status Quo,Mongolia,MNG,2021-05-03,v8,TRUE
2021-04-08,infections,1954.36,2009.05,2069.82,2069.82,2130.6,2185.29,Surged Maintain Status Quo,Mongolia,MNG,2021-05-03,v8,TRUE
2021-04-08,prevalence,13624.34,14012.02,14442.78,14442.78,14873.54,15261.22,Surged Maintain Status Quo,Mongolia,MNG,2021-05-03,v8,TRUE
2021-04-08,cumulative_infections,19522.24,19919.39,20360.67,20360.67,20801.95,21199.1,Surged Maintain Status Quo,Mongolia,MNG,2021-05-03,v8,TRUE
2021-04-08,cumulative_deaths,15.49,15.81,16.17,16.17,16.52,16.84,Surged Maintain Status Quo,Mongolia,MNG,2021-05-03,v8,TRUE
2021-04-08,Rt,2.24,2.26,2.28,2.28,2.3,2.31,Surged Maintain Status Quo,Mongolia,MNG,2021-05-03,v8,TRUE
2021-04-08,Reff,2.04,2.06,2.07,2.07,2.09,2.1,Surged Maintain Status Quo,Mongolia,MNG,2021-05-03,v8,TRUE
2021-04-08,deaths,1.41,1.44,1.46,1.46,1.48,1.51,Surged Relax Interventions 50%,Mongolia,MNG,2021-05-03,v8,TRUE
2021-04-08,hospital_demand,75.9,77.16,78.56,78.56,79.96,81.22,Surged Relax Interventions 50%,Mongolia,MNG,2021-05-03,v8,TRUE
2021-04-08,ICU_demand,25.53,25.96,26.43,26.43,26.9,27.32,Surged Relax Interventions 50%,Mongolia,MNG,2021-05-03,v8,TRUE
2021-04-08,infections,1954.36,2009.05,2069.82,2069.82,2130.6,2185.29,Surged Relax Interventions 50%,Mongolia,MNG,2021-05-03,v8,TRUE
2021-04-08,prevalence,13624.34,14012.02,14442.78,14442.78,14873.54,15261.22,Surged Relax Interventions 50%,Mongolia,MNG,2021-05-03,v8,TRUE
2021-04-08,cumulative_infections,19522.24,19919.39,20360.67,20360.67,20801.95,21199.1,Surged Relax Interventions 50%,Mongolia,MNG,2021-05-03,v8,TRUE
2021-04-08,cumulative_deaths,15.49,15.81,16.17,16.17,16.52,16.84,Surged Relax Interventions 50%,Mongolia,MNG,2021-05-03,v8,TRUE
2021-04-08,Rt,2.24,2.26,2.28,2.28,2.3,2.31,Surged Relax Interventions 50%,Mongolia,MNG,2021-05-03,v8,TRUE
2021-04-08,Reff,2.04,2.06,2.07,2.07,2.09,2.1,Surged Relax Interventions 50%,Mongolia,MNG,2021-05-03,v8,TRUE
2021-04-09,deaths,1.57,1.6,1.63,1.63,1.65,1.68,Additional 50% Reduction,Mongolia,MNG,2021-05-03,v8,TRUE
2021-04-09,hospital_demand,84.28,85.77,87.42,87.42,89.07,90.55,Additional 50% Reduction,Mongolia,MNG,2021-05-03,v8,TRUE
2021-04-09,ICU_demand,28.36,28.86,29.41,29.41,29.96,30.45,Additional 50% Reduction,Mongolia,MNG,2021-05-03,v8,TRUE
2021-04-09,infections,2202.05,2267.18,2339.53,2339.53,2411.89,2477.01,Additional 50% Reduction,Mongolia,MNG,2021-05-03,v8,TRUE
2021-04-09,prevalence,15477.22,15939.13,16452.36,16452.36,16965.6,17427.51,Additional 50% Reduction,Mongolia,MNG,2021-05-03,v8,TRUE
2021-04-09,cumulative_infections,21724.29,22186.57,22700.2,22700.2,23213.84,23676.11,Additional 50% Reduction,Mongolia,MNG,2021-05-03,v8,TRUE
2021-04-09,cumulative_deaths,17.06,17.41,17.79,17.79,18.17,18.52,Additional 50% Reduction,Mongolia,MNG,2021-05-03,v8,TRUE
2021-04-09,Rt,3.26,3.26,3.27,3.27,3.27,3.27,Additional 50% Reduction,Mongolia,MNG,2021-05-03,v8,TRUE
2021-04-09,Reff,3.05,3.05,3.05,3.05,3.05,3.05,Additional 50% Reduction,Mongolia,MNG,2021-05-03,v8,TRUE
2021-04-09,deaths,1.57,1.6,1.63,1.63,1.65,1.68,Maintain Status Quo,Mongolia,MNG,2021-05-03,v8,TRUE
2021-04-09,hospital_demand,84.28,85.77,87.42,87.42,89.07,90.55,Maintain Status Quo,Mongolia,MNG,2021-05-03,v8,TRUE
2021-04-09,ICU_demand,28.36,28.86,29.41,29.41,29.96,30.45,Maintain Status Quo,Mongolia,MNG,2021-05-03,v8,TRUE
2021-04-09,infections,2202.05,2267.18,2339.53,2339.53,2411.89,2477.01,Maintain Status Quo,Mongolia,MNG,2021-05-03,v8,TRUE
2021-04-09,prevalence,15477.22,15939.13,16452.36,16452.36,16965.6,17427.51,Maintain Status Quo,Mongolia,MNG,2021-05-03,v8,TRUE
2021-04-09,cumulative_infections,21724.29,22186.57,22700.2,22700.2,23213.84,23676.11,Maintain Status Quo,Mongolia,MNG,2021-05-03,v8,TRUE
2021-04-09,cumulative_deaths,17.06,17.41,17.79,17.79,18.17,18.52,Maintain Status Quo,Mongolia,MNG,2021-05-03,v8,TRUE
2021-04-09,Rt,3.26,3.26,3.27,3.27,3.27,3.27,Maintain Status Quo,Mongolia,MNG,2021-05-03,v8,TRUE
2021-04-09,Reff,3.05,3.05,3.05,3.05,3.05,3.05,Maintain Status Quo,Mongolia,MNG,2021-05-03,v8,TRUE
2021-04-09,deaths,1.57,1.6,1.63,1.63,1.65,1.68,Relax Interventions 50%,Mongolia,MNG,2021-05-03,v8,TRUE
2021-04-09,hospital_demand,84.28,85.77,87.42,87.42,89.07,90.55,Relax Interventions 50%,Mongolia,MNG,2021-05-03,v8,TRUE
2021-04-09,ICU_demand,28.36,28.86,29.41,29.41,29.96,30.45,Relax Interventions 50%,Mongolia,MNG,2021-05-03,v8,TRUE
2021-04-09,infections,2202.05,2267.18,2339.53,2339.53,2411.89,2477.01,Relax Interventions 50%,Mongolia,MNG,2021-05-03,v8,TRUE
2021-04-09,prevalence,15477.22,15939.13,16452.36,16452.36,16965.6,17427.51,Relax Interventions 50%,Mongolia,MNG,2021-05-03,v8,TRUE
2021-04-09,cumulative_infections,21724.29,22186.57,22700.2,22700.2,23213.84,23676.11,Relax Interventions 50%,Mongolia,MNG,2021-05-03,v8,TRUE
2021-04-09,cumulative_deaths,17.06,17.41,17.79,17.79,18.17,18.52,Relax Interventions 50%,Mongolia,MNG,2021-05-03,v8,TRUE
2021-04-09,Rt,3.26,3.26,3.27,3.27,3.27,3.27,Relax Interventions 50%,Mongolia,MNG,2021-05-03,v8,TRUE
2021-04-09,Reff,3.05,3.05,3.05,3.05,3.05,3.05,Relax Interventions 50%,Mongolia,MNG,2021-05-03,v8,TRUE
2021-04-09,deaths,1.57,1.6,1.63,1.63,1.65,1.68,Surged Additional 50% Reduction,Mongolia,MNG,2021-05-03,v8,TRUE
2021-04-09,hospital_demand,84.28,85.77,87.42,87.42,89.07,90.55,Surged Additional 50% Reduction,Mongolia,MNG,2021-05-03,v8,TRUE
2021-04-09,ICU_demand,28.36,28.86,29.41,29.41,29.96,30.45,Surged Additional 50% Reduction,Mongolia,MNG,2021-05-03,v8,TRUE
2021-04-09,infections,2202.05,2267.18,2339.53,2339.53,2411.89,2477.01,Surged Additional 50% Reduction,Mongolia,MNG,2021-05-03,v8,TRUE
2021-04-09,prevalence,15477.22,15939.13,16452.36,16452.36,16965.6,17427.51,Surged Additional 50% Reduction,Mongolia,MNG,2021-05-03,v8,TRUE
2021-04-09,cumulative_infections,21724.29,22186.57,22700.2,22700.2,23213.84,23676.11,Surged Additional 50% Reduction,Mongolia,MNG,2021-05-03,v8,TRUE
2021-04-09,cumulative_deaths,17.06,17.41,17.79,17.79,18.17,18.52,Surged Additional 50% Reduction,Mongolia,MNG,2021-05-03,v8,TRUE
2021-04-09,Rt,3.26,3.26,3.27,3.27,3.27,3.27,Surged Additional 50% Reduction,Mongolia,MNG,2021-05-03,v8,TRUE
2021-04-09,Reff,2.95,2.95,2.95,2.95,2.95,2.96,Surged Additional 50% Reduction,Mongolia,MNG,2021-05-03,v8,TRUE
2021-04-09,deaths,1.57,1.6,1.63,1.63,1.65,1.68,Surged Maintain Status Quo,Mongolia,MNG,2021-05-03,v8,TRUE
2021-04-09,hospital_demand,84.28,85.77,87.42,87.42,89.07,90.55,Surged Maintain Status Quo,Mongolia,MNG,2021-05-03,v8,TRUE
2021-04-09,ICU_demand,28.36,28.86,29.41,29.41,29.96,30.45,Surged Maintain Status Quo,Mongolia,MNG,2021-05-03,v8,TRUE
2021-04-09,infections,2202.05,2267.18,2339.53,2339.53,2411.89,2477.01,Surged Maintain Status Quo,Mongolia,MNG,2021-05-03,v8,TRUE
2021-04-09,prevalence,15477.22,15939.13,16452.36,16452.36,16965.6,17427.51,Surged Maintain Status Quo,Mongolia,MNG,2021-05-03,v8,TRUE
2021-04-09,cumulative_infections,21724.29,22186.57,22700.2,22700.2,23213.84,23676.11,Surged Maintain Status Quo,Mongolia,MNG,2021-05-03,v8,TRUE
2021-04-09,cumulative_deaths,17.06,17.41,17.79,17.79,18.17,18.52,Surged Maintain Status Quo,Mongolia,MNG,2021-05-03,v8,TRUE
2021-04-09,Rt,3.26,3.26,3.27,3.27,3.27,3.27,Surged Maintain Status Quo,Mongolia,MNG,2021-05-03,v8,TRUE
2021-04-09,Reff,2.95,2.95,2.95,2.95,2.95,2.96,Surged Maintain Status Quo,Mongolia,MNG,2021-05-03,v8,TRUE
2021-04-09,deaths,1.57,1.6,1.63,1.63,1.65,1.68,Surged Relax Interventions 50%,Mongolia,MNG,2021-05-03,v8,TRUE
2021-04-09,hospital_demand,84.28,85.77,87.42,87.42,89.07,90.55,Surged Relax Interventions 50%,Mongolia,MNG,2021-05-03,v8,TRUE
2021-04-09,ICU_demand,28.36,28.86,29.41,29.41,29.96,30.45,Surged Relax Interventions 50%,Mongolia,MNG,2021-05-03,v8,TRUE
2021-04-09,infections,2202.05,2267.18,2339.53,2339.53,2411.89,2477.01,Surged Relax Interventions 50%,Mongolia,MNG,2021-05-03,v8,TRUE
2021-04-09,prevalence,15477.22,15939.13,16452.36,16452.36,16965.6,17427.51,Surged Relax Interventions 50%,Mongolia,MNG,2021-05-03,v8,TRUE
2021-04-09,cumulative_infections,21724.29,22186.57,22700.2,22700.2,23213.84,23676.11,Surged Relax Interventions 50%,Mongolia,MNG,2021-05-03,v8,TRUE
2021-04-09,cumulative_deaths,17.06,17.41,17.79,17.79,18.17,18.52,Surged Relax Interventions 50%,Mongolia,MNG,2021-05-03,v8,TRUE
2021-04-09,Rt,3.26,3.26,3.27,3.27,3.27,3.27,Surged Relax Interventions 50%,Mongolia,MNG,2021-05-03,v8,TRUE
2021-04-09,Reff,2.95,2.95,2.95,2.95,2.95,2.96,Surged Relax Interventions 50%,Mongolia,MNG,2021-05-03,v8,TRUE
2021-04-10,deaths,1.75,1.78,1.81,1.81,1.84,1.87,Additional 50% Reduction,Mongolia,MNG,2021-05-03,v8,TRUE
2021-04-10,hospital_demand,93.55,95.31,97.27,97.27,99.22,100.99,Additional 50% Reduction,Mongolia,MNG,2021-05-03,v8,TRUE
2021-04-10,ICU_demand,31.49,32.07,32.72,32.72,33.36,33.95,Additional 50% Reduction,Mongolia,MNG,2021-05-03,v8,TRUE
2021-04-10,infections,2622.82,2701.76,2789.47,2789.47,2877.17,2956.11,Additional 50% Reduction,Mongolia,MNG,2021-05-03,v8,TRUE
2021-04-10,prevalence,19322.62,19892.89,20526.52,20526.52,21160.15,21730.42,Additional 50% Reduction,Mongolia,MNG,2021-05-03,v8,TRUE
2021-04-10,cumulative_infections,24347.11,24888.32,25489.67,25489.67,26091.01,26632.22,Additional 50% Reduction,Mongolia,MNG,2021-05-03,v8,TRUE
2021-04-10,cumulative_deaths,18.81,19.18,19.6,19.6,20.01,20.39,Additional 50% Reduction,Mongolia,MNG,2021-05-03,v8,TRUE
2021-04-10,Rt,1.17,1.2,1.24,1.24,1.27,1.3,Additional 50% Reduction,Mongolia,MNG,2021-05-03,v8,TRUE
2021-04-10,Reff,1.09,1.12,1.15,1.15,1.18,1.2,Additional 50% Reduction,Mongolia,MNG,2021-05-03,v8,TRUE
2021-04-10,deaths,1.75,1.78,1.81,1.81,1.84,1.87,Maintain Status Quo,Mongolia,MNG,2021-05-03,v8,TRUE
2021-04-10,hospital_demand,93.55,95.31,97.27,97.27,99.22,100.99,Maintain Status Quo,Mongolia,MNG,2021-05-03,v8,TRUE
2021-04-10,ICU_demand,31.49,32.07,32.72,32.72,33.36,33.95,Maintain Status Quo,Mongolia,MNG,2021-05-03,v8,TRUE
2021-04-10,infections,2622.82,2701.76,2789.47,2789.47,2877.17,2956.11,Maintain Status Quo,Mongolia,MNG,2021-05-03,v8,TRUE
2021-04-10,prevalence,19322.62,19892.89,20526.52,20526.52,21160.15,21730.42,Maintain Status Quo,Mongolia,MNG,2021-05-03,v8,TRUE
2021-04-10,cumulative_infections,24347.11,24888.32,25489.67,25489.67,26091.01,26632.22,Maintain Status Quo,Mongolia,MNG,2021-05-03,v8,TRUE
2021-04-10,cumulative_deaths,18.81,19.18,19.6,19.6,20.01,20.39,Maintain Status Quo,Mongolia,MNG,2021-05-03,v8,TRUE
2021-04-10,Rt,1.17,1.2,1.24,1.24,1.27,1.3,Maintain Status Quo,Mongolia,MNG,2021-05-03,v8,TRUE
2021-04-10,Reff,1.09,1.12,1.15,1.15,1.18,1.2,Maintain Status Quo,Mongolia,MNG,2021-05-03,v8,TRUE
2021-04-10,deaths,1.75,1.78,1.81,1.81,1.84,1.87,Relax Interventions 50%,Mongolia,MNG,2021-05-03,v8,TRUE
2021-04-10,hospital_demand,93.55,95.31,97.27,97.27,99.22,100.99,Relax Interventions 50%,Mongolia,MNG,2021-05-03,v8,TRUE
2021-04-10,ICU_demand,31.49,32.07,32.72,32.72,33.36,33.95,Relax Interventions 50%,Mongolia,MNG,2021-05-03,v8,TRUE
2021-04-10,infections,2622.82,2701.76,2789.47,2789.47,2877.17,2956.11,Relax Interventions 50%,Mongolia,MNG,2021-05-03,v8,TRUE
2021-04-10,prevalence,19322.62,19892.89,20526.52,20526.52,21160.15,21730.42,Relax Interventions 50%,Mongolia,MNG,2021-05-03,v8,TRUE
2021-04-10,cumulative_infections,24347.11,24888.32,25489.67,25489.67,26091.01,26632.22,Relax Interventions 50%,Mongolia,MNG,2021-05-03,v8,TRUE
2021-04-10,cumulative_deaths,18.81,19.18,19.6,19.6,20.01,20.39,Relax Interventions 50%,Mongolia,MNG,2021-05-03,v8,TRUE
2021-04-10,Rt,1.17,1.2,1.24,1.24,1.27,1.3,Relax Interventions 50%,Mongolia,MNG,2021-05-03,v8,TRUE
2021-04-10,Reff,1.09,1.12,1.15,1.15,1.18,1.2,Relax Interventions 50%,Mongolia,MNG,2021-05-03,v8,TRUE
2021-04-10,deaths,1.75,1.78,1.81,1.81,1.84,1.87,Surged Additional 50% Reduction,Mongolia,MNG,2021-05-03,v8,TRUE
2021-04-10,hospital_demand,93.55,95.31,97.27,97.27,99.22,100.99,Surged Additional 50% Reduction,Mongolia,MNG,2021-05-03,v8,TRUE
2021-04-10,ICU_demand,31.49,32.07,32.72,32.72,33.36,33.95,Surged Additional 50% Reduction,Mongolia,MNG,2021-05-03,v8,TRUE
2021-04-10,infections,2622.82,2701.76,2789.47,2789.47,2877.17,2956.11,Surged Additional 50% Reduction,Mongolia,MNG,2021-05-03,v8,TRUE
2021-04-10,prevalence,19322.62,19892.89,20526.52,20526.52,21160.15,21730.42,Surged Additional 50% Reduction,Mongolia,MNG,2021-05-03,v8,TRUE
2021-04-10,cumulative_infections,24347.11,24888.32,25489.67,25489.67,26091.01,26632.22,Surged Additional 50% Reduction,Mongolia,MNG,2021-05-03,v8,TRUE
2021-04-10,cumulative_deaths,18.81,19.18,19.6,19.6,20.01,20.39,Surged Additional 50% Reduction,Mongolia,MNG,2021-05-03,v8,TRUE
2021-04-10,Rt,1.17,1.2,1.24,1.24,1.27,1.3,Surged Additional 50% Reduction,Mongolia,MNG,2021-05-03,v8,TRUE
2021-04-10,Reff,1.05,1.08,1.11,1.11,1.14,1.16,Surged Additional 50% Reduction,Mongolia,MNG,2021-05-03,v8,TRUE
2021-04-10,deaths,1.75,1.78,1.81,1.81,1.84,1.87,Surged Maintain Status Quo,Mongolia,MNG,2021-05-03,v8,TRUE
2021-04-10,hospital_demand,93.55,95.31,97.27,97.27,99.22,100.99,Surged Maintain Status Quo,Mongolia,MNG,2021-05-03,v8,TRUE
2021-04-10,ICU_demand,31.49,32.07,32.72,32.72,33.36,33.95,Surged Maintain Status Quo,Mongolia,MNG,2021-05-03,v8,TRUE
2021-04-10,infections,2622.82,2701.76,2789.47,2789.47,2877.17,2956.11,Surged Maintain Status Quo,Mongolia,MNG,2021-05-03,v8,TRUE
2021-04-10,prevalence,19322.62,19892.89,20526.52,20526.52,21160.15,21730.42,Surged Maintain Status Quo,Mongolia,MNG,2021-05-03,v8,TRUE
2021-04-10,cumulative_infections,24347.11,24888.32,25489.67,25489.67,26091.01,26632.22,Surged Maintain Status Quo,Mongolia,MNG,2021-05-03,v8,TRUE
2021-04-10,cumulative_deaths,18.81,19.18,19.6,19.6,20.01,20.39,Surged Maintain Status Quo,Mongolia,MNG,2021-05-03,v8,TRUE
2021-04-10,Rt,1.17,1.2,1.24,1.24,1.27,1.3,Surged Maintain Status Quo,Mongolia,MNG,2021-05-03,v8,TRUE
2021-04-10,Reff,1.05,1.08,1.11,1.11,1.14,1.16,Surged Maintain Status Quo,Mongolia,MNG,2021-05-03,v8,TRUE
2021-04-10,deaths,1.75,1.78,1.81,1.81,1.84,1.87,Surged Relax Interventions 50%,Mongolia,MNG,2021-05-03,v8,TRUE
2021-04-10,hospital_demand,93.55,95.31,97.27,97.27,99.22,100.99,Surged Relax Interventions 50%,Mongolia,MNG,2021-05-03,v8,TRUE
2021-04-10,ICU_demand,31.49,32.07,32.72,32.72,33.36,33.95,Surged Relax Interventions 50%,Mongolia,MNG,2021-05-03,v8,TRUE
2021-04-10,infections,2622.82,2701.76,2789.47,2789.47,2877.17,2956.11,Surged Relax Interventions 50%,Mongolia,MNG,2021-05-03,v8,TRUE
2021-04-10,prevalence,19322.62,19892.89,20526.52,20526.52,21160.15,21730.42,Surged Relax Interventions 50%,Mongolia,MNG,2021-05-03,v8,TRUE
2021-04-10,cumulative_infections,24347.11,24888.32,25489.67,25489.67,26091.01,26632.22,Surged Relax Interventions 50%,Mongolia,MNG,2021-05-03,v8,TRUE
2021-04-10,cumulative_deaths,18.81,19.18,19.6,19.6,20.01,20.39,Surged Relax Interventions 50%,Mongolia,MNG,2021-05-03,v8,TRUE
2021-04-10,Rt,1.17,1.2,1.24,1.24,1.27,1.3,Surged Relax Interventions 50%,Mongolia,MNG,2021-05-03,v8,TRUE
2021-04-10,Reff,1.05,1.08,1.11,1.11,1.14,1.16,Surged Relax Interventions 50%,Mongolia,MNG,2021-05-03,v8,TRUE
2021-04-11,deaths,1.94,1.98,2.01,2.01,2.05,2.08,Additional 50% Reduction,Mongolia,MNG,2021-05-03,v8,TRUE
2021-04-11,hospital_demand,103.92,106.02,108.34,108.34,110.67,112.77,Additional 50% Reduction,Mongolia,MNG,2021-05-03,v8,TRUE
2021-04-11,ICU_demand,34.98,35.67,36.43,36.43,37.2,37.88,Additional 50% Reduction,Mongolia,MNG,2021-05-03,v8,TRUE
2021-04-11,infections,2948.53,3041.27,3144.31,3144.31,3247.36,3340.1,Additional 50% Reduction,Mongolia,MNG,2021-05-03,v8,TRUE
2021-04-11,prevalence,19525.8,20165.55,20876.38,20876.38,21587.22,22226.96,Additional 50% Reduction,Mongolia,MNG,2021-05-03,v8,TRUE
2021-04-11,cumulative_infections,27295.64,27929.59,28633.98,28633.98,29338.37,29972.33,Additional 50% Reduction,Mongolia,MNG,2021-05-03,v8,TRUE
2021-04-11,cumulative_deaths,20.75,21.16,21.61,21.61,22.07,22.47,Additional 50% Reduction,Mongolia,MNG,2021-05-03,v8,TRUE
2021-04-11,Rt,1.03,1.06,1.09,1.09,1.12,1.15,Additional 50% Reduction,Mongolia,MNG,2021-05-03,v8,TRUE
2021-04-11,Reff,0.95,0.98,1.01,1.01,1.04,1.06,Additional 50% Reduction,Mongolia,MNG,2021-05-03,v8,TRUE
2021-04-11,deaths,1.94,1.98,2.01,2.01,2.05,2.08,Maintain Status Quo,Mongolia,MNG,2021-05-03,v8,TRUE
2021-04-11,hospital_demand,103.92,106.02,108.34,108.34,110.67,112.77,Maintain Status Quo,Mongolia,MNG,2021-05-03,v8,TRUE
2021-04-11,ICU_demand,34.98,35.67,36.43,36.43,37.2,37.88,Maintain Status Quo,Mongolia,MNG,2021-05-03,v8,TRUE
2021-04-11,infections,2948.53,3041.27,3144.31,3144.31,3247.36,3340.1,Maintain Status Quo,Mongolia,MNG,2021-05-03,v8,TRUE
2021-04-11,prevalence,19525.8,20165.55,20876.38,20876.38,21587.22,22226.96,Maintain Status Quo,Mongolia,MNG,2021-05-03,v8,TRUE
2021-04-11,cumulative_infections,27295.64,27929.59,28633.98,28633.98,29338.37,29972.33,Maintain Status Quo,Mongolia,MNG,2021-05-03,v8,TRUE
2021-04-11,cumulative_deaths,20.75,21.16,21.61,21.61,22.07,22.47,Maintain Status Quo,Mongolia,MNG,2021-05-03,v8,TRUE
2021-04-11,Rt,1.03,1.06,1.09,1.09,1.12,1.15,Maintain Status Quo,Mongolia,MNG,2021-05-03,v8,TRUE
2021-04-11,Reff,0.95,0.98,1.01,1.01,1.04,1.06,Maintain Status Quo,Mongolia,MNG,2021-05-03,v8,TRUE
2021-04-11,deaths,1.94,1.98,2.01,2.01,2.05,2.08,Relax Interventions 50%,Mongolia,MNG,2021-05-03,v8,TRUE
2021-04-11,hospital_demand,103.92,106.02,108.34,108.34,110.67,112.77,Relax Interventions 50%,Mongolia,MNG,2021-05-03,v8,TRUE
2021-04-11,ICU_demand,34.98,35.67,36.43,36.43,37.2,37.88,Relax Interventions 50%,Mongolia,MNG,2021-05-03,v8,TRUE
2021-04-11,infections,2948.53,3041.27,3144.31,3144.31,3247.36,3340.1,Relax Interventions 50%,Mongolia,MNG,2021-05-03,v8,TRUE
2021-04-11,prevalence,19525.8,20165.55,20876.38,20876.38,21587.22,22226.96,Relax Interventions 50%,Mongolia,MNG,2021-05-03,v8,TRUE
2021-04-11,cumulative_infections,27295.64,27929.59,28633.98,28633.98,29338.37,29972.33,Relax Interventions 50%,Mongolia,MNG,2021-05-03,v8,TRUE
2021-04-11,cumulative_deaths,20.75,21.16,21.61,21.61,22.07,22.47,Relax Interventions 50%,Mongolia,MNG,2021-05-03,v8,TRUE
2021-04-11,Rt,1.03,1.06,1.09,1.09,1.12,1.15,Relax Interventions 50%,Mongolia,MNG,2021-05-03,v8,TRUE
2021-04-11,Reff,0.95,0.98,1.01,1.01,1.04,1.06,Relax Interventions 50%,Mongolia,MNG,2021-05-03,v8,TRUE
2021-04-11,deaths,1.94,1.98,2.01,2.01,2.05,2.08,Surged Additional 50% Reduction,Mongolia,MNG,2021-05-03,v8,TRUE
2021-04-11,hospital_demand,103.92,106.02,108.34,108.34,110.67,112.77,Surged Additional 50% Reduction,Mongolia,MNG,2021-05-03,v8,TRUE
2021-04-11,ICU_demand,34.98,35.67,36.43,36.43,37.2,37.88,Surged Additional 50% Reduction,Mongolia,MNG,2021-05-03,v8,TRUE
2021-04-11,infections,2948.53,3041.27,3144.31,3144.31,3247.36,3340.1,Surged Additional 50% Reduction,Mongolia,MNG,2021-05-03,v8,TRUE
2021-04-11,prevalence,19525.8,20165.55,20876.38,20876.38,21587.22,22226.96,Surged Additional 50% Reduction,Mongolia,MNG,2021-05-03,v8,TRUE
2021-04-11,cumulative_infections,27295.64,27929.59,28633.98,28633.98,29338.37,29972.33,Surged Additional 50% Reduction,Mongolia,MNG,2021-05-03,v8,TRUE
2021-04-11,cumulative_deaths,20.75,21.16,21.61,21.61,22.07,22.47,Surged Additional 50% Reduction,Mongolia,MNG,2021-05-03,v8,TRUE
2021-04-11,Rt,1.03,1.06,1.09,1.09,1.12,1.15,Surged Additional 50% Reduction,Mongolia,MNG,2021-05-03,v8,TRUE
2021-04-11,Reff,0.91,0.94,0.97,0.97,1,1.03,Surged Additional 50% Reduction,Mongolia,MNG,2021-05-03,v8,TRUE
2021-04-11,deaths,1.94,1.98,2.01,2.01,2.05,2.08,Surged Maintain Status Quo,Mongolia,MNG,2021-05-03,v8,TRUE
2021-04-11,hospital_demand,103.92,106.02,108.34,108.34,110.67,112.77,Surged Maintain Status Quo,Mongolia,MNG,2021-05-03,v8,TRUE
2021-04-11,ICU_demand,34.98,35.67,36.43,36.43,37.2,37.88,Surged Maintain Status Quo,Mongolia,MNG,2021-05-03,v8,TRUE
2021-04-11,infections,2948.53,3041.27,3144.31,3144.31,3247.36,3340.1,Surged Maintain Status Quo,Mongolia,MNG,2021-05-03,v8,TRUE
2021-04-11,prevalence,19525.8,20165.55,20876.38,20876.38,21587.22,22226.96,Surged Maintain Status Quo,Mongolia,MNG,2021-05-03,v8,TRUE
2021-04-11,cumulative_infections,27295.64,27929.59,28633.98,28633.98,29338.37,29972.33,Surged Maintain Status Quo,Mongolia,MNG,2021-05-03,v8,TRUE
2021-04-11,cumulative_deaths,20.75,21.16,21.61,21.61,22.07,22.47,Surged Maintain Status Quo,Mongolia,MNG,2021-05-03,v8,TRUE
2021-04-11,Rt,1.03,1.06,1.09,1.09,1.12,1.15,Surged Maintain Status Quo,Mongolia,MNG,2021-05-03,v8,TRUE
2021-04-11,Reff,0.91,0.94,0.97,0.97,1,1.03,Surged Maintain Status Quo,Mongolia,MNG,2021-05-03,v8,TRUE
2021-04-11,deaths,1.94,1.98,2.01,2.01,2.05,2.08,Surged Relax Interventions 50%,Mongolia,MNG,2021-05-03,v8,TRUE
2021-04-11,hospital_demand,103.92,106.02,108.34,108.34,110.67,112.77,Surged Relax Interventions 50%,Mongolia,MNG,2021-05-03,v8,TRUE
2021-04-11,ICU_demand,34.98,35.67,36.43,36.43,37.2,37.88,Surged Relax Interventions 50%,Mongolia,MNG,2021-05-03,v8,TRUE
2021-04-11,infections,2948.53,3041.27,3144.31,3144.31,3247.36,3340.1,Surged Relax Interventions 50%,Mongolia,MNG,2021-05-03,v8,TRUE
2021-04-11,prevalence,19525.8,20165.55,20876.38,20876.38,21587.22,22226.96,Surged Relax Interventions 50%,Mongolia,MNG,2021-05-03,v8,TRUE
2021-04-11,cumulative_infections,27295.64,27929.59,28633.98,28633.98,29338.37,29972.33,Surged Relax Interventions 50%,Mongolia,MNG,2021-05-03,v8,TRUE
2021-04-11,cumulative_deaths,20.75,21.16,21.61,21.61,22.07,22.47,Surged Relax Interventions 50%,Mongolia,MNG,2021-05-03,v8,TRUE
2021-04-11,Rt,1.03,1.06,1.09,1.09,1.12,1.15,Surged Relax Interventions 50%,Mongolia,MNG,2021-05-03,v8,TRUE
2021-04-11,Reff,0.91,0.94,0.97,0.97,1,1.03,Surged Relax Interventions 50%,Mongolia,MNG,2021-05-03,v8,TRUE
2021-04-12,deaths,2.16,2.2,2.24,2.24,2.29,2.33,Additional 50% Reduction,Mongolia,MNG,2021-05-03,v8,TRUE
2021-04-12,hospital_demand,115.66,118.16,120.93,120.93,123.7,126.19,Additional 50% Reduction,Mongolia,MNG,2021-05-03,v8,TRUE
2021-04-12,ICU_demand,38.92,39.73,40.63,40.63,41.54,42.35,Additional 50% Reduction,Mongolia,MNG,2021-05-03,v8,TRUE
2021-04-12,infections,3009.25,3113.52,3229.38,3229.38,3345.24,3449.52,Additional 50% Reduction,Mongolia,MNG,2021-05-03,v8,TRUE
2021-04-12,prevalence,19408.44,20119.2,20908.92,20908.92,21698.65,22409.4,Additional 50% Reduction,Mongolia,MNG,2021-05-03,v8,TRUE
2021-04-12,cumulative_infections,30304.89,31043.11,31863.36,31863.36,32683.62,33421.84,Additional 50% Reduction,Mongolia,MNG,2021-05-03,v8,TRUE
2021-04-12,cumulative_deaths,22.91,23.36,23.85,23.85,24.35,24.8,Additional 50% Reduction,Mongolia,MNG,2021-05-03,v8,TRUE
2021-04-12,Rt,1.04,1.07,1.11,1.11,1.14,1.17,Additional 50% Reduction,Mongolia,MNG,2021-05-03,v8,TRUE
2021-04-12,Reff,0.96,0.99,1.02,1.02,1.05,1.07,Additional 50% Reduction,Mongolia,MNG,2021-05-03,v8,TRUE
2021-04-12,deaths,2.16,2.2,2.24,2.24,2.29,2.33,Maintain Status Quo,Mongolia,MNG,2021-05-03,v8,TRUE
2021-04-12,hospital_demand,115.66,118.16,120.93,120.93,123.7,126.19,Maintain Status Quo,Mongolia,MNG,2021-05-03,v8,TRUE
2021-04-12,ICU_demand,38.92,39.73,40.63,40.63,41.54,42.35,Maintain Status Quo,Mongolia,MNG,2021-05-03,v8,TRUE
2021-04-12,infections,3009.25,3113.52,3229.38,3229.38,3345.24,3449.52,Maintain Status Quo,Mongolia,MNG,2021-05-03,v8,TRUE
2021-04-12,prevalence,19408.44,20119.2,20908.92,20908.92,21698.65,22409.4,Maintain Status Quo,Mongolia,MNG,2021-05-03,v8,TRUE
2021-04-12,cumulative_infections,30304.89,31043.11,31863.36,31863.36,32683.62,33421.84,Maintain Status Quo,Mongolia,MNG,2021-05-03,v8,TRUE
2021-04-12,cumulative_deaths,22.91,23.36,23.85,23.85,24.35,24.8,Maintain Status Quo,Mongolia,MNG,2021-05-03,v8,TRUE
2021-04-12,Rt,1.04,1.07,1.11,1.11,1.14,1.17,Maintain Status Quo,Mongolia,MNG,2021-05-03,v8,TRUE
2021-04-12,Reff,0.96,0.99,1.02,1.02,1.05,1.07,Maintain Status Quo,Mongolia,MNG,2021-05-03,v8,TRUE
2021-04-12,deaths,2.16,2.2,2.24,2.24,2.29,2.33,Relax Interventions 50%,Mongolia,MNG,2021-05-03,v8,TRUE
2021-04-12,hospital_demand,115.66,118.16,120.93,120.93,123.7,126.19,Relax Interventions 50%,Mongolia,MNG,2021-05-03,v8,TRUE
2021-04-12,ICU_demand,38.92,39.73,40.63,40.63,41.54,42.35,Relax Interventions 50%,Mongolia,MNG,2021-05-03,v8,TRUE
2021-04-12,infections,3009.25,3113.52,3229.38,3229.38,3345.24,3449.52,Relax Interventions 50%,Mongolia,MNG,2021-05-03,v8,TRUE
2021-04-12,prevalence,19408.44,20119.2,20908.92,20908.92,21698.65,22409.4,Relax Interventions 50%,Mongolia,MNG,2021-05-03,v8,TRUE
2021-04-12,cumulative_infections,30304.89,31043.11,31863.36,31863.36,32683.62,33421.84,Relax Interventions 50%,Mongolia,MNG,2021-05-03,v8,TRUE
2021-04-12,cumulative_deaths,22.91,23.36,23.85,23.85,24.35,24.8,Relax Interventions 50%,Mongolia,MNG,2021-05-03,v8,TRUE
2021-04-12,Rt,1.04,1.07,1.11,1.11,1.14,1.17,Relax Interventions 50%,Mongolia,MNG,2021-05-03,v8,TRUE
2021-04-12,Reff,0.96,0.99,1.02,1.02,1.05,1.07,Relax Interventions 50%,Mongolia,MNG,2021-05-03,v8,TRUE
2021-04-12,deaths,2.16,2.2,2.24,2.24,2.29,2.33,Surged Additional 50% Reduction,Mongolia,MNG,2021-05-03,v8,TRUE
2021-04-12,hospital_demand,115.66,118.16,120.93,120.93,123.7,126.19,Surged Additional 50% Reduction,Mongolia,MNG,2021-05-03,v8,TRUE
2021-04-12,ICU_demand,38.92,39.73,40.63,40.63,41.54,42.35,Surged Additional 50% Reduction,Mongolia,MNG,2021-05-03,v8,TRUE
2021-04-12,infections,3009.25,3113.52,3229.38,3229.38,3345.24,3449.52,Surged Additional 50% Reduction,Mongolia,MNG,2021-05-03,v8,TRUE
2021-04-12,prevalence,19408.44,20119.2,20908.92,20908.92,21698.65,22409.4,Surged Additional 50% Reduction,Mongolia,MNG,2021-05-03,v8,TRUE
2021-04-12,cumulative_infections,30304.89,31043.11,31863.36,31863.36,32683.62,33421.84,Surged Additional 50% Reduction,Mongolia,MNG,2021-05-03,v8,TRUE
2021-04-12,cumulative_deaths,22.91,23.36,23.85,23.85,24.35,24.8,Surged Additional 50% Reduction,Mongolia,MNG,2021-05-03,v8,TRUE
2021-04-12,Rt,1.04,1.07,1.11,1.11,1.14,1.17,Surged Additional 50% Reduction,Mongolia,MNG,2021-05-03,v8,TRUE
2021-04-12,Reff,0.92,0.95,0.98,0.98,1.01,1.03,Surged Additional 50% Reduction,Mongolia,MNG,2021-05-03,v8,TRUE
2021-04-12,deaths,2.16,2.2,2.24,2.24,2.29,2.33,Surged Maintain Status Quo,Mongolia,MNG,2021-05-03,v8,TRUE
2021-04-12,hospital_demand,115.66,118.16,120.93,120.93,123.7,126.19,Surged Maintain Status Quo,Mongolia,MNG,2021-05-03,v8,TRUE
2021-04-12,ICU_demand,38.92,39.73,40.63,40.63,41.54,42.35,Surged Maintain Status Quo,Mongolia,MNG,2021-05-03,v8,TRUE
2021-04-12,infections,3009.25,3113.52,3229.38,3229.38,3345.24,3449.52,Surged Maintain Status Quo,Mongolia,MNG,2021-05-03,v8,TRUE
2021-04-12,prevalence,19408.44,20119.2,20908.92,20908.92,21698.65,22409.4,Surged Maintain Status Quo,Mongolia,MNG,2021-05-03,v8,TRUE
2021-04-12,cumulative_infections,30304.89,31043.11,31863.36,31863.36,32683.62,33421.84,Surged Maintain Status Quo,Mongolia,MNG,2021-05-03,v8,TRUE
2021-04-12,cumulative_deaths,22.91,23.36,23.85,23.85,24.35,24.8,Surged Maintain Status Quo,Mongolia,MNG,2021-05-03,v8,TRUE
2021-04-12,Rt,1.04,1.07,1.11,1.11,1.14,1.17,Surged Maintain Status Quo,Mongolia,MNG,2021-05-03,v8,TRUE
2021-04-12,Reff,0.92,0.95,0.98,0.98,1.01,1.03,Surged Maintain Status Quo,Mongolia,MNG,2021-05-03,v8,TRUE
2021-04-12,deaths,2.16,2.2,2.24,2.24,2.29,2.33,Surged Relax Interventions 50%,Mongolia,MNG,2021-05-03,v8,TRUE
2021-04-12,hospital_demand,115.66,118.16,120.93,120.93,123.7,126.19,Surged Relax Interventions 50%,Mongolia,MNG,2021-05-03,v8,TRUE
2021-04-12,ICU_demand,38.92,39.73,40.63,40.63,41.54,42.35,Surged Relax Interventions 50%,Mongolia,MNG,2021-05-03,v8,TRUE
2021-04-12,infections,3009.25,3113.52,3229.38,3229.38,3345.24,3449.52,Surged Relax Interventions 50%,Mongolia,MNG,2021-05-03,v8,TRUE
2021-04-12,prevalence,19408.44,20119.2,20908.92,20908.92,21698.65,22409.4,Surged Relax Interventions 50%,Mongolia,MNG,2021-05-03,v8,TRUE
2021-04-12,cumulative_infections,30304.89,31043.11,31863.36,31863.36,32683.62,33421.84,Surged Relax Interventions 50%,Mongolia,MNG,2021-05-03,v8,TRUE
2021-04-12,cumulative_deaths,22.91,23.36,23.85,23.85,24.35,24.8,Surged Relax Interventions 50%,Mongolia,MNG,2021-05-03,v8,TRUE
2021-04-12,Rt,1.04,1.07,1.11,1.11,1.14,1.17,Surged Relax Interventions 50%,Mongolia,MNG,2021-05-03,v8,TRUE
2021-04-12,Reff,0.92,0.95,0.98,0.98,1.01,1.03,Surged Relax Interventions 50%,Mongolia,MNG,2021-05-03,v8,TRUE
2021-04-13,deaths,2.4,2.44,2.5,2.5,2.55,2.6,Additional 50% Reduction,Mongolia,MNG,2021-05-03,v8,TRUE
2021-04-13,hospital_demand,128.68,131.64,134.93,134.93,138.21,141.17,Additional 50% Reduction,Mongolia,MNG,2021-05-03,v8,TRUE
2021-04-13,ICU_demand,43.27,44.24,45.31,45.31,46.37,47.34,Additional 50% Reduction,Mongolia,MNG,2021-05-03,v8,TRUE
2021-04-13,infections,2965.82,3081.2,3209.4,3209.4,3337.59,3452.97,Additional 50% Reduction,Mongolia,MNG,2021-05-03,v8,TRUE
2021-04-13,prevalence,19312.04,20101.24,20978.12,20978.12,21855.01,22644.2,Additional 50% Reduction,Mongolia,MNG,2021-05-03,v8,TRUE
2021-04-13,cumulative_infections,33270.71,34124.31,35072.76,35072.76,36021.21,36874.81,Additional 50% Reduction,Mongolia,MNG,2021-05-03,v8,TRUE
2021-04-13,cumulative_deaths,25.31,25.8,26.35,26.35,26.9,27.39,Additional 50% Reduction,Mongolia,MNG,2021-05-03,v8,TRUE
2021-04-13,Rt,1.29,1.34,1.39,1.39,1.44,1.48,Additional 50% Reduction,Mongolia,MNG,2021-05-03,v8,TRUE
2021-04-13,Reff,1.18,1.22,1.27,1.27,1.31,1.35,Additional 50% Reduction,Mongolia,MNG,2021-05-03,v8,TRUE
2021-04-13,deaths,2.4,2.44,2.5,2.5,2.55,2.6,Maintain Status Quo,Mongolia,MNG,2021-05-03,v8,TRUE
2021-04-13,hospital_demand,128.68,131.64,134.93,134.93,138.21,141.17,Maintain Status Quo,Mongolia,MNG,2021-05-03,v8,TRUE
2021-04-13,ICU_demand,43.27,44.24,45.31,45.31,46.37,47.34,Maintain Status Quo,Mongolia,MNG,2021-05-03,v8,TRUE
2021-04-13,infections,2965.82,3081.2,3209.4,3209.4,3337.59,3452.97,Maintain Status Quo,Mongolia,MNG,2021-05-03,v8,TRUE
2021-04-13,prevalence,19312.04,20101.24,20978.12,20978.12,21855.01,22644.2,Maintain Status Quo,Mongolia,MNG,2021-05-03,v8,TRUE
2021-04-13,cumulative_infections,33270.71,34124.31,35072.76,35072.76,36021.21,36874.81,Maintain Status Quo,Mongolia,MNG,2021-05-03,v8,TRUE
2021-04-13,cumulative_deaths,25.31,25.8,26.35,26.35,26.9,27.39,Maintain Status Quo,Mongolia,MNG,2021-05-03,v8,TRUE
2021-04-13,Rt,1.29,1.34,1.39,1.39,1.44,1.48,Maintain Status Quo,Mongolia,MNG,2021-05-03,v8,TRUE
2021-04-13,Reff,1.18,1.22,1.27,1.27,1.31,1.35,Maintain Status Quo,Mongolia,MNG,2021-05-03,v8,TRUE
2021-04-13,deaths,2.4,2.44,2.5,2.5,2.55,2.6,Relax Interventions 50%,Mongolia,MNG,2021-05-03,v8,TRUE
2021-04-13,hospital_demand,128.68,131.64,134.93,134.93,138.21,141.17,Relax Interventions 50%,Mongolia,MNG,2021-05-03,v8,TRUE
2021-04-13,ICU_demand,43.27,44.24,45.31,45.31,46.37,47.34,Relax Interventions 50%,Mongolia,MNG,2021-05-03,v8,TRUE
2021-04-13,infections,2965.82,3081.2,3209.4,3209.4,3337.59,3452.97,Relax Interventions 50%,Mongolia,MNG,2021-05-03,v8,TRUE
2021-04-13,prevalence,19312.04,20101.24,20978.12,20978.12,21855.01,22644.2,Relax Interventions 50%,Mongolia,MNG,2021-05-03,v8,TRUE
2021-04-13,cumulative_infections,33270.71,34124.31,35072.76,35072.76,36021.21,36874.81,Relax Interventions 50%,Mongolia,MNG,2021-05-03,v8,TRUE
2021-04-13,cumulative_deaths,25.31,25.8,26.35,26.35,26.9,27.39,Relax Interventions 50%,Mongolia,MNG,2021-05-03,v8,TRUE
2021-04-13,Rt,1.29,1.34,1.39,1.39,1.44,1.48,Relax Interventions 50%,Mongolia,MNG,2021-05-03,v8,TRUE
2021-04-13,Reff,1.18,1.22,1.27,1.27,1.31,1.35,Relax Interventions 50%,Mongolia,MNG,2021-05-03,v8,TRUE
2021-04-13,deaths,2.4,2.44,2.5,2.5,2.55,2.6,Surged Additional 50% Reduction,Mongolia,MNG,2021-05-03,v8,TRUE
2021-04-13,hospital_demand,128.68,131.64,134.93,134.93,138.21,141.17,Surged Additional 50% Reduction,Mongolia,MNG,2021-05-03,v8,TRUE
2021-04-13,ICU_demand,43.27,44.24,45.31,45.31,46.37,47.34,Surged Additional 50% Reduction,Mongolia,MNG,2021-05-03,v8,TRUE
2021-04-13,infections,2965.82,3081.2,3209.4,3209.4,3337.59,3452.97,Surged Additional 50% Reduction,Mongolia,MNG,2021-05-03,v8,TRUE
2021-04-13,prevalence,19312.04,20101.24,20978.12,20978.12,21855.01,22644.2,Surged Additional 50% Reduction,Mongolia,MNG,2021-05-03,v8,TRUE
2021-04-13,cumulative_infections,33270.71,34124.31,35072.76,35072.76,36021.21,36874.81,Surged Additional 50% Reduction,Mongolia,MNG,2021-05-03,v8,TRUE
2021-04-13,cumulative_deaths,25.31,25.8,26.35,26.35,26.9,27.39,Surged Additional 50% Reduction,Mongolia,MNG,2021-05-03,v8,TRUE
2021-04-13,Rt,1.29,1.34,1.39,1.39,1.44,1.48,Surged Additional 50% Reduction,Mongolia,MNG,2021-05-03,v8,TRUE
2021-04-13,Reff,1.14,1.17,1.22,1.22,1.26,1.3,Surged Additional 50% Reduction,Mongolia,MNG,2021-05-03,v8,TRUE
2021-04-13,deaths,2.4,2.44,2.5,2.5,2.55,2.6,Surged Maintain Status Quo,Mongolia,MNG,2021-05-03,v8,TRUE
2021-04-13,hospital_demand,128.68,131.64,134.93,134.93,138.21,141.17,Surged Maintain Status Quo,Mongolia,MNG,2021-05-03,v8,TRUE
2021-04-13,ICU_demand,43.27,44.24,45.31,45.31,46.37,47.34,Surged Maintain Status Quo,Mongolia,MNG,2021-05-03,v8,TRUE
2021-04-13,infections,2965.82,3081.2,3209.4,3209.4,3337.59,3452.97,Surged Maintain Status Quo,Mongolia,MNG,2021-05-03,v8,TRUE
2021-04-13,prevalence,19312.04,20101.24,20978.12,20978.12,21855.01,22644.2,Surged Maintain Status Quo,Mongolia,MNG,2021-05-03,v8,TRUE
2021-04-13,cumulative_infections,33270.71,34124.31,35072.76,35072.76,36021.21,36874.81,Surged Maintain Status Quo,Mongolia,MNG,2021-05-03,v8,TRUE
2021-04-13,cumulative_deaths,25.31,25.8,26.35,26.35,26.9,27.39,Surged Maintain Status Quo,Mongolia,MNG,2021-05-03,v8,TRUE
2021-04-13,Rt,1.29,1.34,1.39,1.39,1.44,1.48,Surged Maintain Status Quo,Mongolia,MNG,2021-05-03,v8,TRUE
2021-04-13,Reff,1.14,1.17,1.22,1.22,1.26,1.3,Surged Maintain Status Quo,Mongolia,MNG,2021-05-03,v8,TRUE
2021-04-13,deaths,2.4,2.44,2.5,2.5,2.55,2.6,Surged Relax Interventions 50%,Mongolia,MNG,2021-05-03,v8,TRUE
2021-04-13,hospital_demand,128.68,131.64,134.93,134.93,138.21,141.17,Surged Relax Interventions 50%,Mongolia,MNG,2021-05-03,v8,TRUE
2021-04-13,ICU_demand,43.27,44.24,45.31,45.31,46.37,47.34,Surged Relax Interventions 50%,Mongolia,MNG,2021-05-03,v8,TRUE
2021-04-13,infections,2965.82,3081.2,3209.4,3209.4,3337.59,3452.97,Surged Relax Interventions 50%,Mongolia,MNG,2021-05-03,v8,TRUE
2021-04-13,prevalence,19312.04,20101.24,20978.12,20978.12,21855.01,22644.2,Surged Relax Interventions 50%,Mongolia,MNG,2021-05-03,v8,TRUE
2021-04-13,cumulative_infections,33270.71,34124.31,35072.76,35072.76,36021.21,36874.81,Surged Relax Interventions 50%,Mongolia,MNG,2021-05-03,v8,TRUE
2021-04-13,cumulative_deaths,25.31,25.8,26.35,26.35,26.9,27.39,Surged Relax Interventions 50%,Mongolia,MNG,2021-05-03,v8,TRUE
2021-04-13,Rt,1.29,1.34,1.39,1.39,1.44,1.48,Surged Relax Interventions 50%,Mongolia,MNG,2021-05-03,v8,TRUE
2021-04-13,Reff,1.14,1.17,1.22,1.22,1.26,1.3,Surged Relax Interventions 50%,Mongolia,MNG,2021-05-03,v8,TRUE
2021-04-14,deaths,2.66,2.72,2.78,2.78,2.84,2.9,Additional 50% Reduction,Mongolia,MNG,2021-05-03,v8,TRUE
2021-04-14,hospital_demand,142.5,145.99,149.86,149.86,153.74,157.23,Additional 50% Reduction,Mongolia,MNG,2021-05-03,v8,TRUE
2021-04-14,ICU_demand,47.92,49.05,50.31,50.31,51.57,52.7,Additional 50% Reduction,Mongolia,MNG,2021-05-03,v8,TRUE
2021-04-14,infections,2947.19,3078.84,3225.12,3225.12,3371.41,3503.06,Additional 50% Reduction,Mongolia,MNG,2021-05-03,v8,TRUE
2021-04-14,prevalence,19823.45,20758.96,21798.41,21798.41,22837.86,23773.37,Additional 50% Reduction,Mongolia,MNG,2021-05-03,v8,TRUE
2021-04-14,cumulative_infections,36217.9,37203.15,38297.88,38297.88,39392.61,40377.87,Additional 50% Reduction,Mongolia,MNG,2021-05-03,v8,TRUE
2021-04-14,cumulative_deaths,27.97,28.52,29.13,29.13,29.74,30.29,Additional 50% Reduction,Mongolia,MNG,2021-05-03,v8,TRUE
2021-04-14,Rt,1.2,1.24,1.29,1.29,1.34,1.39,Additional 50% Reduction,Mongolia,MNG,2021-05-03,v8,TRUE
2021-04-14,Reff,1.09,1.13,1.17,1.17,1.22,1.26,Additional 50% Reduction,Mongolia,MNG,2021-05-03,v8,TRUE
2021-04-14,deaths,2.66,2.72,2.78,2.78,2.84,2.9,Maintain Status Quo,Mongolia,MNG,2021-05-03,v8,TRUE
2021-04-14,hospital_demand,142.5,145.99,149.86,149.86,153.74,157.23,Maintain Status Quo,Mongolia,MNG,2021-05-03,v8,TRUE
2021-04-14,ICU_demand,47.92,49.05,50.31,50.31,51.57,52.7,Maintain Status Quo,Mongolia,MNG,2021-05-03,v8,TRUE
2021-04-14,infections,2947.19,3078.84,3225.12,3225.12,3371.41,3503.06,Maintain Status Quo,Mongolia,MNG,2021-05-03,v8,TRUE
2021-04-14,prevalence,19823.45,20758.96,21798.41,21798.41,22837.86,23773.37,Maintain Status Quo,Mongolia,MNG,2021-05-03,v8,TRUE
2021-04-14,cumulative_infections,36217.9,37203.15,38297.88,38297.88,39392.61,40377.87,Maintain Status Quo,Mongolia,MNG,2021-05-03,v8,TRUE
2021-04-14,cumulative_deaths,27.97,28.52,29.13,29.13,29.74,30.29,Maintain Status Quo,Mongolia,MNG,2021-05-03,v8,TRUE
2021-04-14,Rt,1.2,1.24,1.29,1.29,1.34,1.39,Maintain Status Quo,Mongolia,MNG,2021-05-03,v8,TRUE
2021-04-14,Reff,1.09,1.13,1.17,1.17,1.22,1.26,Maintain Status Quo,Mongolia,MNG,2021-05-03,v8,TRUE
2021-04-14,deaths,2.66,2.72,2.78,2.78,2.84,2.9,Relax Interventions 50%,Mongolia,MNG,2021-05-03,v8,TRUE
2021-04-14,hospital_demand,142.5,145.99,149.86,149.86,153.74,157.23,Relax Interventions 50%,Mongolia,MNG,2021-05-03,v8,TRUE
2021-04-14,ICU_demand,47.92,49.05,50.31,50.31,51.57,52.7,Relax Interventions 50%,Mongolia,MNG,2021-05-03,v8,TRUE
2021-04-14,infections,2947.19,3078.84,3225.12,3225.12,3371.41,3503.06,Relax Interventions 50%,Mongolia,MNG,2021-05-03,v8,TRUE
2021-04-14,prevalence,19823.45,20758.96,21798.41,21798.41,22837.86,23773.37,Relax Interventions 50%,Mongolia,MNG,2021-05-03,v8,TRUE
2021-04-14,cumulative_infections,36217.9,37203.15,38297.88,38297.88,39392.61,40377.87,Relax Interventions 50%,Mongolia,MNG,2021-05-03,v8,TRUE
2021-04-14,cumulative_deaths,27.97,28.52,29.13,29.13,29.74,30.29,Relax Interventions 50%,Mongolia,MNG,2021-05-03,v8,TRUE
2021-04-14,Rt,1.2,1.24,1.29,1.29,1.34,1.39,Relax Interventions 50%,Mongolia,MNG,2021-05-03,v8,TRUE
2021-04-14,Reff,1.09,1.13,1.17,1.17,1.22,1.26,Relax Interventions 50%,Mongolia,MNG,2021-05-03,v8,TRUE
2021-04-14,deaths,2.66,2.72,2.78,2.78,2.84,2.9,Surged Additional 50% Reduction,Mongolia,MNG,2021-05-03,v8,TRUE
2021-04-14,hospital_demand,142.5,145.99,149.86,149.86,153.74,157.23,Surged Additional 50% Reduction,Mongolia,MNG,2021-05-03,v8,TRUE
2021-04-14,ICU_demand,47.92,49.05,50.31,50.31,51.57,52.7,Surged Additional 50% Reduction,Mongolia,MNG,2021-05-03,v8,TRUE
2021-04-14,infections,2947.19,3078.84,3225.12,3225.12,3371.41,3503.06,Surged Additional 50% Reduction,Mongolia,MNG,2021-05-03,v8,TRUE
2021-04-14,prevalence,19823.45,20758.96,21798.41,21798.41,22837.86,23773.37,Surged Additional 50% Reduction,Mongolia,MNG,2021-05-03,v8,TRUE
2021-04-14,cumulative_infections,36217.9,37203.15,38297.88,38297.88,39392.61,40377.87,Surged Additional 50% Reduction,Mongolia,MNG,2021-05-03,v8,TRUE
2021-04-14,cumulative_deaths,27.97,28.52,29.13,29.13,29.74,30.29,Surged Additional 50% Reduction,Mongolia,MNG,2021-05-03,v8,TRUE
2021-04-14,Rt,1.2,1.24,1.29,1.29,1.34,1.39,Surged Additional 50% Reduction,Mongolia,MNG,2021-05-03,v8,TRUE
2021-04-14,Reff,1.04,1.08,1.12,1.12,1.17,1.21,Surged Additional 50% Reduction,Mongolia,MNG,2021-05-03,v8,TRUE
2021-04-14,deaths,2.66,2.72,2.78,2.78,2.84,2.9,Surged Maintain Status Quo,Mongolia,MNG,2021-05-03,v8,TRUE
2021-04-14,hospital_demand,142.5,145.99,149.86,149.86,153.74,157.23,Surged Maintain Status Quo,Mongolia,MNG,2021-05-03,v8,TRUE
2021-04-14,ICU_demand,47.92,49.05,50.31,50.31,51.57,52.7,Surged Maintain Status Quo,Mongolia,MNG,2021-05-03,v8,TRUE
2021-04-14,infections,2947.19,3078.84,3225.12,3225.12,3371.41,3503.06,Surged Maintain Status Quo,Mongolia,MNG,2021-05-03,v8,TRUE
2021-04-14,prevalence,19823.45,20758.96,21798.41,21798.41,22837.86,23773.37,Surged Maintain Status Quo,Mongolia,MNG,2021-05-03,v8,TRUE
2021-04-14,cumulative_infections,36217.9,37203.15,38297.88,38297.88,39392.61,40377.87,Surged Maintain Status Quo,Mongolia,MNG,2021-05-03,v8,TRUE
2021-04-14,cumulative_deaths,27.97,28.52,29.13,29.13,29.74,30.29,Surged Maintain Status Quo,Mongolia,MNG,2021-05-03,v8,TRUE
2021-04-14,Rt,1.2,1.24,1.29,1.29,1.34,1.39,Surged Maintain Status Quo,Mongolia,MNG,2021-05-03,v8,TRUE
2021-04-14,Reff,1.04,1.08,1.12,1.12,1.17,1.21,Surged Maintain Status Quo,Mongolia,MNG,2021-05-03,v8,TRUE
2021-04-14,deaths,2.66,2.72,2.78,2.78,2.84,2.9,Surged Relax Interventions 50%,Mongolia,MNG,2021-05-03,v8,TRUE
2021-04-14,hospital_demand,142.5,145.99,149.86,149.86,153.74,157.23,Surged Relax Interventions 50%,Mongolia,MNG,2021-05-03,v8,TRUE
2021-04-14,ICU_demand,47.92,49.05,50.31,50.31,51.57,52.7,Surged Relax Interventions 50%,Mongolia,MNG,2021-05-03,v8,TRUE
2021-04-14,infections,2947.19,3078.84,3225.12,3225.12,3371.41,3503.06,Surged Relax Interventions 50%,Mongolia,MNG,2021-05-03,v8,TRUE
2021-04-14,prevalence,19823.45,20758.96,21798.41,21798.41,22837.86,23773.37,Surged Relax Interventions 50%,Mongolia,MNG,2021-05-03,v8,TRUE
2021-04-14,cumulative_infections,36217.9,37203.15,38297.88,38297.88,39392.61,40377.87,Surged Relax Interventions 50%,Mongolia,MNG,2021-05-03,v8,TRUE
2021-04-14,cumulative_deaths,27.97,28.52,29.13,29.13,29.74,30.29,Surged Relax Interventions 50%,Mongolia,MNG,2021-05-03,v8,TRUE
2021-04-14,Rt,1.2,1.24,1.29,1.29,1.34,1.39,Surged Relax Interventions 50%,Mongolia,MNG,2021-05-03,v8,TRUE
2021-04-14,Reff,1.04,1.08,1.12,1.12,1.17,1.21,Surged Relax Interventions 50%,Mongolia,MNG,2021-05-03,v8,TRUE
2021-04-15,deaths,2.95,3.02,3.09,3.09,3.16,3.23,Additional 50% Reduction,Mongolia,MNG,2021-05-03,v8,TRUE
2021-04-15,hospital_demand,156.48,160.56,165.1,165.1,169.63,173.71,Additional 50% Reduction,Mongolia,MNG,2021-05-03,v8,TRUE
2021-04-15,ICU_demand,52.68,54,55.47,55.47,56.94,58.26,Additional 50% Reduction,Mongolia,MNG,2021-05-03,v8,TRUE
2021-04-15,infections,2966.36,3119.28,3289.2,3289.2,3459.12,3612.04,Additional 50% Reduction,Mongolia,MNG,2021-05-03,v8,TRUE
2021-04-15,prevalence,20082.87,21160.86,22358.63,22358.63,23556.39,24634.38,Additional 50% Reduction,Mongolia,MNG,2021-05-03,v8,TRUE
2021-04-15,cumulative_infections,39184.26,40322.44,41587.08,41587.08,42851.73,43989.91,Additional 50% Reduction,Mongolia,MNG,2021-05-03,v8,TRUE
2021-04-15,cumulative_deaths,30.92,31.54,32.22,32.22,32.9,33.52,Additional 50% Reduction,Mongolia,MNG,2021-05-03,v8,TRUE
2021-04-15,Rt,1.11,1.16,1.21,1.21,1.25,1.3,Additional 50% Reduction,Mongolia,MNG,2021-05-03,v8,TRUE
2021-04-15,Reff,1.01,1.05,1.09,1.09,1.13,1.17,Additional 50% Reduction,Mongolia,MNG,2021-05-03,v8,TRUE
2021-04-15,deaths,2.95,3.02,3.09,3.09,3.16,3.23,Maintain Status Quo,Mongolia,MNG,2021-05-03,v8,TRUE
2021-04-15,hospital_demand,156.48,160.56,165.1,165.1,169.63,173.71,Maintain Status Quo,Mongolia,MNG,2021-05-03,v8,TRUE
2021-04-15,ICU_demand,52.68,54,55.47,55.47,56.94,58.26,Maintain Status Quo,Mongolia,MNG,2021-05-03,v8,TRUE
2021-04-15,infections,2966.36,3119.28,3289.2,3289.2,3459.12,3612.04,Maintain Status Quo,Mongolia,MNG,2021-05-03,v8,TRUE
2021-04-15,prevalence,20082.87,21160.86,22358.63,22358.63,23556.39,24634.38,Maintain Status Quo,Mongolia,MNG,2021-05-03,v8,TRUE
2021-04-15,cumulative_infections,39184.26,40322.44,41587.08,41587.08,42851.73,43989.91,Maintain Status Quo,Mongolia,MNG,2021-05-03,v8,TRUE
2021-04-15,cumulative_deaths,30.92,31.54,32.22,32.22,32.9,33.52,Maintain Status Quo,Mongolia,MNG,2021-05-03,v8,TRUE
2021-04-15,Rt,1.11,1.16,1.21,1.21,1.25,1.3,Maintain Status Quo,Mongolia,MNG,2021-05-03,v8,TRUE
2021-04-15,Reff,1.01,1.05,1.09,1.09,1.13,1.17,Maintain Status Quo,Mongolia,MNG,2021-05-03,v8,TRUE
2021-04-15,deaths,2.95,3.02,3.09,3.09,3.16,3.23,Relax Interventions 50%,Mongolia,MNG,2021-05-03,v8,TRUE
2021-04-15,hospital_demand,156.48,160.56,165.1,165.1,169.63,173.71,Relax Interventions 50%,Mongolia,MNG,2021-05-03,v8,TRUE
2021-04-15,ICU_demand,52.68,54,55.47,55.47,56.94,58.26,Relax Interventions 50%,Mongolia,MNG,2021-05-03,v8,TRUE
2021-04-15,infections,2966.36,3119.28,3289.2,3289.2,3459.12,3612.04,Relax Interventions 50%,Mongolia,MNG,2021-05-03,v8,TRUE
2021-04-15,prevalence,20082.87,21160.86,22358.63,22358.63,23556.39,24634.38,Relax Interventions 50%,Mongolia,MNG,2021-05-03,v8,TRUE
2021-04-15,cumulative_infections,39184.26,40322.44,41587.08,41587.08,42851.73,43989.91,Relax Interventions 50%,Mongolia,MNG,2021-05-03,v8,TRUE
2021-04-15,cumulative_deaths,30.92,31.54,32.22,32.22,32.9,33.52,Relax Interventions 50%,Mongolia,MNG,2021-05-03,v8,TRUE
2021-04-15,Rt,1.11,1.16,1.21,1.21,1.25,1.3,Relax Interventions 50%,Mongolia,MNG,2021-05-03,v8,TRUE
2021-04-15,Reff,1.01,1.05,1.09,1.09,1.13,1.17,Relax Interventions 50%,Mongolia,MNG,2021-05-03,v8,TRUE
2021-04-15,deaths,2.95,3.02,3.09,3.09,3.16,3.23,Surged Additional 50% Reduction,Mongolia,MNG,2021-05-03,v8,TRUE
2021-04-15,hospital_demand,156.48,160.56,165.1,165.1,169.63,173.71,Surged Additional 50% Reduction,Mongolia,MNG,2021-05-03,v8,TRUE
2021-04-15,ICU_demand,52.68,54,55.47,55.47,56.94,58.26,Surged Additional 50% Reduction,Mongolia,MNG,2021-05-03,v8,TRUE
2021-04-15,infections,2966.36,3119.28,3289.2,3289.2,3459.12,3612.04,Surged Additional 50% Reduction,Mongolia,MNG,2021-05-03,v8,TRUE
2021-04-15,prevalence,20082.87,21160.86,22358.63,22358.63,23556.39,24634.38,Surged Additional 50% Reduction,Mongolia,MNG,2021-05-03,v8,TRUE
2021-04-15,cumulative_infections,39184.26,40322.44,41587.08,41587.08,42851.73,43989.91,Surged Additional 50% Reduction,Mongolia,MNG,2021-05-03,v8,TRUE
2021-04-15,cumulative_deaths,30.92,31.54,32.22,32.22,32.9,33.52,Surged Additional 50% Reduction,Mongolia,MNG,2021-05-03,v8,TRUE
2021-04-15,Rt,1.11,1.16,1.21,1.21,1.25,1.3,Surged Additional 50% Reduction,Mongolia,MNG,2021-05-03,v8,TRUE
2021-04-15,Reff,0.96,1,1.04,1.04,1.08,1.12,Surged Additional 50% Reduction,Mongolia,MNG,2021-05-03,v8,TRUE
2021-04-15,deaths,2.95,3.02,3.09,3.09,3.16,3.23,Surged Maintain Status Quo,Mongolia,MNG,2021-05-03,v8,TRUE
2021-04-15,hospital_demand,156.48,160.56,165.1,165.1,169.63,173.71,Surged Maintain Status Quo,Mongolia,MNG,2021-05-03,v8,TRUE
2021-04-15,ICU_demand,52.68,54,55.47,55.47,56.94,58.26,Surged Maintain Status Quo,Mongolia,MNG,2021-05-03,v8,TRUE
2021-04-15,infections,2966.36,3119.28,3289.2,3289.2,3459.12,3612.04,Surged Maintain Status Quo,Mongolia,MNG,2021-05-03,v8,TRUE
2021-04-15,prevalence,20082.87,21160.86,22358.63,22358.63,23556.39,24634.38,Surged Maintain Status Quo,Mongolia,MNG,2021-05-03,v8,TRUE
2021-04-15,cumulative_infections,39184.26,40322.44,41587.08,41587.08,42851.73,43989.91,Surged Maintain Status Quo,Mongolia,MNG,2021-05-03,v8,TRUE
2021-04-15,cumulative_deaths,30.92,31.54,32.22,32.22,32.9,33.52,Surged Maintain Status Quo,Mongolia,MNG,2021-05-03,v8,TRUE
2021-04-15,Rt,1.11,1.16,1.21,1.21,1.25,1.3,Surged Maintain Status Quo,Mongolia,MNG,2021-05-03,v8,TRUE
2021-04-15,Reff,0.96,1,1.04,1.04,1.08,1.12,Surged Maintain Status Quo,Mongolia,MNG,2021-05-03,v8,TRUE
2021-04-15,deaths,2.95,3.02,3.09,3.09,3.16,3.23,Surged Relax Interventions 50%,Mongolia,MNG,2021-05-03,v8,TRUE
2021-04-15,hospital_demand,156.48,160.56,165.1,165.1,169.63,173.71,Surged Relax Interventions 50%,Mongolia,MNG,2021-05-03,v8,TRUE
2021-04-15,ICU_demand,52.68,54,55.47,55.47,56.94,58.26,Surged Relax Interventions 50%,Mongolia,MNG,2021-05-03,v8,TRUE
2021-04-15,infections,2966.36,3119.28,3289.2,3289.2,3459.12,3612.04,Surged Relax Interventions 50%,Mongolia,MNG,2021-05-03,v8,TRUE
2021-04-15,prevalence,20082.87,21160.86,22358.63,22358.63,23556.39,24634.38,Surged Relax Interventions 50%,Mongolia,MNG,2021-05-03,v8,TRUE
2021-04-15,cumulative_infections,39184.26,40322.44,41587.08,41587.08,42851.73,43989.91,Surged Relax Interventions 50%,Mongolia,MNG,2021-05-03,v8,TRUE
2021-04-15,cumulative_deaths,30.92,31.54,32.22,32.22,32.9,33.52,Surged Relax Interventions 50%,Mongolia,MNG,2021-05-03,v8,TRUE
2021-04-15,Rt,1.11,1.16,1.21,1.21,1.25,1.3,Surged Relax Interventions 50%,Mongolia,MNG,2021-05-03,v8,TRUE
2021-04-15,Reff,0.96,1,1.04,1.04,1.08,1.12,Surged Relax Interventions 50%,Mongolia,MNG,2021-05-03,v8,TRUE
2021-04-16,deaths,3.26,3.34,3.42,3.42,3.51,3.58,Additional 50% Reduction,Mongolia,MNG,2021-05-03,v8,TRUE
2021-04-16,hospital_demand,170.09,174.82,180.09,180.09,185.35,190.09,Additional 50% Reduction,Mongolia,MNG,2021-05-03,v8,TRUE
2021-04-16,ICU_demand,57.39,58.93,60.63,60.63,62.34,63.87,Additional 50% Reduction,Mongolia,MNG,2021-05-03,v8,TRUE
2021-04-16,infections,2975.24,3150.07,3344.33,3344.33,3538.58,3713.41,Additional 50% Reduction,Mongolia,MNG,2021-05-03,v8,TRUE
2021-04-16,prevalence,20104.98,21318.51,22666.88,22666.88,24015.25,25228.78,Additional 50% Reduction,Mongolia,MNG,2021-05-03,v8,TRUE
2021-04-16,cumulative_infections,42159.5,43472.51,44931.41,44931.41,46390.31,47703.33,Additional 50% Reduction,Mongolia,MNG,2021-05-03,v8,TRUE
2021-04-16,cumulative_deaths,34.18,34.87,35.64,35.64,36.41,37.1,Additional 50% Reduction,Mongolia,MNG,2021-05-03,v8,TRUE
2021-04-16,Rt,1.15,1.19,1.24,1.24,1.29,1.33,Additional 50% Reduction,Mongolia,MNG,2021-05-03,v8,TRUE
2021-04-16,Reff,1.03,1.07,1.11,1.11,1.16,1.2,Additional 50% Reduction,Mongolia,MNG,2021-05-03,v8,TRUE
2021-04-16,deaths,3.26,3.34,3.42,3.42,3.51,3.58,Maintain Status Quo,Mongolia,MNG,2021-05-03,v8,TRUE
2021-04-16,hospital_demand,170.09,174.82,180.09,180.09,185.35,190.09,Maintain Status Quo,Mongolia,MNG,2021-05-03,v8,TRUE
2021-04-16,ICU_demand,57.39,58.93,60.63,60.63,62.34,63.87,Maintain Status Quo,Mongolia,MNG,2021-05-03,v8,TRUE
2021-04-16,infections,2975.24,3150.07,3344.33,3344.33,3538.58,3713.41,Maintain Status Quo,Mongolia,MNG,2021-05-03,v8,TRUE
2021-04-16,prevalence,20104.98,21318.51,22666.88,22666.88,24015.25,25228.78,Maintain Status Quo,Mongolia,MNG,2021-05-03,v8,TRUE
2021-04-16,cumulative_infections,42159.5,43472.51,44931.41,44931.41,46390.31,47703.33,Maintain Status Quo,Mongolia,MNG,2021-05-03,v8,TRUE
2021-04-16,cumulative_deaths,34.18,34.87,35.64,35.64,36.41,37.1,Maintain Status Quo,Mongolia,MNG,2021-05-03,v8,TRUE
2021-04-16,Rt,1.15,1.19,1.24,1.24,1.29,1.33,Maintain Status Quo,Mongolia,MNG,2021-05-03,v8,TRUE
2021-04-16,Reff,1.03,1.07,1.11,1.11,1.16,1.2,Maintain Status Quo,Mongolia,MNG,2021-05-03,v8,TRUE
2021-04-16,deaths,3.26,3.34,3.42,3.42,3.51,3.58,Relax Interventions 50%,Mongolia,MNG,2021-05-03,v8,TRUE
2021-04-16,hospital_demand,170.09,174.82,180.09,180.09,185.35,190.09,Relax Interventions 50%,Mongolia,MNG,2021-05-03,v8,TRUE
2021-04-16,ICU_demand,57.39,58.93,60.63,60.63,62.34,63.87,Relax Interventions 50%,Mongolia,MNG,2021-05-03,v8,TRUE
2021-04-16,infections,2975.24,3150.07,3344.33,3344.33,3538.58,3713.41,Relax Interventions 50%,Mongolia,MNG,2021-05-03,v8,TRUE
2021-04-16,prevalence,20104.98,21318.51,22666.88,22666.88,24015.25,25228.78,Relax Interventions 50%,Mongolia,MNG,2021-05-03,v8,TRUE
2021-04-16,cumulative_infections,42159.5,43472.51,44931.41,44931.41,46390.31,47703.33,Relax Interventions 50%,Mongolia,MNG,2021-05-03,v8,TRUE
2021-04-16,cumulative_deaths,34.18,34.87,35.64,35.64,36.41,37.1,Relax Interventions 50%,Mongolia,MNG,2021-05-03,v8,TRUE
2021-04-16,Rt,1.15,1.19,1.24,1.24,1.29,1.33,Relax Interventions 50%,Mongolia,MNG,2021-05-03,v8,TRUE
2021-04-16,Reff,1.03,1.07,1.11,1.11,1.16,1.2,Relax Interventions 50%,Mongolia,MNG,2021-05-03,v8,TRUE
2021-04-16,deaths,3.26,3.34,3.42,3.42,3.51,3.58,Surged Additional 50% Reduction,Mongolia,MNG,2021-05-03,v8,TRUE
2021-04-16,hospital_demand,170.09,174.82,180.09,180.09,185.35,190.09,Surged Additional 50% Reduction,Mongolia,MNG,2021-05-03,v8,TRUE
2021-04-16,ICU_demand,57.39,58.93,60.63,60.63,62.34,63.87,Surged Additional 50% Reduction,Mongolia,MNG,2021-05-03,v8,TRUE
2021-04-16,infections,2975.24,3150.07,3344.33,3344.33,3538.58,3713.41,Surged Additional 50% Reduction,Mongolia,MNG,2021-05-03,v8,TRUE
2021-04-16,prevalence,20104.98,21318.51,22666.88,22666.88,24015.25,25228.78,Surged Additional 50% Reduction,Mongolia,MNG,2021-05-03,v8,TRUE
2021-04-16,cumulative_infections,42159.5,43472.51,44931.41,44931.41,46390.31,47703.33,Surged Additional 50% Reduction,Mongolia,MNG,2021-05-03,v8,TRUE
2021-04-16,cumulative_deaths,34.18,34.87,35.64,35.64,36.41,37.1,Surged Additional 50% Reduction,Mongolia,MNG,2021-05-03,v8,TRUE
2021-04-16,Rt,1.15,1.19,1.24,1.24,1.29,1.33,Surged Additional 50% Reduction,Mongolia,MNG,2021-05-03,v8,TRUE
2021-04-16,Reff,0.98,1.02,1.06,1.06,1.11,1.14,Surged Additional 50% Reduction,Mongolia,MNG,2021-05-03,v8,TRUE
2021-04-16,deaths,3.26,3.34,3.42,3.42,3.51,3.58,Surged Maintain Status Quo,Mongolia,MNG,2021-05-03,v8,TRUE
2021-04-16,hospital_demand,170.09,174.82,180.09,180.09,185.35,190.09,Surged Maintain Status Quo,Mongolia,MNG,2021-05-03,v8,TRUE
2021-04-16,ICU_demand,57.39,58.93,60.63,60.63,62.34,63.87,Surged Maintain Status Quo,Mongolia,MNG,2021-05-03,v8,TRUE
2021-04-16,infections,2975.24,3150.07,3344.33,3344.33,3538.58,3713.41,Surged Maintain Status Quo,Mongolia,MNG,2021-05-03,v8,TRUE
2021-04-16,prevalence,20104.98,21318.51,22666.88,22666.88,24015.25,25228.78,Surged Maintain Status Quo,Mongolia,MNG,2021-05-03,v8,TRUE
2021-04-16,cumulative_infections,42159.5,43472.51,44931.41,44931.41,46390.31,47703.33,Surged Maintain Status Quo,Mongolia,MNG,2021-05-03,v8,TRUE
2021-04-16,cumulative_deaths,34.18,34.87,35.64,35.64,36.41,37.1,Surged Maintain Status Quo,Mongolia,MNG,2021-05-03,v8,TRUE
2021-04-16,Rt,1.15,1.19,1.24,1.24,1.29,1.33,Surged Maintain Status Quo,Mongolia,MNG,2021-05-03,v8,TRUE
2021-04-16,Reff,0.98,1.02,1.06,1.06,1.11,1.14,Surged Maintain Status Quo,Mongolia,MNG,2021-05-03,v8,TRUE
2021-04-16,deaths,3.26,3.34,3.42,3.42,3.51,3.58,Surged Relax Interventions 50%,Mongolia,MNG,2021-05-03,v8,TRUE
2021-04-16,hospital_demand,170.09,174.82,180.09,180.09,185.35,190.09,Surged Relax Interventions 50%,Mongolia,MNG,2021-05-03,v8,TRUE
2021-04-16,ICU_demand,57.39,58.93,60.63,60.63,62.34,63.87,Surged Relax Interventions 50%,Mongolia,MNG,2021-05-03,v8,TRUE
2021-04-16,infections,2975.24,3150.07,3344.33,3344.33,3538.58,3713.41,Surged Relax Interventions 50%,Mongolia,MNG,2021-05-03,v8,TRUE
2021-04-16,prevalence,20104.98,21318.51,22666.88,22666.88,24015.25,25228.78,Surged Relax Interventions 50%,Mongolia,MNG,2021-05-03,v8,TRUE
2021-04-16,cumulative_infections,42159.5,43472.51,44931.41,44931.41,46390.31,47703.33,Surged Relax Interventions 50%,Mongolia,MNG,2021-05-03,v8,TRUE
2021-04-16,cumulative_deaths,34.18,34.87,35.64,35.64,36.41,37.1,Surged Relax Interventions 50%,Mongolia,MNG,2021-05-03,v8,TRUE
2021-04-16,Rt,1.15,1.19,1.24,1.24,1.29,1.33,Surged Relax Interventions 50%,Mongolia,MNG,2021-05-03,v8,TRUE
2021-04-16,Reff,0.98,1.02,1.06,1.06,1.11,1.14,Surged Relax Interventions 50%,Mongolia,MNG,2021-05-03,v8,TRUE
2021-04-17,deaths,3.57,3.66,3.76,3.76,3.86,3.95,Additional 50% Reduction,Mongolia,MNG,2021-05-03,v8,TRUE
2021-04-17,hospital_demand,182.9,188.36,194.43,194.43,200.51,205.97,Additional 50% Reduction,Mongolia,MNG,2021-05-03,v8,TRUE
2021-04-17,ICU_demand,61.93,63.7,65.67,65.67,67.63,69.4,Additional 50% Reduction,Mongolia,MNG,2021-05-03,v8,TRUE
2021-04-17,infections,2976.37,3172.88,3391.23,3391.23,3609.57,3806.09,Additional 50% Reduction,Mongolia,MNG,2021-05-03,v8,TRUE
2021-04-17,prevalence,20200.54,21557.36,23064.93,23064.93,24572.5,25929.31,Additional 50% Reduction,Mongolia,MNG,2021-05-03,v8,TRUE
2021-04-17,cumulative_infections,45135.87,46645.39,48322.64,48322.64,49999.89,51509.41,Additional 50% Reduction,Mongolia,MNG,2021-05-03,v8,TRUE
2021-04-17,cumulative_deaths,37.75,38.53,39.41,39.41,40.28,41.06,Additional 50% Reduction,Mongolia,MNG,2021-05-03,v8,TRUE
2021-04-17,Rt,1.28,1.33,1.38,1.38,1.43,1.47,Additional 50% Reduction,Mongolia,MNG,2021-05-03,v8,TRUE
2021-04-17,Reff,1.15,1.19,1.23,1.23,1.27,1.31,Additional 50% Reduction,Mongolia,MNG,2021-05-03,v8,TRUE
2021-04-17,deaths,3.57,3.66,3.76,3.76,3.86,3.95,Maintain Status Quo,Mongolia,MNG,2021-05-03,v8,TRUE
2021-04-17,hospital_demand,182.9,188.36,194.43,194.43,200.51,205.97,Maintain Status Quo,Mongolia,MNG,2021-05-03,v8,TRUE
2021-04-17,ICU_demand,61.93,63.7,65.67,65.67,67.63,69.4,Maintain Status Quo,Mongolia,MNG,2021-05-03,v8,TRUE
2021-04-17,infections,2976.37,3172.88,3391.23,3391.23,3609.57,3806.09,Maintain Status Quo,Mongolia,MNG,2021-05-03,v8,TRUE
2021-04-17,prevalence,20200.54,21557.36,23064.93,23064.93,24572.5,25929.31,Maintain Status Quo,Mongolia,MNG,2021-05-03,v8,TRUE
2021-04-17,cumulative_infections,45135.87,46645.39,48322.64,48322.64,49999.89,51509.41,Maintain Status Quo,Mongolia,MNG,2021-05-03,v8,TRUE
2021-04-17,cumulative_deaths,37.75,38.53,39.41,39.41,40.28,41.06,Maintain Status Quo,Mongolia,MNG,2021-05-03,v8,TRUE
2021-04-17,Rt,1.28,1.33,1.38,1.38,1.43,1.47,Maintain Status Quo,Mongolia,MNG,2021-05-03,v8,TRUE
2021-04-17,Reff,1.15,1.19,1.23,1.23,1.27,1.31,Maintain Status Quo,Mongolia,MNG,2021-05-03,v8,TRUE
2021-04-17,deaths,3.57,3.66,3.76,3.76,3.86,3.95,Relax Interventions 50%,Mongolia,MNG,2021-05-03,v8,TRUE
2021-04-17,hospital_demand,182.9,188.36,194.43,194.43,200.51,205.97,Relax Interventions 50%,Mongolia,MNG,2021-05-03,v8,TRUE
2021-04-17,ICU_demand,61.93,63.7,65.67,65.67,67.63,69.4,Relax Interventions 50%,Mongolia,MNG,2021-05-03,v8,TRUE
2021-04-17,infections,2976.37,3172.88,3391.23,3391.23,3609.57,3806.09,Relax Interventions 50%,Mongolia,MNG,2021-05-03,v8,TRUE
2021-04-17,prevalence,20200.54,21557.36,23064.93,23064.93,24572.5,25929.31,Relax Interventions 50%,Mongolia,MNG,2021-05-03,v8,TRUE
2021-04-17,cumulative_infections,45135.87,46645.39,48322.64,48322.64,49999.89,51509.41,Relax Interventions 50%,Mongolia,MNG,2021-05-03,v8,TRUE
2021-04-17,cumulative_deaths,37.75,38.53,39.41,39.41,40.28,41.06,Relax Interventions 50%,Mongolia,MNG,2021-05-03,v8,TRUE
2021-04-17,Rt,1.28,1.33,1.38,1.38,1.43,1.47,Relax Interventions 50%,Mongolia,MNG,2021-05-03,v8,TRUE
2021-04-17,Reff,1.15,1.19,1.23,1.23,1.27,1.31,Relax Interventions 50%,Mongolia,MNG,2021-05-03,v8,TRUE
2021-04-17,deaths,3.57,3.66,3.76,3.76,3.86,3.95,Surged Additional 50% Reduction,Mongolia,MNG,2021-05-03,v8,TRUE
2021-04-17,hospital_demand,182.9,188.36,194.43,194.43,200.51,205.97,Surged Additional 50% Reduction,Mongolia,MNG,2021-05-03,v8,TRUE
2021-04-17,ICU_demand,61.93,63.7,65.67,65.67,67.63,69.4,Surged Additional 50% Reduction,Mongolia,MNG,2021-05-03,v8,TRUE
2021-04-17,infections,2976.37,3172.88,3391.23,3391.23,3609.57,3806.09,Surged Additional 50% Reduction,Mongolia,MNG,2021-05-03,v8,TRUE
2021-04-17,prevalence,20200.54,21557.36,23064.93,23064.93,24572.5,25929.31,Surged Additional 50% Reduction,Mongolia,MNG,2021-05-03,v8,TRUE
2021-04-17,cumulative_infections,45135.87,46645.39,48322.64,48322.64,49999.89,51509.41,Surged Additional 50% Reduction,Mongolia,MNG,2021-05-03,v8,TRUE
2021-04-17,cumulative_deaths,37.75,38.53,39.41,39.41,40.28,41.06,Surged Additional 50% Reduction,Mongolia,MNG,2021-05-03,v8,TRUE
2021-04-17,Rt,1.28,1.33,1.38,1.38,1.43,1.47,Surged Additional 50% Reduction,Mongolia,MNG,2021-05-03,v8,TRUE
2021-04-17,Reff,1.09,1.13,1.17,1.17,1.21,1.25,Surged Additional 50% Reduction,Mongolia,MNG,2021-05-03,v8,TRUE
2021-04-17,deaths,3.57,3.66,3.76,3.76,3.86,3.95,Surged Maintain Status Quo,Mongolia,MNG,2021-05-03,v8,TRUE
2021-04-17,hospital_demand,182.9,188.36,194.43,194.43,200.51,205.97,Surged Maintain Status Quo,Mongolia,MNG,2021-05-03,v8,TRUE
2021-04-17,ICU_demand,61.93,63.7,65.67,65.67,67.63,69.4,Surged Maintain Status Quo,Mongolia,MNG,2021-05-03,v8,TRUE
2021-04-17,infections,2976.37,3172.88,3391.23,3391.23,3609.57,3806.09,Surged Maintain Status Quo,Mongolia,MNG,2021-05-03,v8,TRUE
2021-04-17,prevalence,20200.54,21557.36,23064.93,23064.93,24572.5,25929.31,Surged Maintain Status Quo,Mongolia,MNG,2021-05-03,v8,TRUE
2021-04-17,cumulative_infections,45135.87,46645.39,48322.64,48322.64,49999.89,51509.41,Surged Maintain Status Quo,Mongolia,MNG,2021-05-03,v8,TRUE
2021-04-17,cumulative_deaths,37.75,38.53,39.41,39.41,40.28,41.06,Surged Maintain Status Quo,Mongolia,MNG,2021-05-03,v8,TRUE
2021-04-17,Rt,1.28,1.33,1.38,1.38,1.43,1.47,Surged Maintain Status Quo,Mongolia,MNG,2021-05-03,v8,TRUE
2021-04-17,Reff,1.09,1.13,1.17,1.17,1.21,1.25,Surged Maintain Status Quo,Mongolia,MNG,2021-05-03,v8,TRUE
2021-04-17,deaths,3.57,3.66,3.76,3.76,3.86,3.95,Surged Relax Interventions 50%,Mongolia,MNG,2021-05-03,v8,TRUE
2021-04-17,hospital_demand,182.9,188.36,194.43,194.43,200.51,205.97,Surged Relax Interventions 50%,Mongolia,MNG,2021-05-03,v8,TRUE
2021-04-17,ICU_demand,61.93,63.7,65.67,65.67,67.63,69.4,Surged Relax Interventions 50%,Mongolia,MNG,2021-05-03,v8,TRUE
2021-04-17,infections,2976.37,3172.88,3391.23,3391.23,3609.57,3806.09,Surged Relax Interventions 50%,Mongolia,MNG,2021-05-03,v8,TRUE
2021-04-17,prevalence,20200.54,21557.36,23064.93,23064.93,24572.5,25929.31,Surged Relax Interventions 50%,Mongolia,MNG,2021-05-03,v8,TRUE
2021-04-17,cumulative_infections,45135.87,46645.39,48322.64,48322.64,49999.89,51509.41,Surged Relax Interventions 50%,Mongolia,MNG,2021-05-03,v8,TRUE
2021-04-17,cumulative_deaths,37.75,38.53,39.41,39.41,40.28,41.06,Surged Relax Interventions 50%,Mongolia,MNG,2021-05-03,v8,TRUE
2021-04-17,Rt,1.28,1.33,1.38,1.38,1.43,1.47,Surged Relax Interventions 50%,Mongolia,MNG,2021-05-03,v8,TRUE
2021-04-17,Reff,1.09,1.13,1.17,1.17,1.21,1.25,Surged Relax Interventions 50%,Mongolia,MNG,2021-05-03,v8,TRUE
2021-04-18,deaths,3.89,3.99,4.11,4.11,4.22,4.33,Additional 50% Reduction,Mongolia,MNG,2021-05-03,v8,TRUE
2021-04-18,hospital_demand,194.61,200.88,207.84,207.84,214.8,221.07,Additional 50% Reduction,Mongolia,MNG,2021-05-03,v8,TRUE
2021-04-18,ICU_demand,66.2,68.23,70.48,70.48,72.74,74.77,Additional 50% Reduction,Mongolia,MNG,2021-05-03,v8,TRUE
2021-04-18,infections,3005.2,3225.13,3469.49,3469.49,3713.85,3933.77,Additional 50% Reduction,Mongolia,MNG,2021-05-03,v8,TRUE
2021-04-18,prevalence,20631.16,22153.44,23844.87,23844.87,25536.29,27058.57,Additional 50% Reduction,Mongolia,MNG,2021-05-03,v8,TRUE
2021-04-18,cumulative_infections,48141.07,49870.52,51792.13,51792.13,53713.74,55443.18,Additional 50% Reduction,Mongolia,MNG,2021-05-03,v8,TRUE
2021-04-18,cumulative_deaths,41.64,42.53,43.51,43.51,44.5,45.39,Additional 50% Reduction,Mongolia,MNG,2021-05-03,v8,TRUE
2021-04-18,Rt,1.28,1.33,1.38,1.38,1.43,1.47,Additional 50% Reduction,Mongolia,MNG,2021-05-03,v8,TRUE
2021-04-18,Reff,1.14,1.18,1.22,1.22,1.27,1.3,Additional 50% Reduction,Mongolia,MNG,2021-05-03,v8,TRUE
2021-04-18,deaths,3.89,3.99,4.11,4.11,4.22,4.33,Maintain Status Quo,Mongolia,MNG,2021-05-03,v8,TRUE
2021-04-18,hospital_demand,194.61,200.88,207.84,207.84,214.8,221.07,Maintain Status Quo,Mongolia,MNG,2021-05-03,v8,TRUE
2021-04-18,ICU_demand,66.2,68.23,70.48,70.48,72.74,74.77,Maintain Status Quo,Mongolia,MNG,2021-05-03,v8,TRUE
2021-04-18,infections,3005.2,3225.13,3469.49,3469.49,3713.85,3933.77,Maintain Status Quo,Mongolia,MNG,2021-05-03,v8,TRUE
2021-04-18,prevalence,20631.16,22153.44,23844.87,23844.87,25536.29,27058.57,Maintain Status Quo,Mongolia,MNG,2021-05-03,v8,TRUE
2021-04-18,cumulative_infections,48141.07,49870.52,51792.13,51792.13,53713.74,55443.18,Maintain Status Quo,Mongolia,MNG,2021-05-03,v8,TRUE
2021-04-18,cumulative_deaths,41.64,42.53,43.51,43.51,44.5,45.39,Maintain Status Quo,Mongolia,MNG,2021-05-03,v8,TRUE
2021-04-18,Rt,1.28,1.33,1.38,1.38,1.43,1.47,Maintain Status Quo,Mongolia,MNG,2021-05-03,v8,TRUE
2021-04-18,Reff,1.14,1.18,1.22,1.22,1.27,1.3,Maintain Status Quo,Mongolia,MNG,2021-05-03,v8,TRUE
2021-04-18,deaths,3.89,3.99,4.11,4.11,4.22,4.33,Relax Interventions 50%,Mongolia,MNG,2021-05-03,v8,TRUE
2021-04-18,hospital_demand,194.61,200.88,207.84,207.84,214.8,221.07,Relax Interventions 50%,Mongolia,MNG,2021-05-03,v8,TRUE
2021-04-18,ICU_demand,66.2,68.23,70.48,70.48,72.74,74.77,Relax Interventions 50%,Mongolia,MNG,2021-05-03,v8,TRUE
2021-04-18,infections,3005.2,3225.13,3469.49,3469.49,3713.85,3933.77,Relax Interventions 50%,Mongolia,MNG,2021-05-03,v8,TRUE
2021-04-18,prevalence,20631.16,22153.44,23844.87,23844.87,25536.29,27058.57,Relax Interventions 50%,Mongolia,MNG,2021-05-03,v8,TRUE
2021-04-18,cumulative_infections,48141.07,49870.52,51792.13,51792.13,53713.74,55443.18,Relax Interventions 50%,Mongolia,MNG,2021-05-03,v8,TRUE
2021-04-18,cumulative_deaths,41.64,42.53,43.51,43.51,44.5,45.39,Relax Interventions 50%,Mongolia,MNG,2021-05-03,v8,TRUE
2021-04-18,Rt,1.28,1.33,1.38,1.38,1.43,1.47,Relax Interventions 50%,Mongolia,MNG,2021-05-03,v8,TRUE
2021-04-18,Reff,1.14,1.18,1.22,1.22,1.27,1.3,Relax Interventions 50%,Mongolia,MNG,2021-05-03,v8,TRUE
2021-04-18,deaths,3.89,3.99,4.11,4.11,4.22,4.33,Surged Additional 50% Reduction,Mongolia,MNG,2021-05-03,v8,TRUE
2021-04-18,hospital_demand,194.61,200.88,207.84,207.84,214.8,221.07,Surged Additional 50% Reduction,Mongolia,MNG,2021-05-03,v8,TRUE
2021-04-18,ICU_demand,66.2,68.23,70.48,70.48,72.74,74.77,Surged Additional 50% Reduction,Mongolia,MNG,2021-05-03,v8,TRUE
2021-04-18,infections,3005.2,3225.13,3469.49,3469.49,3713.85,3933.77,Surged Additional 50% Reduction,Mongolia,MNG,2021-05-03,v8,TRUE
2021-04-18,prevalence,20631.16,22153.44,23844.87,23844.87,25536.29,27058.57,Surged Additional 50% Reduction,Mongolia,MNG,2021-05-03,v8,TRUE
2021-04-18,cumulative_infections,48141.07,49870.52,51792.13,51792.13,53713.74,55443.18,Surged Additional 50% Reduction,Mongolia,MNG,2021-05-03,v8,TRUE
2021-04-18,cumulative_deaths,41.64,42.53,43.51,43.51,44.5,45.39,Surged Additional 50% Reduction,Mongolia,MNG,2021-05-03,v8,TRUE
2021-04-18,Rt,1.28,1.33,1.38,1.38,1.43,1.47,Surged Additional 50% Reduction,Mongolia,MNG,2021-05-03,v8,TRUE
2021-04-18,Reff,1.09,1.12,1.16,1.16,1.2,1.24,Surged Additional 50% Reduction,Mongolia,MNG,2021-05-03,v8,TRUE
2021-04-18,deaths,3.89,3.99,4.11,4.11,4.22,4.33,Surged Maintain Status Quo,Mongolia,MNG,2021-05-03,v8,TRUE
2021-04-18,hospital_demand,194.61,200.88,207.84,207.84,214.8,221.07,Surged Maintain Status Quo,Mongolia,MNG,2021-05-03,v8,TRUE
2021-04-18,ICU_demand,66.2,68.23,70.48,70.48,72.74,74.77,Surged Maintain Status Quo,Mongolia,MNG,2021-05-03,v8,TRUE
2021-04-18,infections,3005.2,3225.13,3469.49,3469.49,3713.85,3933.77,Surged Maintain Status Quo,Mongolia,MNG,2021-05-03,v8,TRUE
2021-04-18,prevalence,20631.16,22153.44,23844.87,23844.87,25536.29,27058.57,Surged Maintain Status Quo,Mongolia,MNG,2021-05-03,v8,TRUE
2021-04-18,cumulative_infections,48141.07,49870.52,51792.13,51792.13,53713.74,55443.18,Surged Maintain Status Quo,Mongolia,MNG,2021-05-03,v8,TRUE
2021-04-18,cumulative_deaths,41.64,42.53,43.51,43.51,44.5,45.39,Surged Maintain Status Quo,Mongolia,MNG,2021-05-03,v8,TRUE
2021-04-18,Rt,1.28,1.33,1.38,1.38,1.43,1.47,Surged Maintain Status Quo,Mongolia,MNG,2021-05-03,v8,TRUE
2021-04-18,Reff,1.09,1.12,1.16,1.16,1.2,1.24,Surged Maintain Status Quo,Mongolia,MNG,2021-05-03,v8,TRUE
2021-04-18,deaths,3.89,3.99,4.11,4.11,4.22,4.33,Surged Relax Interventions 50%,Mongolia,MNG,2021-05-03,v8,TRUE
2021-04-18,hospital_demand,194.61,200.88,207.84,207.84,214.8,221.07,Surged Relax Interventions 50%,Mongolia,MNG,2021-05-03,v8,TRUE
2021-04-18,ICU_demand,66.2,68.23,70.48,70.48,72.74,74.77,Surged Relax Interventions 50%,Mongolia,MNG,2021-05-03,v8,TRUE
2021-04-18,infections,3005.2,3225.13,3469.49,3469.49,3713.85,3933.77,Surged Relax Interventions 50%,Mongolia,MNG,2021-05-03,v8,TRUE
2021-04-18,prevalence,20631.16,22153.44,23844.87,23844.87,25536.29,27058.57,Surged Relax Interventions 50%,Mongolia,MNG,2021-05-03,v8,TRUE
2021-04-18,cumulative_infections,48141.07,49870.52,51792.13,51792.13,53713.74,55443.18,Surged Relax Interventions 50%,Mongolia,MNG,2021-05-03,v8,TRUE
2021-04-18,cumulative_deaths,41.64,42.53,43.51,43.51,44.5,45.39,Surged Relax Interventions 50%,Mongolia,MNG,2021-05-03,v8,TRUE
2021-04-18,Rt,1.28,1.33,1.38,1.38,1.43,1.47,Surged Relax Interventions 50%,Mongolia,MNG,2021-05-03,v8,TRUE
2021-04-18,Reff,1.09,1.12,1.16,1.16,1.2,1.24,Surged Relax Interventions 50%,Mongolia,MNG,2021-05-03,v8,TRUE
2021-04-19,deaths,4.19,4.31,4.44,4.44,4.58,4.7,Additional 50% Reduction,Mongolia,MNG,2021-05-03,v8,TRUE
2021-04-19,hospital_demand,205.06,212.2,220.14,220.14,228.08,235.22,Additional 50% Reduction,Mongolia,MNG,2021-05-03,v8,TRUE
2021-04-19,ICU_demand,70.13,72.45,75.02,75.02,77.6,79.91,Additional 50% Reduction,Mongolia,MNG,2021-05-03,v8,TRUE
2021-04-19,infections,3061.97,3307.07,3579.42,3579.42,3851.76,4096.86,Additional 50% Reduction,Mongolia,MNG,2021-05-03,v8,TRUE
2021-04-19,prevalence,21043.4,22736.23,24617.14,24617.14,26498.06,28190.89,Additional 50% Reduction,Mongolia,MNG,2021-05-03,v8,TRUE
2021-04-19,cumulative_infections,51203.04,53177.59,55371.54,55371.54,57565.49,59540.05,Additional 50% Reduction,Mongolia,MNG,2021-05-03,v8,TRUE
2021-04-19,cumulative_deaths,45.83,46.84,47.96,47.96,49.08,50.09,Additional 50% Reduction,Mongolia,MNG,2021-05-03,v8,TRUE
2021-04-19,Rt,1.25,1.3,1.35,1.35,1.4,1.44,Additional 50% Reduction,Mongolia,MNG,2021-05-03,v8,TRUE
2021-04-19,Reff,1.11,1.15,1.19,1.19,1.23,1.27,Additional 50% Reduction,Mongolia,MNG,2021-05-03,v8,TRUE
2021-04-19,deaths,4.19,4.31,4.44,4.44,4.58,4.7,Maintain Status Quo,Mongolia,MNG,2021-05-03,v8,TRUE
2021-04-19,hospital_demand,205.06,212.2,220.14,220.14,228.08,235.22,Maintain Status Quo,Mongolia,MNG,2021-05-03,v8,TRUE
2021-04-19,ICU_demand,70.13,72.45,75.02,75.02,77.6,79.91,Maintain Status Quo,Mongolia,MNG,2021-05-03,v8,TRUE
2021-04-19,infections,3061.97,3307.07,3579.42,3579.42,3851.76,4096.86,Maintain Status Quo,Mongolia,MNG,2021-05-03,v8,TRUE
2021-04-19,prevalence,21043.4,22736.23,24617.14,24617.14,26498.06,28190.89,Maintain Status Quo,Mongolia,MNG,2021-05-03,v8,TRUE
2021-04-19,cumulative_infections,51203.04,53177.59,55371.54,55371.54,57565.49,59540.05,Maintain Status Quo,Mongolia,MNG,2021-05-03,v8,TRUE
2021-04-19,cumulative_deaths,45.83,46.84,47.96,47.96,49.08,50.09,Maintain Status Quo,Mongolia,MNG,2021-05-03,v8,TRUE
2021-04-19,Rt,1.25,1.3,1.35,1.35,1.4,1.44,Maintain Status Quo,Mongolia,MNG,2021-05-03,v8,TRUE
2021-04-19,Reff,1.11,1.15,1.19,1.19,1.23,1.27,Maintain Status Quo,Mongolia,MNG,2021-05-03,v8,TRUE
2021-04-19,deaths,4.19,4.31,4.44,4.44,4.58,4.7,Relax Interventions 50%,Mongolia,MNG,2021-05-03,v8,TRUE
2021-04-19,hospital_demand,205.06,212.2,220.14,220.14,228.08,235.22,Relax Interventions 50%,Mongolia,MNG,2021-05-03,v8,TRUE
2021-04-19,ICU_demand,70.13,72.45,75.02,75.02,77.6,79.91,Relax Interventions 50%,Mongolia,MNG,2021-05-03,v8,TRUE
2021-04-19,infections,3061.97,3307.07,3579.42,3579.42,3851.76,4096.86,Relax Interventions 50%,Mongolia,MNG,2021-05-03,v8,TRUE
2021-04-19,prevalence,21043.4,22736.23,24617.14,24617.14,26498.06,28190.89,Relax Interventions 50%,Mongolia,MNG,2021-05-03,v8,TRUE
2021-04-19,cumulative_infections,51203.04,53177.59,55371.54,55371.54,57565.49,59540.05,Relax Interventions 50%,Mongolia,MNG,2021-05-03,v8,TRUE
2021-04-19,cumulative_deaths,45.83,46.84,47.96,47.96,49.08,50.09,Relax Interventions 50%,Mongolia,MNG,2021-05-03,v8,TRUE
2021-04-19,Rt,1.25,1.3,1.35,1.35,1.4,1.44,Relax Interventions 50%,Mongolia,MNG,2021-05-03,v8,TRUE
2021-04-19,Reff,1.11,1.15,1.19,1.19,1.23,1.27,Relax Interventions 50%,Mongolia,MNG,2021-05-03,v8,TRUE
2021-04-19,deaths,4.19,4.31,4.44,4.44,4.58,4.7,Surged Additional 50% Reduction,Mongolia,MNG,2021-05-03,v8,TRUE
2021-04-19,hospital_demand,205.06,212.2,220.14,220.14,228.08,235.22,Surged Additional 50% Reduction,Mongolia,MNG,2021-05-03,v8,TRUE
2021-04-19,ICU_demand,70.13,72.45,75.02,75.02,77.6,79.91,Surged Additional 50% Reduction,Mongolia,MNG,2021-05-03,v8,TRUE
2021-04-19,infections,3061.97,3307.07,3579.42,3579.42,3851.76,4096.86,Surged Additional 50% Reduction,Mongolia,MNG,2021-05-03,v8,TRUE
2021-04-19,prevalence,21043.4,22736.23,24617.14,24617.14,26498.06,28190.89,Surged Additional 50% Reduction,Mongolia,MNG,2021-05-03,v8,TRUE
2021-04-19,cumulative_infections,51203.04,53177.59,55371.54,55371.54,57565.49,59540.05,Surged Additional 50% Reduction,Mongolia,MNG,2021-05-03,v8,TRUE
2021-04-19,cumulative_deaths,45.83,46.84,47.96,47.96,49.08,50.09,Surged Additional 50% Reduction,Mongolia,MNG,2021-05-03,v8,TRUE
2021-04-19,Rt,1.25,1.3,1.35,1.35,1.4,1.44,Surged Additional 50% Reduction,Mongolia,MNG,2021-05-03,v8,TRUE
2021-04-19,Reff,1.05,1.09,1.13,1.13,1.17,1.21,Surged Additional 50% Reduction,Mongolia,MNG,2021-05-03,v8,TRUE
2021-04-19,deaths,4.19,4.31,4.44,4.44,4.58,4.7,Surged Maintain Status Quo,Mongolia,MNG,2021-05-03,v8,TRUE
2021-04-19,hospital_demand,205.06,212.2,220.14,220.14,228.08,235.22,Surged Maintain Status Quo,Mongolia,MNG,2021-05-03,v8,TRUE
2021-04-19,ICU_demand,70.13,72.45,75.02,75.02,77.6,79.91,Surged Maintain Status Quo,Mongolia,MNG,2021-05-03,v8,TRUE
2021-04-19,infections,3061.97,3307.07,3579.42,3579.42,3851.76,4096.86,Surged Maintain Status Quo,Mongolia,MNG,2021-05-03,v8,TRUE
2021-04-19,prevalence,21043.4,22736.23,24617.14,24617.14,26498.06,28190.89,Surged Maintain Status Quo,Mongolia,MNG,2021-05-03,v8,TRUE
2021-04-19,cumulative_infections,51203.04,53177.59,55371.54,55371.54,57565.49,59540.05,Surged Maintain Status Quo,Mongolia,MNG,2021-05-03,v8,TRUE
2021-04-19,cumulative_deaths,45.83,46.84,47.96,47.96,49.08,50.09,Surged Maintain Status Quo,Mongolia,MNG,2021-05-03,v8,TRUE
2021-04-19,Rt,1.25,1.3,1.35,1.35,1.4,1.44,Surged Maintain Status Quo,Mongolia,MNG,2021-05-03,v8,TRUE
2021-04-19,Reff,1.05,1.09,1.13,1.13,1.17,1.21,Surged Maintain Status Quo,Mongolia,MNG,2021-05-03,v8,TRUE
2021-04-19,deaths,4.19,4.31,4.44,4.44,4.58,4.7,Surged Relax Interventions 50%,Mongolia,MNG,2021-05-03,v8,TRUE
2021-04-19,hospital_demand,205.06,212.2,220.14,220.14,228.08,235.22,Surged Relax Interventions 50%,Mongolia,MNG,2021-05-03,v8,TRUE
2021-04-19,ICU_demand,70.13,72.45,75.02,75.02,77.6,79.91,Surged Relax Interventions 50%,Mongolia,MNG,2021-05-03,v8,TRUE
2021-04-19,infections,3061.97,3307.07,3579.42,3579.42,3851.76,4096.86,Surged Relax Interventions 50%,Mongolia,MNG,2021-05-03,v8,TRUE
2021-04-19,prevalence,21043.4,22736.23,24617.14,24617.14,26498.06,28190.89,Surged Relax Interventions 50%,Mongolia,MNG,2021-05-03,v8,TRUE
2021-04-19,cumulative_infections,51203.04,53177.59,55371.54,55371.54,57565.49,59540.05,Surged Relax Interventions 50%,Mongolia,MNG,2021-05-03,v8,TRUE
2021-04-19,cumulative_deaths,45.83,46.84,47.96,47.96,49.08,50.09,Surged Relax Interventions 50%,Mongolia,MNG,2021-05-03,v8,TRUE
2021-04-19,Rt,1.25,1.3,1.35,1.35,1.4,1.44,Surged Relax Interventions 50%,Mongolia,MNG,2021-05-03,v8,TRUE
2021-04-19,Reff,1.05,1.09,1.13,1.13,1.17,1.21,Surged Relax Interventions 50%,Mongolia,MNG,2021-05-03,v8,TRUE
2021-04-20,deaths,4.48,4.62,4.77,4.77,4.92,5.06,Additional 50% Reduction,Mongolia,MNG,2021-05-03,v8,TRUE
2021-04-20,hospital_demand,214.19,222.28,231.28,231.28,240.27,248.37,Additional 50% Reduction,Mongolia,MNG,2021-05-03,v8,TRUE
2021-04-20,ICU_demand,73.7,76.33,79.25,79.25,82.17,84.8,Additional 50% Reduction,Mongolia,MNG,2021-05-03,v8,TRUE
2021-04-20,infections,3119.69,3390.66,3691.74,3691.74,3992.82,4263.79,Additional 50% Reduction,Mongolia,MNG,2021-05-03,v8,TRUE
2021-04-20,prevalence,21367.8,23230.99,25301.2,25301.2,27371.42,29234.61,Additional 50% Reduction,Mongolia,MNG,2021-05-03,v8,TRUE
2021-04-20,cumulative_infections,54322.73,56568.26,59063.29,59063.29,61558.31,63803.84,Additional 50% Reduction,Mongolia,MNG,2021-05-03,v8,TRUE
2021-04-20,cumulative_deaths,50.31,51.45,52.73,52.73,54,55.14,Additional 50% Reduction,Mongolia,MNG,2021-05-03,v8,TRUE
2021-04-20,Rt,1.32,1.36,1.41,1.41,1.46,1.51,Additional 50% Reduction,Mongolia,MNG,2021-05-03,v8,TRUE
2021-04-20,Reff,1.17,1.2,1.25,1.25,1.29,1.32,Additional 50% Reduction,Mongolia,MNG,2021-05-03,v8,TRUE
2021-04-20,deaths,4.48,4.62,4.77,4.77,4.92,5.06,Maintain Status Quo,Mongolia,MNG,2021-05-03,v8,TRUE
2021-04-20,hospital_demand,214.19,222.28,231.28,231.28,240.27,248.37,Maintain Status Quo,Mongolia,MNG,2021-05-03,v8,TRUE
2021-04-20,ICU_demand,73.7,76.33,79.25,79.25,82.17,84.8,Maintain Status Quo,Mongolia,MNG,2021-05-03,v8,TRUE
2021-04-20,infections,3119.69,3390.66,3691.74,3691.74,3992.82,4263.79,Maintain Status Quo,Mongolia,MNG,2021-05-03,v8,TRUE
2021-04-20,prevalence,21367.8,23230.99,25301.2,25301.2,27371.42,29234.61,Maintain Status Quo,Mongolia,MNG,2021-05-03,v8,TRUE
2021-04-20,cumulative_infections,54322.73,56568.26,59063.29,59063.29,61558.31,63803.84,Maintain Status Quo,Mongolia,MNG,2021-05-03,v8,TRUE
2021-04-20,cumulative_deaths,50.31,51.45,52.73,52.73,54,55.14,Maintain Status Quo,Mongolia,MNG,2021-05-03,v8,TRUE
2021-04-20,Rt,1.32,1.36,1.41,1.41,1.46,1.51,Maintain Status Quo,Mongolia,MNG,2021-05-03,v8,TRUE
2021-04-20,Reff,1.17,1.2,1.25,1.25,1.29,1.32,Maintain Status Quo,Mongolia,MNG,2021-05-03,v8,TRUE
2021-04-20,deaths,4.48,4.62,4.77,4.77,4.92,5.06,Relax Interventions 50%,Mongolia,MNG,2021-05-03,v8,TRUE
2021-04-20,hospital_demand,214.19,222.28,231.28,231.28,240.27,248.37,Relax Interventions 50%,Mongolia,MNG,2021-05-03,v8,TRUE
2021-04-20,ICU_demand,73.7,76.33,79.25,79.25,82.17,84.8,Relax Interventions 50%,Mongolia,MNG,2021-05-03,v8,TRUE
2021-04-20,infections,3119.69,3390.66,3691.74,3691.74,3992.82,4263.79,Relax Interventions 50%,Mongolia,MNG,2021-05-03,v8,TRUE
2021-04-20,prevalence,21367.8,23230.99,25301.2,25301.2,27371.42,29234.61,Relax Interventions 50%,Mongolia,MNG,2021-05-03,v8,TRUE
2021-04-20,cumulative_infections,54322.73,56568.26,59063.29,59063.29,61558.31,63803.84,Relax Interventions 50%,Mongolia,MNG,2021-05-03,v8,TRUE
2021-04-20,cumulative_deaths,50.31,51.45,52.73,52.73,54,55.14,Relax Interventions 50%,Mongolia,MNG,2021-05-03,v8,TRUE
2021-04-20,Rt,1.32,1.36,1.41,1.41,1.46,1.51,Relax Interventions 50%,Mongolia,MNG,2021-05-03,v8,TRUE
2021-04-20,Reff,1.17,1.2,1.25,1.25,1.29,1.32,Relax Interventions 50%,Mongolia,MNG,2021-05-03,v8,TRUE
2021-04-20,deaths,4.48,4.62,4.77,4.77,4.92,5.06,Surged Additional 50% Reduction,Mongolia,MNG,2021-05-03,v8,TRUE
2021-04-20,hospital_demand,214.19,222.28,231.28,231.28,240.27,248.37,Surged Additional 50% Reduction,Mongolia,MNG,2021-05-03,v8,TRUE
2021-04-20,ICU_demand,73.7,76.33,79.25,79.25,82.17,84.8,Surged Additional 50% Reduction,Mongolia,MNG,2021-05-03,v8,TRUE
2021-04-20,infections,3119.69,3390.66,3691.74,3691.74,3992.82,4263.79,Surged Additional 50% Reduction,Mongolia,MNG,2021-05-03,v8,TRUE
2021-04-20,prevalence,21367.8,23230.99,25301.2,25301.2,27371.42,29234.61,Surged Additional 50% Reduction,Mongolia,MNG,2021-05-03,v8,TRUE
2021-04-20,cumulative_infections,54322.73,56568.26,59063.29,59063.29,61558.31,63803.84,Surged Additional 50% Reduction,Mongolia,MNG,2021-05-03,v8,TRUE
2021-04-20,cumulative_deaths,50.31,51.45,52.73,52.73,54,55.14,Surged Additional 50% Reduction,Mongolia,MNG,2021-05-03,v8,TRUE
2021-04-20,Rt,1.32,1.36,1.41,1.41,1.46,1.51,Surged Additional 50% Reduction,Mongolia,MNG,2021-05-03,v8,TRUE
2021-04-20,Reff,1.1,1.14,1.18,1.18,1.22,1.26,Surged Additional 50% Reduction,Mongolia,MNG,2021-05-03,v8,TRUE
2021-04-20,deaths,4.48,4.62,4.77,4.77,4.92,5.06,Surged Maintain Status Quo,Mongolia,MNG,2021-05-03,v8,TRUE
2021-04-20,hospital_demand,214.19,222.28,231.28,231.28,240.27,248.37,Surged Maintain Status Quo,Mongolia,MNG,2021-05-03,v8,TRUE
2021-04-20,ICU_demand,73.7,76.33,79.25,79.25,82.17,84.8,Surged Maintain Status Quo,Mongolia,MNG,2021-05-03,v8,TRUE
2021-04-20,infections,3119.69,3390.66,3691.74,3691.74,3992.82,4263.79,Surged Maintain Status Quo,Mongolia,MNG,2021-05-03,v8,TRUE
2021-04-20,prevalence,21367.8,23230.99,25301.2,25301.2,27371.42,29234.61,Surged Maintain Status Quo,Mongolia,MNG,2021-05-03,v8,TRUE
2021-04-20,cumulative_infections,54322.73,56568.26,59063.29,59063.29,61558.31,63803.84,Surged Maintain Status Quo,Mongolia,MNG,2021-05-03,v8,TRUE
2021-04-20,cumulative_deaths,50.31,51.45,52.73,52.73,54,55.14,Surged Maintain Status Quo,Mongolia,MNG,2021-05-03,v8,TRUE
2021-04-20,Rt,1.32,1.36,1.41,1.41,1.46,1.51,Surged Maintain Status Quo,Mongolia,MNG,2021-05-03,v8,TRUE
2021-04-20,Reff,1.1,1.14,1.18,1.18,1.22,1.26,Surged Maintain Status Quo,Mongolia,MNG,2021-05-03,v8,TRUE
2021-04-20,deaths,4.48,4.62,4.77,4.77,4.92,5.06,Surged Relax Interventions 50%,Mongolia,MNG,2021-05-03,v8,TRUE
2021-04-20,hospital_demand,214.19,222.28,231.28,231.28,240.27,248.37,Surged Relax Interventions 50%,Mongolia,MNG,2021-05-03,v8,TRUE
2021-04-20,ICU_demand,73.7,76.33,79.25,79.25,82.17,84.8,Surged Relax Interventions 50%,Mongolia,MNG,2021-05-03,v8,TRUE
2021-04-20,infections,3119.69,3390.66,3691.74,3691.74,3992.82,4263.79,Surged Relax Interventions 50%,Mongolia,MNG,2021-05-03,v8,TRUE
2021-04-20,prevalence,21367.8,23230.99,25301.2,25301.2,27371.42,29234.61,Surged Relax Interventions 50%,Mongolia,MNG,2021-05-03,v8,TRUE
2021-04-20,cumulative_infections,54322.73,56568.26,59063.29,59063.29,61558.31,63803.84,Surged Relax Interventions 50%,Mongolia,MNG,2021-05-03,v8,TRUE
2021-04-20,cumulative_deaths,50.31,51.45,52.73,52.73,54,55.14,Surged Relax Interventions 50%,Mongolia,MNG,2021-05-03,v8,TRUE
2021-04-20,Rt,1.32,1.36,1.41,1.41,1.46,1.51,Surged Relax Interventions 50%,Mongolia,MNG,2021-05-03,v8,TRUE
2021-04-20,Reff,1.1,1.14,1.18,1.18,1.22,1.26,Surged Relax Interventions 50%,Mongolia,MNG,2021-05-03,v8,TRUE
2021-04-21,deaths,4.74,4.9,5.07,5.07,5.25,5.4,Additional 50% Reduction,Mongolia,MNG,2021-05-03,v8,TRUE
2021-04-21,hospital_demand,222.04,231.17,241.3,241.3,251.44,260.57,Additional 50% Reduction,Mongolia,MNG,2021-05-03,v8,TRUE
2021-04-21,ICU_demand,76.91,79.88,83.17,83.17,86.46,89.43,Additional 50% Reduction,Mongolia,MNG,2021-05-03,v8,TRUE
2021-04-21,infections,3183.39,3481.48,3812.69,3812.69,4143.91,4442,Additional 50% Reduction,Mongolia,MNG,2021-05-03,v8,TRUE
2021-04-21,prevalence,21858.59,23911.18,26191.82,26191.82,28472.47,30525.05,Additional 50% Reduction,Mongolia,MNG,2021-05-03,v8,TRUE
2021-04-21,cumulative_infections,57506.12,60049.74,62875.98,62875.98,65702.22,68245.84,Additional 50% Reduction,Mongolia,MNG,2021-05-03,v8,TRUE
2021-04-21,cumulative_deaths,55.05,56.35,57.8,57.8,59.25,60.55,Additional 50% Reduction,Mongolia,MNG,2021-05-03,v8,TRUE
2021-04-21,Rt,1.29,1.34,1.39,1.39,1.44,1.48,Additional 50% Reduction,Mongolia,MNG,2021-05-03,v8,TRUE
2021-04-21,Reff,1.14,1.17,1.22,1.22,1.26,1.3,Additional 50% Reduction,Mongolia,MNG,2021-05-03,v8,TRUE
2021-04-21,deaths,4.74,4.9,5.07,5.07,5.25,5.4,Maintain Status Quo,Mongolia,MNG,2021-05-03,v8,TRUE
2021-04-21,hospital_demand,222.04,231.17,241.3,241.3,251.44,260.57,Maintain Status Quo,Mongolia,MNG,2021-05-03,v8,TRUE
2021-04-21,ICU_demand,76.91,79.88,83.17,83.17,86.46,89.43,Maintain Status Quo,Mongolia,MNG,2021-05-03,v8,TRUE
2021-04-21,infections,3183.39,3481.48,3812.69,3812.69,4143.91,4442,Maintain Status Quo,Mongolia,MNG,2021-05-03,v8,TRUE
2021-04-21,prevalence,21858.59,23911.18,26191.82,26191.82,28472.47,30525.05,Maintain Status Quo,Mongolia,MNG,2021-05-03,v8,TRUE
2021-04-21,cumulative_infections,57506.12,60049.74,62875.98,62875.98,65702.22,68245.84,Maintain Status Quo,Mongolia,MNG,2021-05-03,v8,TRUE
2021-04-21,cumulative_deaths,55.05,56.35,57.8,57.8,59.25,60.55,Maintain Status Quo,Mongolia,MNG,2021-05-03,v8,TRUE
2021-04-21,Rt,1.29,1.34,1.39,1.39,1.44,1.48,Maintain Status Quo,Mongolia,MNG,2021-05-03,v8,TRUE
2021-04-21,Reff,1.14,1.17,1.22,1.22,1.26,1.3,Maintain Status Quo,Mongolia,MNG,2021-05-03,v8,TRUE
2021-04-21,deaths,4.74,4.9,5.07,5.07,5.25,5.4,Relax Interventions 50%,Mongolia,MNG,2021-05-03,v8,TRUE
2021-04-21,hospital_demand,222.04,231.17,241.3,241.3,251.44,260.57,Relax Interventions 50%,Mongolia,MNG,2021-05-03,v8,TRUE
2021-04-21,ICU_demand,76.91,79.88,83.17,83.17,86.46,89.43,Relax Interventions 50%,Mongolia,MNG,2021-05-03,v8,TRUE
2021-04-21,infections,3183.39,3481.48,3812.69,3812.69,4143.91,4442,Relax Interventions 50%,Mongolia,MNG,2021-05-03,v8,TRUE
2021-04-21,prevalence,21858.59,23911.18,26191.82,26191.82,28472.47,30525.05,Relax Interventions 50%,Mongolia,MNG,2021-05-03,v8,TRUE
2021-04-21,cumulative_infections,57506.12,60049.74,62875.98,62875.98,65702.22,68245.84,Relax Interventions 50%,Mongolia,MNG,2021-05-03,v8,TRUE
2021-04-21,cumulative_deaths,55.05,56.35,57.8,57.8,59.25,60.55,Relax Interventions 50%,Mongolia,MNG,2021-05-03,v8,TRUE
2021-04-21,Rt,1.29,1.34,1.39,1.39,1.44,1.48,Relax Interventions 50%,Mongolia,MNG,2021-05-03,v8,TRUE
2021-04-21,Reff,1.14,1.17,1.22,1.22,1.26,1.3,Relax Interventions 50%,Mongolia,MNG,2021-05-03,v8,TRUE
2021-04-21,deaths,4.74,4.9,5.07,5.07,5.25,5.4,Surged Additional 50% Reduction,Mongolia,MNG,2021-05-03,v8,TRUE
2021-04-21,hospital_demand,222.04,231.17,241.3,241.3,251.44,260.57,Surged Additional 50% Reduction,Mongolia,MNG,2021-05-03,v8,TRUE
2021-04-21,ICU_demand,76.91,79.88,83.17,83.17,86.46,89.43,Surged Additional 50% Reduction,Mongolia,MNG,2021-05-03,v8,TRUE
2021-04-21,infections,3183.39,3481.48,3812.69,3812.69,4143.91,4442,Surged Additional 50% Reduction,Mongolia,MNG,2021-05-03,v8,TRUE
2021-04-21,prevalence,21858.59,23911.18,26191.82,26191.82,28472.47,30525.05,Surged Additional 50% Reduction,Mongolia,MNG,2021-05-03,v8,TRUE
2021-04-21,cumulative_infections,57506.12,60049.74,62875.98,62875.98,65702.22,68245.84,Surged Additional 50% Reduction,Mongolia,MNG,2021-05-03,v8,TRUE
2021-04-21,cumulative_deaths,55.05,56.35,57.8,57.8,59.25,60.55,Surged Additional 50% Reduction,Mongolia,MNG,2021-05-03,v8,TRUE
2021-04-21,Rt,1.29,1.34,1.39,1.39,1.44,1.48,Surged Additional 50% Reduction,Mongolia,MNG,2021-05-03,v8,TRUE
2021-04-21,Reff,1.08,1.11,1.15,1.15,1.19,1.23,Surged Additional 50% Reduction,Mongolia,MNG,2021-05-03,v8,TRUE
2021-04-21,deaths,4.74,4.9,5.07,5.07,5.25,5.4,Surged Maintain Status Quo,Mongolia,MNG,2021-05-03,v8,TRUE
2021-04-21,hospital_demand,222.04,231.17,241.3,241.3,251.44,260.57,Surged Maintain Status Quo,Mongolia,MNG,2021-05-03,v8,TRUE
2021-04-21,ICU_demand,76.91,79.88,83.17,83.17,86.46,89.43,Surged Maintain Status Quo,Mongolia,MNG,2021-05-03,v8,TRUE
2021-04-21,infections,3183.39,3481.48,3812.69,3812.69,4143.91,4442,Surged Maintain Status Quo,Mongolia,MNG,2021-05-03,v8,TRUE
2021-04-21,prevalence,21858.59,23911.18,26191.82,26191.82,28472.47,30525.05,Surged Maintain Status Quo,Mongolia,MNG,2021-05-03,v8,TRUE
2021-04-21,cumulative_infections,57506.12,60049.74,62875.98,62875.98,65702.22,68245.84,Surged Maintain Status Quo,Mongolia,MNG,2021-05-03,v8,TRUE
2021-04-21,cumulative_deaths,55.05,56.35,57.8,57.8,59.25,60.55,Surged Maintain Status Quo,Mongolia,MNG,2021-05-03,v8,TRUE
2021-04-21,Rt,1.29,1.34,1.39,1.39,1.44,1.48,Surged Maintain Status Quo,Mongolia,MNG,2021-05-03,v8,TRUE
2021-04-21,Reff,1.08,1.11,1.15,1.15,1.19,1.23,Surged Maintain Status Quo,Mongolia,MNG,2021-05-03,v8,TRUE
2021-04-21,deaths,4.74,4.9,5.07,5.07,5.25,5.4,Surged Relax Interventions 50%,Mongolia,MNG,2021-05-03,v8,TRUE
2021-04-21,hospital_demand,222.04,231.17,241.3,241.3,251.44,260.57,Surged Relax Interventions 50%,Mongolia,MNG,2021-05-03,v8,TRUE
2021-04-21,ICU_demand,76.91,79.88,83.17,83.17,86.46,89.43,Surged Relax Interventions 50%,Mongolia,MNG,2021-05-03,v8,TRUE
2021-04-21,infections,3183.39,3481.48,3812.69,3812.69,4143.91,4442,Surged Relax Interventions 50%,Mongolia,MNG,2021-05-03,v8,TRUE
2021-04-21,prevalence,21858.59,23911.18,26191.82,26191.82,28472.47,30525.05,Surged Relax Interventions 50%,Mongolia,MNG,2021-05-03,v8,TRUE
2021-04-21,cumulative_infections,57506.12,60049.74,62875.98,62875.98,65702.22,68245.84,Surged Relax Interventions 50%,Mongolia,MNG,2021-05-03,v8,TRUE
2021-04-21,cumulative_deaths,55.05,56.35,57.8,57.8,59.25,60.55,Surged Relax Interventions 50%,Mongolia,MNG,2021-05-03,v8,TRUE
2021-04-21,Rt,1.29,1.34,1.39,1.39,1.44,1.48,Surged Relax Interventions 50%,Mongolia,MNG,2021-05-03,v8,TRUE
2021-04-21,Reff,1.08,1.11,1.15,1.15,1.19,1.23,Surged Relax Interventions 50%,Mongolia,MNG,2021-05-03,v8,TRUE
2021-04-22,deaths,4.98,5.16,5.36,5.36,5.55,5.73,Additional 50% Reduction,Mongolia,MNG,2021-05-03,v8,TRUE
2021-04-22,hospital_demand,228.73,238.95,250.31,250.31,261.67,271.89,Additional 50% Reduction,Mongolia,MNG,2021-05-03,v8,TRUE
2021-04-22,ICU_demand,79.76,83.09,86.78,86.78,90.48,93.81,Additional 50% Reduction,Mongolia,MNG,2021-05-03,v8,TRUE
2021-04-22,infections,3251.46,3577.97,3940.75,3940.75,4303.54,4630.05,Additional 50% Reduction,Mongolia,MNG,2021-05-03,v8,TRUE
2021-04-22,prevalence,22272.1,24514.52,27006.11,27006.11,29497.69,31740.12,Additional 50% Reduction,Mongolia,MNG,2021-05-03,v8,TRUE
2021-04-22,cumulative_infections,60757.57,63627.7,66816.73,66816.73,70005.76,72875.89,Additional 50% Reduction,Mongolia,MNG,2021-05-03,v8,TRUE
2021-04-22,cumulative_deaths,60.03,61.51,63.15,63.15,64.8,66.28,Additional 50% Reduction,Mongolia,MNG,2021-05-03,v8,TRUE
2021-04-22,Rt,1.27,1.32,1.37,1.37,1.42,1.46,Additional 50% Reduction,Mongolia,MNG,2021-05-03,v8,TRUE
2021-04-22,Reff,1.11,1.15,1.19,1.19,1.23,1.27,Additional 50% Reduction,Mongolia,MNG,2021-05-03,v8,TRUE
2021-04-22,deaths,4.98,5.16,5.36,5.36,5.55,5.73,Maintain Status Quo,Mongolia,MNG,2021-05-03,v8,TRUE
2021-04-22,hospital_demand,228.73,238.95,250.31,250.31,261.67,271.89,Maintain Status Quo,Mongolia,MNG,2021-05-03,v8,TRUE
2021-04-22,ICU_demand,79.76,83.09,86.78,86.78,90.48,93.81,Maintain Status Quo,Mongolia,MNG,2021-05-03,v8,TRUE
2021-04-22,infections,3251.46,3577.97,3940.75,3940.75,4303.54,4630.05,Maintain Status Quo,Mongolia,MNG,2021-05-03,v8,TRUE
2021-04-22,prevalence,22272.1,24514.52,27006.11,27006.11,29497.69,31740.12,Maintain Status Quo,Mongolia,MNG,2021-05-03,v8,TRUE
2021-04-22,cumulative_infections,60757.57,63627.7,66816.73,66816.73,70005.76,72875.89,Maintain Status Quo,Mongolia,MNG,2021-05-03,v8,TRUE
2021-04-22,cumulative_deaths,60.03,61.51,63.15,63.15,64.8,66.28,Maintain Status Quo,Mongolia,MNG,2021-05-03,v8,TRUE
2021-04-22,Rt,1.27,1.32,1.37,1.37,1.42,1.46,Maintain Status Quo,Mongolia,MNG,2021-05-03,v8,TRUE
2021-04-22,Reff,1.11,1.15,1.19,1.19,1.23,1.27,Maintain Status Quo,Mongolia,MNG,2021-05-03,v8,TRUE
2021-04-22,deaths,4.98,5.16,5.36,5.36,5.55,5.73,Relax Interventions 50%,Mongolia,MNG,2021-05-03,v8,TRUE
2021-04-22,hospital_demand,228.73,238.95,250.31,250.31,261.67,271.89,Relax Interventions 50%,Mongolia,MNG,2021-05-03,v8,TRUE
2021-04-22,ICU_demand,79.76,83.09,86.78,86.78,90.48,93.81,Relax Interventions 50%,Mongolia,MNG,2021-05-03,v8,TRUE
2021-04-22,infections,3251.46,3577.97,3940.75,3940.75,4303.54,4630.05,Relax Interventions 50%,Mongolia,MNG,2021-05-03,v8,TRUE
2021-04-22,prevalence,22272.1,24514.52,27006.11,27006.11,29497.69,31740.12,Relax Interventions 50%,Mongolia,MNG,2021-05-03,v8,TRUE
2021-04-22,cumulative_infections,60757.57,63627.7,66816.73,66816.73,70005.76,72875.89,Relax Interventions 50%,Mongolia,MNG,2021-05-03,v8,TRUE
2021-04-22,cumulative_deaths,60.03,61.51,63.15,63.15,64.8,66.28,Relax Interventions 50%,Mongolia,MNG,2021-05-03,v8,TRUE
2021-04-22,Rt,1.27,1.32,1.37,1.37,1.42,1.46,Relax Interventions 50%,Mongolia,MNG,2021-05-03,v8,TRUE
2021-04-22,Reff,1.11,1.15,1.19,1.19,1.23,1.27,Relax Interventions 50%,Mongolia,MNG,2021-05-03,v8,TRUE
2021-04-22,deaths,4.98,5.16,5.36,5.36,5.55,5.73,Surged Additional 50% Reduction,Mongolia,MNG,2021-05-03,v8,TRUE
2021-04-22,hospital_demand,228.73,238.95,250.31,250.31,261.67,271.89,Surged Additional 50% Reduction,Mongolia,MNG,2021-05-03,v8,TRUE
2021-04-22,ICU_demand,79.76,83.09,86.78,86.78,90.48,93.81,Surged Additional 50% Reduction,Mongolia,MNG,2021-05-03,v8,TRUE
2021-04-22,infections,3251.46,3577.97,3940.75,3940.75,4303.54,4630.05,Surged Additional 50% Reduction,Mongolia,MNG,2021-05-03,v8,TRUE
2021-04-22,prevalence,22272.1,24514.52,27006.11,27006.11,29497.69,31740.12,Surged Additional 50% Reduction,Mongolia,MNG,2021-05-03,v8,TRUE
2021-04-22,cumulative_infections,60757.57,63627.7,66816.73,66816.73,70005.76,72875.89,Surged Additional 50% Reduction,Mongolia,MNG,2021-05-03,v8,TRUE
2021-04-22,cumulative_deaths,60.03,61.51,63.15,63.15,64.8,66.28,Surged Additional 50% Reduction,Mongolia,MNG,2021-05-03,v8,TRUE
2021-04-22,Rt,1.27,1.32,1.37,1.37,1.42,1.46,Surged Additional 50% Reduction,Mongolia,MNG,2021-05-03,v8,TRUE
2021-04-22,Reff,1.05,1.09,1.13,1.13,1.17,1.2,Surged Additional 50% Reduction,Mongolia,MNG,2021-05-03,v8,TRUE
2021-04-22,deaths,4.98,5.16,5.36,5.36,5.55,5.73,Surged Maintain Status Quo,Mongolia,MNG,2021-05-03,v8,TRUE
2021-04-22,hospital_demand,228.73,238.95,250.31,250.31,261.67,271.89,Surged Maintain Status Quo,Mongolia,MNG,2021-05-03,v8,TRUE
2021-04-22,ICU_demand,79.76,83.09,86.78,86.78,90.48,93.81,Surged Maintain Status Quo,Mongolia,MNG,2021-05-03,v8,TRUE
2021-04-22,infections,3251.46,3577.97,3940.75,3940.75,4303.54,4630.05,Surged Maintain Status Quo,Mongolia,MNG,2021-05-03,v8,TRUE
2021-04-22,prevalence,22272.1,24514.52,27006.11,27006.11,29497.69,31740.12,Surged Maintain Status Quo,Mongolia,MNG,2021-05-03,v8,TRUE
2021-04-22,cumulative_infections,60757.57,63627.7,66816.73,66816.73,70005.76,72875.89,Surged Maintain Status Quo,Mongolia,MNG,2021-05-03,v8,TRUE
2021-04-22,cumulative_deaths,60.03,61.51,63.15,63.15,64.8,66.28,Surged Maintain Status Quo,Mongolia,MNG,2021-05-03,v8,TRUE
2021-04-22,Rt,1.27,1.32,1.37,1.37,1.42,1.46,Surged Maintain Status Quo,Mongolia,MNG,2021-05-03,v8,TRUE
2021-04-22,Reff,1.05,1.09,1.13,1.13,1.17,1.2,Surged Maintain Status Quo,Mongolia,MNG,2021-05-03,v8,TRUE
2021-04-22,deaths,4.98,5.16,5.36,5.36,5.55,5.73,Surged Relax Interventions 50%,Mongolia,MNG,2021-05-03,v8,TRUE
2021-04-22,hospital_demand,228.73,238.95,250.31,250.31,261.67,271.89,Surged Relax Interventions 50%,Mongolia,MNG,2021-05-03,v8,TRUE
2021-04-22,ICU_demand,79.76,83.09,86.78,86.78,90.48,93.81,Surged Relax Interventions 50%,Mongolia,MNG,2021-05-03,v8,TRUE
2021-04-22,infections,3251.46,3577.97,3940.75,3940.75,4303.54,4630.05,Surged Relax Interventions 50%,Mongolia,MNG,2021-05-03,v8,TRUE
2021-04-22,prevalence,22272.1,24514.52,27006.11,27006.11,29497.69,31740.12,Surged Relax Interventions 50%,Mongolia,MNG,2021-05-03,v8,TRUE
2021-04-22,cumulative_infections,60757.57,63627.7,66816.73,66816.73,70005.76,72875.89,Surged Relax Interventions 50%,Mongolia,MNG,2021-05-03,v8,TRUE
2021-04-22,cumulative_deaths,60.03,61.51,63.15,63.15,64.8,66.28,Surged Relax Interventions 50%,Mongolia,MNG,2021-05-03,v8,TRUE
2021-04-22,Rt,1.27,1.32,1.37,1.37,1.42,1.46,Surged Relax Interventions 50%,Mongolia,MNG,2021-05-03,v8,TRUE
2021-04-22,Reff,1.05,1.09,1.13,1.13,1.17,1.2,Surged Relax Interventions 50%,Mongolia,MNG,2021-05-03,v8,TRUE
2021-04-23,deaths,5.19,5.39,5.61,5.61,5.84,6.04,Additional 50% Reduction,Mongolia,MNG,2021-05-03,v8,TRUE
2021-04-23,hospital_demand,234.36,245.75,258.41,258.41,271.06,282.46,Additional 50% Reduction,Mongolia,MNG,2021-05-03,v8,TRUE
2021-04-23,ICU_demand,82.28,86,90.12,90.12,94.24,97.95,Additional 50% Reduction,Mongolia,MNG,2021-05-03,v8,TRUE
2021-04-23,infections,3310.91,3666.04,4060.63,4060.63,4455.23,4810.36,Additional 50% Reduction,Mongolia,MNG,2021-05-03,v8,TRUE
2021-04-23,prevalence,22615.97,25049.29,27752.98,27752.98,30456.68,32890,Additional 50% Reduction,Mongolia,MNG,2021-05-03,v8,TRUE
2021-04-23,cumulative_infections,64068.48,67293.75,70877.37,70877.37,74460.99,77686.25,Additional 50% Reduction,Mongolia,MNG,2021-05-03,v8,TRUE
2021-04-23,cumulative_deaths,65.22,66.9,68.77,68.77,70.63,72.31,Additional 50% Reduction,Mongolia,MNG,2021-05-03,v8,TRUE
2021-04-23,Rt,1.22,1.26,1.31,1.31,1.36,1.41,Additional 50% Reduction,Mongolia,MNG,2021-05-03,v8,TRUE
2021-04-23,Reff,1.06,1.1,1.14,1.14,1.18,1.22,Additional 50% Reduction,Mongolia,MNG,2021-05-03,v8,TRUE
2021-04-23,deaths,5.19,5.39,5.61,5.61,5.84,6.04,Maintain Status Quo,Mongolia,MNG,2021-05-03,v8,TRUE
2021-04-23,hospital_demand,234.36,245.75,258.41,258.41,271.06,282.46,Maintain Status Quo,Mongolia,MNG,2021-05-03,v8,TRUE
2021-04-23,ICU_demand,82.28,86,90.12,90.12,94.24,97.95,Maintain Status Quo,Mongolia,MNG,2021-05-03,v8,TRUE
2021-04-23,infections,3310.91,3666.04,4060.63,4060.63,4455.23,4810.36,Maintain Status Quo,Mongolia,MNG,2021-05-03,v8,TRUE
2021-04-23,prevalence,22615.97,25049.29,27752.98,27752.98,30456.68,32890,Maintain Status Quo,Mongolia,MNG,2021-05-03,v8,TRUE
2021-04-23,cumulative_infections,64068.48,67293.75,70877.37,70877.37,74460.99,77686.25,Maintain Status Quo,Mongolia,MNG,2021-05-03,v8,TRUE
2021-04-23,cumulative_deaths,65.22,66.9,68.77,68.77,70.63,72.31,Maintain Status Quo,Mongolia,MNG,2021-05-03,v8,TRUE
2021-04-23,Rt,1.22,1.26,1.31,1.31,1.36,1.41,Maintain Status Quo,Mongolia,MNG,2021-05-03,v8,TRUE
2021-04-23,Reff,1.06,1.1,1.14,1.14,1.18,1.22,Maintain Status Quo,Mongolia,MNG,2021-05-03,v8,TRUE
2021-04-23,deaths,5.19,5.39,5.61,5.61,5.84,6.04,Relax Interventions 50%,Mongolia,MNG,2021-05-03,v8,TRUE
2021-04-23,hospital_demand,234.36,245.75,258.41,258.41,271.06,282.46,Relax Interventions 50%,Mongolia,MNG,2021-05-03,v8,TRUE
2021-04-23,ICU_demand,82.28,86,90.12,90.12,94.24,97.95,Relax Interventions 50%,Mongolia,MNG,2021-05-03,v8,TRUE
2021-04-23,infections,3310.91,3666.04,4060.63,4060.63,4455.23,4810.36,Relax Interventions 50%,Mongolia,MNG,2021-05-03,v8,TRUE
2021-04-23,prevalence,22615.97,25049.29,27752.98,27752.98,30456.68,32890,Relax Interventions 50%,Mongolia,MNG,2021-05-03,v8,TRUE
2021-04-23,cumulative_infections,64068.48,67293.75,70877.37,70877.37,74460.99,77686.25,Relax Interventions 50%,Mongolia,MNG,2021-05-03,v8,TRUE
2021-04-23,cumulative_deaths,65.22,66.9,68.77,68.77,70.63,72.31,Relax Interventions 50%,Mongolia,MNG,2021-05-03,v8,TRUE
2021-04-23,Rt,1.22,1.26,1.31,1.31,1.36,1.41,Relax Interventions 50%,Mongolia,MNG,2021-05-03,v8,TRUE
2021-04-23,Reff,1.06,1.1,1.14,1.14,1.18,1.22,Relax Interventions 50%,Mongolia,MNG,2021-05-03,v8,TRUE
2021-04-23,deaths,5.19,5.39,5.61,5.61,5.84,6.04,Surged Additional 50% Reduction,Mongolia,MNG,2021-05-03,v8,TRUE
2021-04-23,hospital_demand,234.36,245.75,258.41,258.41,271.06,282.46,Surged Additional 50% Reduction,Mongolia,MNG,2021-05-03,v8,TRUE
2021-04-23,ICU_demand,82.28,86,90.12,90.12,94.24,97.95,Surged Additional 50% Reduction,Mongolia,MNG,2021-05-03,v8,TRUE
2021-04-23,infections,3310.91,3666.04,4060.63,4060.63,4455.23,4810.36,Surged Additional 50% Reduction,Mongolia,MNG,2021-05-03,v8,TRUE
2021-04-23,prevalence,22615.97,25049.29,27752.98,27752.98,30456.68,32890,Surged Additional 50% Reduction,Mongolia,MNG,2021-05-03,v8,TRUE
2021-04-23,cumulative_infections,64068.48,67293.75,70877.37,70877.37,74460.99,77686.25,Surged Additional 50% Reduction,Mongolia,MNG,2021-05-03,v8,TRUE
2021-04-23,cumulative_deaths,65.22,66.9,68.77,68.77,70.63,72.31,Surged Additional 50% Reduction,Mongolia,MNG,2021-05-03,v8,TRUE
2021-04-23,Rt,1.22,1.26,1.31,1.31,1.36,1.41,Surged Additional 50% Reduction,Mongolia,MNG,2021-05-03,v8,TRUE
2021-04-23,Reff,1,1.04,1.08,1.08,1.12,1.15,Surged Additional 50% Reduction,Mongolia,MNG,2021-05-03,v8,TRUE
2021-04-23,deaths,5.19,5.39,5.61,5.61,5.84,6.04,Surged Maintain Status Quo,Mongolia,MNG,2021-05-03,v8,TRUE
2021-04-23,hospital_demand,234.36,245.75,258.41,258.41,271.06,282.46,Surged Maintain Status Quo,Mongolia,MNG,2021-05-03,v8,TRUE
2021-04-23,ICU_demand,82.28,86,90.12,90.12,94.24,97.95,Surged Maintain Status Quo,Mongolia,MNG,2021-05-03,v8,TRUE
2021-04-23,infections,3310.91,3666.04,4060.63,4060.63,4455.23,4810.36,Surged Maintain Status Quo,Mongolia,MNG,2021-05-03,v8,TRUE
2021-04-23,prevalence,22615.97,25049.29,27752.98,27752.98,30456.68,32890,Surged Maintain Status Quo,Mongolia,MNG,2021-05-03,v8,TRUE
2021-04-23,cumulative_infections,64068.48,67293.75,70877.37,70877.37,74460.99,77686.25,Surged Maintain Status Quo,Mongolia,MNG,2021-05-03,v8,TRUE
2021-04-23,cumulative_deaths,65.22,66.9,68.77,68.77,70.63,72.31,Surged Maintain Status Quo,Mongolia,MNG,2021-05-03,v8,TRUE
2021-04-23,Rt,1.22,1.26,1.31,1.31,1.36,1.41,Surged Maintain Status Quo,Mongolia,MNG,2021-05-03,v8,TRUE
2021-04-23,Reff,1,1.04,1.08,1.08,1.12,1.15,Surged Maintain Status Quo,Mongolia,MNG,2021-05-03,v8,TRUE
2021-04-23,deaths,5.19,5.39,5.61,5.61,5.84,6.04,Surged Relax Interventions 50%,Mongolia,MNG,2021-05-03,v8,TRUE
2021-04-23,hospital_demand,234.36,245.75,258.41,258.41,271.06,282.46,Surged Relax Interventions 50%,Mongolia,MNG,2021-05-03,v8,TRUE
2021-04-23,ICU_demand,82.28,86,90.12,90.12,94.24,97.95,Surged Relax Interventions 50%,Mongolia,MNG,2021-05-03,v8,TRUE
2021-04-23,infections,3310.91,3666.04,4060.63,4060.63,4455.23,4810.36,Surged Relax Interventions 50%,Mongolia,MNG,2021-05-03,v8,TRUE
2021-04-23,prevalence,22615.97,25049.29,27752.98,27752.98,30456.68,32890,Surged Relax Interventions 50%,Mongolia,MNG,2021-05-03,v8,TRUE
2021-04-23,cumulative_infections,64068.48,67293.75,70877.37,70877.37,74460.99,77686.25,Surged Relax Interventions 50%,Mongolia,MNG,2021-05-03,v8,TRUE
2021-04-23,cumulative_deaths,65.22,66.9,68.77,68.77,70.63,72.31,Surged Relax Interventions 50%,Mongolia,MNG,2021-05-03,v8,TRUE
2021-04-23,Rt,1.22,1.26,1.31,1.31,1.36,1.41,Surged Relax Interventions 50%,Mongolia,MNG,2021-05-03,v8,TRUE
2021-04-23,Reff,1,1.04,1.08,1.08,1.12,1.15,Surged Relax Interventions 50%,Mongolia,MNG,2021-05-03,v8,TRUE
2021-04-24,deaths,5.37,5.6,5.85,5.85,6.09,6.32,Additional 50% Reduction,Mongolia,MNG,2021-05-03,v8,TRUE
2021-04-24,hospital_demand,239.06,251.68,265.71,265.71,279.73,292.36,Additional 50% Reduction,Mongolia,MNG,2021-05-03,v8,TRUE
2021-04-24,ICU_demand,84.5,88.61,93.19,93.19,97.77,101.88,Additional 50% Reduction,Mongolia,MNG,2021-05-03,v8,TRUE
2021-04-24,infections,3350.73,3733.88,4159.59,4159.59,4585.31,4968.45,Additional 50% Reduction,Mongolia,MNG,2021-05-03,v8,TRUE
2021-04-24,prevalence,22790.55,25405.5,28311.01,28311.01,31216.51,33831.46,Additional 50% Reduction,Mongolia,MNG,2021-05-03,v8,TRUE
2021-04-24,cumulative_infections,67419.22,71027.62,75036.96,75036.96,79046.3,82654.7,Additional 50% Reduction,Mongolia,MNG,2021-05-03,v8,TRUE
2021-04-24,cumulative_deaths,70.59,72.5,74.61,74.61,76.73,78.63,Additional 50% Reduction,Mongolia,MNG,2021-05-03,v8,TRUE
2021-04-24,Rt,1.3,1.34,1.39,1.39,1.44,1.49,Additional 50% Reduction,Mongolia,MNG,2021-05-03,v8,TRUE
2021-04-24,Reff,1.13,1.16,1.2,1.2,1.24,1.28,Additional 50% Reduction,Mongolia,MNG,2021-05-03,v8,TRUE
2021-04-24,deaths,5.37,5.6,5.85,5.85,6.09,6.32,Maintain Status Quo,Mongolia,MNG,2021-05-03,v8,TRUE
2021-04-24,hospital_demand,239.06,251.68,265.71,265.71,279.73,292.36,Maintain Status Quo,Mongolia,MNG,2021-05-03,v8,TRUE
2021-04-24,ICU_demand,84.5,88.61,93.19,93.19,97.77,101.88,Maintain Status Quo,Mongolia,MNG,2021-05-03,v8,TRUE
2021-04-24,infections,3350.73,3733.88,4159.59,4159.59,4585.31,4968.45,Maintain Status Quo,Mongolia,MNG,2021-05-03,v8,TRUE
2021-04-24,prevalence,22790.55,25405.5,28311.01,28311.01,31216.51,33831.46,Maintain Status Quo,Mongolia,MNG,2021-05-03,v8,TRUE
2021-04-24,cumulative_infections,67419.22,71027.62,75036.96,75036.96,79046.3,82654.7,Maintain Status Quo,Mongolia,MNG,2021-05-03,v8,TRUE
2021-04-24,cumulative_deaths,70.59,72.5,74.61,74.61,76.73,78.63,Maintain Status Quo,Mongolia,MNG,2021-05-03,v8,TRUE
2021-04-24,Rt,1.3,1.34,1.39,1.39,1.44,1.49,Maintain Status Quo,Mongolia,MNG,2021-05-03,v8,TRUE
2021-04-24,Reff,1.13,1.16,1.2,1.2,1.24,1.28,Maintain Status Quo,Mongolia,MNG,2021-05-03,v8,TRUE
2021-04-24,deaths,5.37,5.6,5.85,5.85,6.09,6.32,Relax Interventions 50%,Mongolia,MNG,2021-05-03,v8,TRUE
2021-04-24,hospital_demand,239.06,251.68,265.71,265.71,279.73,292.36,Relax Interventions 50%,Mongolia,MNG,2021-05-03,v8,TRUE
2021-04-24,ICU_demand,84.5,88.61,93.19,93.19,97.77,101.88,Relax Interventions 50%,Mongolia,MNG,2021-05-03,v8,TRUE
2021-04-24,infections,3350.73,3733.88,4159.59,4159.59,4585.31,4968.45,Relax Interventions 50%,Mongolia,MNG,2021-05-03,v8,TRUE
2021-04-24,prevalence,22790.55,25405.5,28311.01,28311.01,31216.51,33831.46,Relax Interventions 50%,Mongolia,MNG,2021-05-03,v8,TRUE
2021-04-24,cumulative_infections,67419.22,71027.62,75036.96,75036.96,79046.3,82654.7,Relax Interventions 50%,Mongolia,MNG,2021-05-03,v8,TRUE
2021-04-24,cumulative_deaths,70.59,72.5,74.61,74.61,76.73,78.63,Relax Interventions 50%,Mongolia,MNG,2021-05-03,v8,TRUE
2021-04-24,Rt,1.3,1.34,1.39,1.39,1.44,1.49,Relax Interventions 50%,Mongolia,MNG,2021-05-03,v8,TRUE
2021-04-24,Reff,1.13,1.16,1.2,1.2,1.24,1.28,Relax Interventions 50%,Mongolia,MNG,2021-05-03,v8,TRUE
2021-04-24,deaths,5.37,5.6,5.85,5.85,6.09,6.32,Surged Additional 50% Reduction,Mongolia,MNG,2021-05-03,v8,TRUE
2021-04-24,hospital_demand,239.06,251.68,265.71,265.71,279.73,292.36,Surged Additional 50% Reduction,Mongolia,MNG,2021-05-03,v8,TRUE
2021-04-24,ICU_demand,84.5,88.61,93.19,93.19,97.77,101.88,Surged Additional 50% Reduction,Mongolia,MNG,2021-05-03,v8,TRUE
2021-04-24,infections,3350.73,3733.88,4159.59,4159.59,4585.31,4968.45,Surged Additional 50% Reduction,Mongolia,MNG,2021-05-03,v8,TRUE
2021-04-24,prevalence,22790.55,25405.5,28311.01,28311.01,31216.51,33831.46,Surged Additional 50% Reduction,Mongolia,MNG,2021-05-03,v8,TRUE
2021-04-24,cumulative_infections,67419.22,71027.62,75036.96,75036.96,79046.3,82654.7,Surged Additional 50% Reduction,Mongolia,MNG,2021-05-03,v8,TRUE
2021-04-24,cumulative_deaths,70.59,72.5,74.61,74.61,76.73,78.63,Surged Additional 50% Reduction,Mongolia,MNG,2021-05-03,v8,TRUE
2021-04-24,Rt,1.3,1.34,1.39,1.39,1.44,1.49,Surged Additional 50% Reduction,Mongolia,MNG,2021-05-03,v8,TRUE
2021-04-24,Reff,1.07,1.1,1.14,1.14,1.18,1.21,Surged Additional 50% Reduction,Mongolia,MNG,2021-05-03,v8,TRUE
2021-04-24,deaths,5.37,5.6,5.85,5.85,6.09,6.32,Surged Maintain Status Quo,Mongolia,MNG,2021-05-03,v8,TRUE
2021-04-24,hospital_demand,239.06,251.68,265.71,265.71,279.73,292.36,Surged Maintain Status Quo,Mongolia,MNG,2021-05-03,v8,TRUE
2021-04-24,ICU_demand,84.5,88.61,93.19,93.19,97.77,101.88,Surged Maintain Status Quo,Mongolia,MNG,2021-05-03,v8,TRUE
2021-04-24,infections,3350.73,3733.88,4159.59,4159.59,4585.31,4968.45,Surged Maintain Status Quo,Mongolia,MNG,2021-05-03,v8,TRUE
2021-04-24,prevalence,22790.55,25405.5,28311.01,28311.01,31216.51,33831.46,Surged Maintain Status Quo,Mongolia,MNG,2021-05-03,v8,TRUE
2021-04-24,cumulative_infections,67419.22,71027.62,75036.96,75036.96,79046.3,82654.7,Surged Maintain Status Quo,Mongolia,MNG,2021-05-03,v8,TRUE
2021-04-24,cumulative_deaths,70.59,72.5,74.61,74.61,76.73,78.63,Surged Maintain Status Quo,Mongolia,MNG,2021-05-03,v8,TRUE
2021-04-24,Rt,1.3,1.34,1.39,1.39,1.44,1.49,Surged Maintain Status Quo,Mongolia,MNG,2021-05-03,v8,TRUE
2021-04-24,Reff,1.07,1.1,1.14,1.14,1.18,1.21,Surged Maintain Status Quo,Mongolia,MNG,2021-05-03,v8,TRUE
2021-04-24,deaths,5.37,5.6,5.85,5.85,6.09,6.32,Surged Relax Interventions 50%,Mongolia,MNG,2021-05-03,v8,TRUE
2021-04-24,hospital_demand,239.06,251.68,265.71,265.71,279.73,292.36,Surged Relax Interventions 50%,Mongolia,MNG,2021-05-03,v8,TRUE
2021-04-24,ICU_demand,84.5,88.61,93.19,93.19,97.77,101.88,Surged Relax Interventions 50%,Mongolia,MNG,2021-05-03,v8,TRUE
2021-04-24,infections,3350.73,3733.88,4159.59,4159.59,4585.31,4968.45,Surged Relax Interventions 50%,Mongolia,MNG,2021-05-03,v8,TRUE
2021-04-24,prevalence,22790.55,25405.5,28311.01,28311.01,31216.51,33831.46,Surged Relax Interventions 50%,Mongolia,MNG,2021-05-03,v8,TRUE
2021-04-24,cumulative_infections,67419.22,71027.62,75036.96,75036.96,79046.3,82654.7,Surged Relax Interventions 50%,Mongolia,MNG,2021-05-03,v8,TRUE
2021-04-24,cumulative_deaths,70.59,72.5,74.61,74.61,76.73,78.63,Surged Relax Interventions 50%,Mongolia,MNG,2021-05-03,v8,TRUE
2021-04-24,Rt,1.3,1.34,1.39,1.39,1.44,1.49,Surged Relax Interventions 50%,Mongolia,MNG,2021-05-03,v8,TRUE
2021-04-24,Reff,1.07,1.1,1.14,1.14,1.18,1.21,Surged Relax Interventions 50%,Mongolia,MNG,2021-05-03,v8,TRUE
2021-04-25,deaths,5.53,5.78,6.06,6.06,6.33,6.58,Additional 50% Reduction,Mongolia,MNG,2021-05-03,v8,TRUE
2021-04-25,hospital_demand,242.93,256.84,272.29,272.29,287.74,301.65,Additional 50% Reduction,Mongolia,MNG,2021-05-03,v8,TRUE
2021-04-25,ICU_demand,86.42,90.96,96.01,96.01,101.06,105.6,Additional 50% Reduction,Mongolia,MNG,2021-05-03,v8,TRUE
2021-04-25,infections,3389.72,3801.74,4259.54,4259.54,4717.34,5129.36,Additional 50% Reduction,Mongolia,MNG,2021-05-03,v8,TRUE
2021-04-25,prevalence,23164.56,25986.61,29122.21,29122.21,32257.82,35079.86,Additional 50% Reduction,Mongolia,MNG,2021-05-03,v8,TRUE
2021-04-25,cumulative_infections,70808.94,74829.36,79296.5,79296.5,83763.63,87784.06,Additional 50% Reduction,Mongolia,MNG,2021-05-03,v8,TRUE
2021-04-25,cumulative_deaths,76.12,78.28,80.67,80.67,83.06,85.21,Additional 50% Reduction,Mongolia,MNG,2021-05-03,v8,TRUE
2021-04-25,Rt,1.35,1.4,1.45,1.45,1.5,1.54,Additional 50% Reduction,Mongolia,MNG,2021-05-03,v8,TRUE
2021-04-25,Reff,1.17,1.21,1.25,1.25,1.29,1.32,Additional 50% Reduction,Mongolia,MNG,2021-05-03,v8,TRUE
2021-04-25,deaths,5.53,5.78,6.06,6.06,6.33,6.58,Maintain Status Quo,Mongolia,MNG,2021-05-03,v8,TRUE
2021-04-25,hospital_demand,242.93,256.84,272.29,272.29,287.74,301.65,Maintain Status Quo,Mongolia,MNG,2021-05-03,v8,TRUE
2021-04-25,ICU_demand,86.42,90.96,96.01,96.01,101.06,105.6,Maintain Status Quo,Mongolia,MNG,2021-05-03,v8,TRUE
2021-04-25,infections,3389.72,3801.74,4259.54,4259.54,4717.34,5129.36,Maintain Status Quo,Mongolia,MNG,2021-05-03,v8,TRUE
2021-04-25,prevalence,23164.56,25986.61,29122.21,29122.21,32257.82,35079.86,Maintain Status Quo,Mongolia,MNG,2021-05-03,v8,TRUE
2021-04-25,cumulative_infections,70808.94,74829.36,79296.5,79296.5,83763.63,87784.06,Maintain Status Quo,Mongolia,MNG,2021-05-03,v8,TRUE
2021-04-25,cumulative_deaths,76.12,78.28,80.67,80.67,83.06,85.21,Maintain Status Quo,Mongolia,MNG,2021-05-03,v8,TRUE
2021-04-25,Rt,1.35,1.4,1.45,1.45,1.5,1.54,Maintain Status Quo,Mongolia,MNG,2021-05-03,v8,TRUE
2021-04-25,Reff,1.17,1.21,1.25,1.25,1.29,1.32,Maintain Status Quo,Mongolia,MNG,2021-05-03,v8,TRUE
2021-04-25,deaths,5.53,5.78,6.06,6.06,6.33,6.58,Relax Interventions 50%,Mongolia,MNG,2021-05-03,v8,TRUE
2021-04-25,hospital_demand,242.93,256.84,272.29,272.29,287.74,301.65,Relax Interventions 50%,Mongolia,MNG,2021-05-03,v8,TRUE
2021-04-25,ICU_demand,86.42,90.96,96.01,96.01,101.06,105.6,Relax Interventions 50%,Mongolia,MNG,2021-05-03,v8,TRUE
2021-04-25,infections,3389.72,3801.74,4259.54,4259.54,4717.34,5129.36,Relax Interventions 50%,Mongolia,MNG,2021-05-03,v8,TRUE
2021-04-25,prevalence,23164.56,25986.61,29122.21,29122.21,32257.82,35079.86,Relax Interventions 50%,Mongolia,MNG,2021-05-03,v8,TRUE
2021-04-25,cumulative_infections,70808.94,74829.36,79296.5,79296.5,83763.63,87784.06,Relax Interventions 50%,Mongolia,MNG,2021-05-03,v8,TRUE
2021-04-25,cumulative_deaths,76.12,78.28,80.67,80.67,83.06,85.21,Relax Interventions 50%,Mongolia,MNG,2021-05-03,v8,TRUE
2021-04-25,Rt,1.35,1.4,1.45,1.45,1.5,1.54,Relax Interventions 50%,Mongolia,MNG,2021-05-03,v8,TRUE
2021-04-25,Reff,1.17,1.21,1.25,1.25,1.29,1.32,Relax Interventions 50%,Mongolia,MNG,2021-05-03,v8,TRUE
2021-04-25,deaths,5.53,5.78,6.06,6.06,6.33,6.58,Surged Additional 50% Reduction,Mongolia,MNG,2021-05-03,v8,TRUE
2021-04-25,hospital_demand,242.93,256.84,272.29,272.29,287.74,301.65,Surged Additional 50% Reduction,Mongolia,MNG,2021-05-03,v8,TRUE
2021-04-25,ICU_demand,86.42,90.96,96.01,96.01,101.06,105.6,Surged Additional 50% Reduction,Mongolia,MNG,2021-05-03,v8,TRUE
2021-04-25,infections,3389.72,3801.74,4259.54,4259.54,4717.34,5129.36,Surged Additional 50% Reduction,Mongolia,MNG,2021-05-03,v8,TRUE
2021-04-25,prevalence,23164.56,25986.61,29122.21,29122.21,32257.82,35079.86,Surged Additional 50% Reduction,Mongolia,MNG,2021-05-03,v8,TRUE
2021-04-25,cumulative_infections,70808.94,74829.36,79296.5,79296.5,83763.63,87784.06,Surged Additional 50% Reduction,Mongolia,MNG,2021-05-03,v8,TRUE
2021-04-25,cumulative_deaths,76.12,78.28,80.67,80.67,83.06,85.21,Surged Additional 50% Reduction,Mongolia,MNG,2021-05-03,v8,TRUE
2021-04-25,Rt,1.35,1.4,1.45,1.45,1.5,1.54,Surged Additional 50% Reduction,Mongolia,MNG,2021-05-03,v8,TRUE
2021-04-25,Reff,1.11,1.14,1.18,1.18,1.21,1.25,Surged Additional 50% Reduction,Mongolia,MNG,2021-05-03,v8,TRUE
2021-04-25,deaths,5.53,5.78,6.06,6.06,6.33,6.58,Surged Maintain Status Quo,Mongolia,MNG,2021-05-03,v8,TRUE
2021-04-25,hospital_demand,242.93,256.84,272.29,272.29,287.74,301.65,Surged Maintain Status Quo,Mongolia,MNG,2021-05-03,v8,TRUE
2021-04-25,ICU_demand,86.42,90.96,96.01,96.01,101.06,105.6,Surged Maintain Status Quo,Mongolia,MNG,2021-05-03,v8,TRUE
2021-04-25,infections,3389.72,3801.74,4259.54,4259.54,4717.34,5129.36,Surged Maintain Status Quo,Mongolia,MNG,2021-05-03,v8,TRUE
2021-04-25,prevalence,23164.56,25986.61,29122.21,29122.21,32257.82,35079.86,Surged Maintain Status Quo,Mongolia,MNG,2021-05-03,v8,TRUE
2021-04-25,cumulative_infections,70808.94,74829.36,79296.5,79296.5,83763.63,87784.06,Surged Maintain Status Quo,Mongolia,MNG,2021-05-03,v8,TRUE
2021-04-25,cumulative_deaths,76.12,78.28,80.67,80.67,83.06,85.21,Surged Maintain Status Quo,Mongolia,MNG,2021-05-03,v8,TRUE
2021-04-25,Rt,1.35,1.4,1.45,1.45,1.5,1.54,Surged Maintain Status Quo,Mongolia,MNG,2021-05-03,v8,TRUE
2021-04-25,Reff,1.11,1.14,1.18,1.18,1.21,1.25,Surged Maintain Status Quo,Mongolia,MNG,2021-05-03,v8,TRUE
2021-04-25,deaths,5.53,5.78,6.06,6.06,6.33,6.58,Surged Relax Interventions 50%,Mongolia,MNG,2021-05-03,v8,TRUE
2021-04-25,hospital_demand,242.93,256.84,272.29,272.29,287.74,301.65,Surged Relax Interventions 50%,Mongolia,MNG,2021-05-03,v8,TRUE
2021-04-25,ICU_demand,86.42,90.96,96.01,96.01,101.06,105.6,Surged Relax Interventions 50%,Mongolia,MNG,2021-05-03,v8,TRUE
2021-04-25,infections,3389.72,3801.74,4259.54,4259.54,4717.34,5129.36,Surged Relax Interventions 50%,Mongolia,MNG,2021-05-03,v8,TRUE
2021-04-25,prevalence,23164.56,25986.61,29122.21,29122.21,32257.82,35079.86,Surged Relax Interventions 50%,Mongolia,MNG,2021-05-03,v8,TRUE
2021-04-25,cumulative_infections,70808.94,74829.36,79296.5,79296.5,83763.63,87784.06,Surged Relax Interventions 50%,Mongolia,MNG,2021-05-03,v8,TRUE
2021-04-25,cumulative_deaths,76.12,78.28,80.67,80.67,83.06,85.21,Surged Relax Interventions 50%,Mongolia,MNG,2021-05-03,v8,TRUE
2021-04-25,Rt,1.35,1.4,1.45,1.45,1.5,1.54,Surged Relax Interventions 50%,Mongolia,MNG,2021-05-03,v8,TRUE
2021-04-25,Reff,1.11,1.14,1.18,1.18,1.21,1.25,Surged Relax Interventions 50%,Mongolia,MNG,2021-05-03,v8,TRUE
2021-04-26,deaths,5.66,5.94,6.24,6.24,6.55,6.82,Additional 50% Reduction,Mongolia,MNG,2021-05-03,v8,TRUE
2021-04-26,hospital_demand,246.02,261.26,278.2,278.2,295.13,310.37,Additional 50% Reduction,Mongolia,MNG,2021-05-03,v8,TRUE
2021-04-26,ICU_demand,88.06,93.05,98.59,98.59,104.13,109.12,Additional 50% Reduction,Mongolia,MNG,2021-05-03,v8,TRUE
2021-04-26,infections,3450.07,3894.08,4387.42,4387.42,4880.76,5324.77,Additional 50% Reduction,Mongolia,MNG,2021-05-03,v8,TRUE
2021-04-26,prevalence,23677.85,26727.95,30116.96,30116.96,33505.96,36556.06,Additional 50% Reduction,Mongolia,MNG,2021-05-03,v8,TRUE
2021-04-26,cumulative_infections,74259,78723.44,83683.92,83683.92,88644.4,93108.83,Additional 50% Reduction,Mongolia,MNG,2021-05-03,v8,TRUE
2021-04-26,cumulative_deaths,81.78,84.21,86.91,86.91,89.61,92.04,Additional 50% Reduction,Mongolia,MNG,2021-05-03,v8,TRUE
2021-04-26,Rt,1.07,1.11,1.16,1.16,1.21,1.25,Additional 50% Reduction,Mongolia,MNG,2021-05-03,v8,TRUE
2021-04-26,Reff,0.92,0.96,0.99,0.99,1.03,1.07,Additional 50% Reduction,Mongolia,MNG,2021-05-03,v8,TRUE
2021-04-26,deaths,5.66,5.94,6.24,6.24,6.55,6.82,Maintain Status Quo,Mongolia,MNG,2021-05-03,v8,TRUE
2021-04-26,hospital_demand,246.02,261.26,278.2,278.2,295.13,310.37,Maintain Status Quo,Mongolia,MNG,2021-05-03,v8,TRUE
2021-04-26,ICU_demand,88.06,93.05,98.59,98.59,104.13,109.12,Maintain Status Quo,Mongolia,MNG,2021-05-03,v8,TRUE
2021-04-26,infections,3450.07,3894.08,4387.42,4387.42,4880.76,5324.77,Maintain Status Quo,Mongolia,MNG,2021-05-03,v8,TRUE
2021-04-26,prevalence,23677.85,26727.95,30116.96,30116.96,33505.96,36556.06,Maintain Status Quo,Mongolia,MNG,2021-05-03,v8,TRUE
2021-04-26,cumulative_infections,74259,78723.44,83683.92,83683.92,88644.4,93108.83,Maintain Status Quo,Mongolia,MNG,2021-05-03,v8,TRUE
2021-04-26,cumulative_deaths,81.78,84.21,86.91,86.91,89.61,92.04,Maintain Status Quo,Mongolia,MNG,2021-05-03,v8,TRUE
2021-04-26,Rt,1.07,1.11,1.16,1.16,1.21,1.25,Maintain Status Quo,Mongolia,MNG,2021-05-03,v8,TRUE
2021-04-26,Reff,0.92,0.96,0.99,0.99,1.03,1.07,Maintain Status Quo,Mongolia,MNG,2021-05-03,v8,TRUE
2021-04-26,deaths,5.66,5.94,6.24,6.24,6.55,6.82,Relax Interventions 50%,Mongolia,MNG,2021-05-03,v8,TRUE
2021-04-26,hospital_demand,246.02,261.26,278.2,278.2,295.13,310.37,Relax Interventions 50%,Mongolia,MNG,2021-05-03,v8,TRUE
2021-04-26,ICU_demand,88.06,93.05,98.59,98.59,104.13,109.12,Relax Interventions 50%,Mongolia,MNG,2021-05-03,v8,TRUE
2021-04-26,infections,3450.07,3894.08,4387.42,4387.42,4880.76,5324.77,Relax Interventions 50%,Mongolia,MNG,2021-05-03,v8,TRUE
2021-04-26,prevalence,23677.85,26727.95,30116.96,30116.96,33505.96,36556.06,Relax Interventions 50%,Mongolia,MNG,2021-05-03,v8,TRUE
2021-04-26,cumulative_infections,74259,78723.44,83683.92,83683.92,88644.4,93108.83,Relax Interventions 50%,Mongolia,MNG,2021-05-03,v8,TRUE
2021-04-26,cumulative_deaths,81.78,84.21,86.91,86.91,89.61,92.04,Relax Interventions 50%,Mongolia,MNG,2021-05-03,v8,TRUE
2021-04-26,Rt,1.07,1.11,1.16,1.16,1.21,1.25,Relax Interventions 50%,Mongolia,MNG,2021-05-03,v8,TRUE
2021-04-26,Reff,0.92,0.96,0.99,0.99,1.03,1.07,Relax Interventions 50%,Mongolia,MNG,2021-05-03,v8,TRUE
2021-04-26,deaths,5.66,5.94,6.24,6.24,6.55,6.82,Surged Additional 50% Reduction,Mongolia,MNG,2021-05-03,v8,TRUE
2021-04-26,hospital_demand,246.02,261.26,278.2,278.2,295.13,310.37,Surged Additional 50% Reduction,Mongolia,MNG,2021-05-03,v8,TRUE
2021-04-26,ICU_demand,88.06,93.05,98.59,98.59,104.13,109.12,Surged Additional 50% Reduction,Mongolia,MNG,2021-05-03,v8,TRUE
2021-04-26,infections,3450.07,3894.08,4387.42,4387.42,4880.76,5324.77,Surged Additional 50% Reduction,Mongolia,MNG,2021-05-03,v8,TRUE
2021-04-26,prevalence,23677.85,26727.95,30116.96,30116.96,33505.96,36556.06,Surged Additional 50% Reduction,Mongolia,MNG,2021-05-03,v8,TRUE
2021-04-26,cumulative_infections,74259,78723.44,83683.92,83683.92,88644.4,93108.83,Surged Additional 50% Reduction,Mongolia,MNG,2021-05-03,v8,TRUE
2021-04-26,cumulative_deaths,81.78,84.21,86.91,86.91,89.61,92.04,Surged Additional 50% Reduction,Mongolia,MNG,2021-05-03,v8,TRUE
2021-04-26,Rt,1.07,1.11,1.16,1.16,1.21,1.25,Surged Additional 50% Reduction,Mongolia,MNG,2021-05-03,v8,TRUE
2021-04-26,Reff,0.87,0.9,0.94,0.94,0.98,1.01,Surged Additional 50% Reduction,Mongolia,MNG,2021-05-03,v8,TRUE
2021-04-26,deaths,5.66,5.94,6.24,6.24,6.55,6.82,Surged Maintain Status Quo,Mongolia,MNG,2021-05-03,v8,TRUE
2021-04-26,hospital_demand,246.02,261.26,278.2,278.2,295.13,310.37,Surged Maintain Status Quo,Mongolia,MNG,2021-05-03,v8,TRUE
2021-04-26,ICU_demand,88.06,93.05,98.59,98.59,104.13,109.12,Surged Maintain Status Quo,Mongolia,MNG,2021-05-03,v8,TRUE
2021-04-26,infections,3450.07,3894.08,4387.42,4387.42,4880.76,5324.77,Surged Maintain Status Quo,Mongolia,MNG,2021-05-03,v8,TRUE
2021-04-26,prevalence,23677.85,26727.95,30116.96,30116.96,33505.96,36556.06,Surged Maintain Status Quo,Mongolia,MNG,2021-05-03,v8,TRUE
2021-04-26,cumulative_infections,74259,78723.44,83683.92,83683.92,88644.4,93108.83,Surged Maintain Status Quo,Mongolia,MNG,2021-05-03,v8,TRUE
2021-04-26,cumulative_deaths,81.78,84.21,86.91,86.91,89.61,92.04,Surged Maintain Status Quo,Mongolia,MNG,2021-05-03,v8,TRUE
2021-04-26,Rt,1.07,1.11,1.16,1.16,1.21,1.25,Surged Maintain Status Quo,Mongolia,MNG,2021-05-03,v8,TRUE
2021-04-26,Reff,0.87,0.9,0.94,0.94,0.98,1.01,Surged Maintain Status Quo,Mongolia,MNG,2021-05-03,v8,TRUE
2021-04-26,deaths,5.66,5.94,6.24,6.24,6.55,6.82,Surged Relax Interventions 50%,Mongolia,MNG,2021-05-03,v8,TRUE
2021-04-26,hospital_demand,246.02,261.26,278.2,278.2,295.13,310.37,Surged Relax Interventions 50%,Mongolia,MNG,2021-05-03,v8,TRUE
2021-04-26,ICU_demand,88.06,93.05,98.59,98.59,104.13,109.12,Surged Relax Interventions 50%,Mongolia,MNG,2021-05-03,v8,TRUE
2021-04-26,infections,3450.07,3894.08,4387.42,4387.42,4880.76,5324.77,Surged Relax Interventions 50%,Mongolia,MNG,2021-05-03,v8,TRUE
2021-04-26,prevalence,23677.85,26727.95,30116.96,30116.96,33505.96,36556.06,Surged Relax Interventions 50%,Mongolia,MNG,2021-05-03,v8,TRUE
2021-04-26,cumulative_infections,74259,78723.44,83683.92,83683.92,88644.4,93108.83,Surged Relax Interventions 50%,Mongolia,MNG,2021-05-03,v8,TRUE
2021-04-26,cumulative_deaths,81.78,84.21,86.91,86.91,89.61,92.04,Surged Relax Interventions 50%,Mongolia,MNG,2021-05-03,v8,TRUE
2021-04-26,Rt,1.07,1.11,1.16,1.16,1.21,1.25,Surged Relax Interventions 50%,Mongolia,MNG,2021-05-03,v8,TRUE
2021-04-26,Reff,0.87,0.9,0.94,0.94,0.98,1.01,Surged Relax Interventions 50%,Mongolia,MNG,2021-05-03,v8,TRUE
2021-04-27,deaths,5.77,6.07,6.41,6.41,6.74,7.04,Additional 50% Reduction,Mongolia,MNG,2021-05-03,v8,TRUE
2021-04-27,hospital_demand,248.42,265.03,283.49,283.49,301.94,318.55,Additional 50% Reduction,Mongolia,MNG,2021-05-03,v8,TRUE
2021-04-27,ICU_demand,89.43,94.88,100.93,100.93,106.98,112.42,Additional 50% Reduction,Mongolia,MNG,2021-05-03,v8,TRUE
2021-04-27,infections,3466.41,3938.17,4462.34,4462.34,4986.51,5458.26,Additional 50% Reduction,Mongolia,MNG,2021-05-03,v8,TRUE
2021-04-27,prevalence,23357.24,26545.9,30088.86,30088.86,33631.82,36820.48,Additional 50% Reduction,Mongolia,MNG,2021-05-03,v8,TRUE
2021-04-27,cumulative_infections,77725.42,82661.6,88146.26,88146.26,93630.91,98567.09,Additional 50% Reduction,Mongolia,MNG,2021-05-03,v8,TRUE
2021-04-27,cumulative_deaths,87.55,90.28,93.32,93.32,96.35,99.08,Additional 50% Reduction,Mongolia,MNG,2021-05-03,v8,TRUE
2021-04-27,Rt,1.17,1.21,1.26,1.26,1.31,1.35,Additional 50% Reduction,Mongolia,MNG,2021-05-03,v8,TRUE
2021-04-27,Reff,1,1.04,1.08,1.08,1.12,1.15,Additional 50% Reduction,Mongolia,MNG,2021-05-03,v8,TRUE
2021-04-27,deaths,5.77,6.07,6.41,6.41,6.74,7.04,Maintain Status Quo,Mongolia,MNG,2021-05-03,v8,TRUE
2021-04-27,hospital_demand,248.42,265.03,283.49,283.49,301.94,318.55,Maintain Status Quo,Mongolia,MNG,2021-05-03,v8,TRUE
2021-04-27,ICU_demand,89.43,94.88,100.93,100.93,106.98,112.42,Maintain Status Quo,Mongolia,MNG,2021-05-03,v8,TRUE
2021-04-27,infections,3466.41,3938.17,4462.34,4462.34,4986.51,5458.26,Maintain Status Quo,Mongolia,MNG,2021-05-03,v8,TRUE
2021-04-27,prevalence,23357.24,26545.9,30088.86,30088.86,33631.82,36820.48,Maintain Status Quo,Mongolia,MNG,2021-05-03,v8,TRUE
2021-04-27,cumulative_infections,77725.42,82661.6,88146.26,88146.26,93630.91,98567.09,Maintain Status Quo,Mongolia,MNG,2021-05-03,v8,TRUE
2021-04-27,cumulative_deaths,87.55,90.28,93.32,93.32,96.35,99.08,Maintain Status Quo,Mongolia,MNG,2021-05-03,v8,TRUE
2021-04-27,Rt,1.17,1.21,1.26,1.26,1.31,1.35,Maintain Status Quo,Mongolia,MNG,2021-05-03,v8,TRUE
2021-04-27,Reff,1,1.04,1.08,1.08,1.12,1.15,Maintain Status Quo,Mongolia,MNG,2021-05-03,v8,TRUE
2021-04-27,deaths,5.77,6.07,6.41,6.41,6.74,7.04,Relax Interventions 50%,Mongolia,MNG,2021-05-03,v8,TRUE
2021-04-27,hospital_demand,248.42,265.03,283.49,283.49,301.94,318.55,Relax Interventions 50%,Mongolia,MNG,2021-05-03,v8,TRUE
2021-04-27,ICU_demand,89.43,94.88,100.93,100.93,106.98,112.42,Relax Interventions 50%,Mongolia,MNG,2021-05-03,v8,TRUE
2021-04-27,infections,3466.41,3938.17,4462.34,4462.34,4986.51,5458.26,Relax Interventions 50%,Mongolia,MNG,2021-05-03,v8,TRUE
2021-04-27,prevalence,23357.24,26545.9,30088.86,30088.86,33631.82,36820.48,Relax Interventions 50%,Mongolia,MNG,2021-05-03,v8,TRUE
2021-04-27,cumulative_infections,77725.42,82661.6,88146.26,88146.26,93630.91,98567.09,Relax Interventions 50%,Mongolia,MNG,2021-05-03,v8,TRUE
2021-04-27,cumulative_deaths,87.55,90.28,93.32,93.32,96.35,99.08,Relax Interventions 50%,Mongolia,MNG,2021-05-03,v8,TRUE
2021-04-27,Rt,1.17,1.21,1.26,1.26,1.31,1.35,Relax Interventions 50%,Mongolia,MNG,2021-05-03,v8,TRUE
2021-04-27,Reff,1,1.04,1.08,1.08,1.12,1.15,Relax Interventions 50%,Mongolia,MNG,2021-05-03,v8,TRUE
2021-04-27,deaths,5.77,6.07,6.41,6.41,6.74,7.04,Surged Additional 50% Reduction,Mongolia,MNG,2021-05-03,v8,TRUE
2021-04-27,hospital_demand,248.42,265.03,283.49,283.49,301.94,318.55,Surged Additional 50% Reduction,Mongolia,MNG,2021-05-03,v8,TRUE
2021-04-27,ICU_demand,89.43,94.88,100.93,100.93,106.98,112.42,Surged Additional 50% Reduction,Mongolia,MNG,2021-05-03,v8,TRUE
2021-04-27,infections,3466.41,3938.17,4462.34,4462.34,4986.51,5458.26,Surged Additional 50% Reduction,Mongolia,MNG,2021-05-03,v8,TRUE
2021-04-27,prevalence,23357.24,26545.9,30088.86,30088.86,33631.82,36820.48,Surged Additional 50% Reduction,Mongolia,MNG,2021-05-03,v8,TRUE
2021-04-27,cumulative_infections,77725.42,82661.6,88146.26,88146.26,93630.91,98567.09,Surged Additional 50% Reduction,Mongolia,MNG,2021-05-03,v8,TRUE
2021-04-27,cumulative_deaths,87.55,90.28,93.32,93.32,96.35,99.08,Surged Additional 50% Reduction,Mongolia,MNG,2021-05-03,v8,TRUE
2021-04-27,Rt,1.17,1.21,1.26,1.26,1.31,1.35,Surged Additional 50% Reduction,Mongolia,MNG,2021-05-03,v8,TRUE
2021-04-27,Reff,0.95,0.98,1.02,1.02,1.05,1.08,Surged Additional 50% Reduction,Mongolia,MNG,2021-05-03,v8,TRUE
2021-04-27,deaths,5.77,6.07,6.41,6.41,6.74,7.04,Surged Maintain Status Quo,Mongolia,MNG,2021-05-03,v8,TRUE
2021-04-27,hospital_demand,248.42,265.03,283.49,283.49,301.94,318.55,Surged Maintain Status Quo,Mongolia,MNG,2021-05-03,v8,TRUE
2021-04-27,ICU_demand,89.43,94.88,100.93,100.93,106.98,112.42,Surged Maintain Status Quo,Mongolia,MNG,2021-05-03,v8,TRUE
2021-04-27,infections,3466.41,3938.17,4462.34,4462.34,4986.51,5458.26,Surged Maintain Status Quo,Mongolia,MNG,2021-05-03,v8,TRUE
2021-04-27,prevalence,23357.24,26545.9,30088.86,30088.86,33631.82,36820.48,Surged Maintain Status Quo,Mongolia,MNG,2021-05-03,v8,TRUE
2021-04-27,cumulative_infections,77725.42,82661.6,88146.26,88146.26,93630.91,98567.09,Surged Maintain Status Quo,Mongolia,MNG,2021-05-03,v8,TRUE
2021-04-27,cumulative_deaths,87.55,90.28,93.32,93.32,96.35,99.08,Surged Maintain Status Quo,Mongolia,MNG,2021-05-03,v8,TRUE
2021-04-27,Rt,1.17,1.21,1.26,1.26,1.31,1.35,Surged Maintain Status Quo,Mongolia,MNG,2021-05-03,v8,TRUE
2021-04-27,Reff,0.95,0.98,1.02,1.02,1.05,1.08,Surged Maintain Status Quo,Mongolia,MNG,2021-05-03,v8,TRUE
2021-04-27,deaths,5.77,6.07,6.41,6.41,6.74,7.04,Surged Relax Interventions 50%,Mongolia,MNG,2021-05-03,v8,TRUE
2021-04-27,hospital_demand,248.42,265.03,283.49,283.49,301.94,318.55,Surged Relax Interventions 50%,Mongolia,MNG,2021-05-03,v8,TRUE
2021-04-27,ICU_demand,89.43,94.88,100.93,100.93,106.98,112.42,Surged Relax Interventions 50%,Mongolia,MNG,2021-05-03,v8,TRUE
2021-04-27,infections,3466.41,3938.17,4462.34,4462.34,4986.51,5458.26,Surged Relax Interventions 50%,Mongolia,MNG,2021-05-03,v8,TRUE
2021-04-27,prevalence,23357.24,26545.9,30088.86,30088.86,33631.82,36820.48,Surged Relax Interventions 50%,Mongolia,MNG,2021-05-03,v8,TRUE
2021-04-27,cumulative_infections,77725.42,82661.6,88146.26,88146.26,93630.91,98567.09,Surged Relax Interventions 50%,Mongolia,MNG,2021-05-03,v8,TRUE
2021-04-27,cumulative_deaths,87.55,90.28,93.32,93.32,96.35,99.08,Surged Relax Interventions 50%,Mongolia,MNG,2021-05-03,v8,TRUE
2021-04-27,Rt,1.17,1.21,1.26,1.26,1.31,1.35,Surged Relax Interventions 50%,Mongolia,MNG,2021-05-03,v8,TRUE
2021-04-27,Reff,0.95,0.98,1.02,1.02,1.05,1.08,Surged Relax Interventions 50%,Mongolia,MNG,2021-05-03,v8,TRUE
2021-04-28,deaths,5.85,6.18,6.55,6.55,6.91,7.24,Additional 50% Reduction,Mongolia,MNG,2021-05-03,v8,TRUE
2021-04-28,hospital_demand,250.19,268.2,288.2,288.2,308.21,326.22,Additional 50% Reduction,Mongolia,MNG,2021-05-03,v8,TRUE
2021-04-28,ICU_demand,90.56,96.47,103.04,103.04,109.62,115.53,Additional 50% Reduction,Mongolia,MNG,2021-05-03,v8,TRUE
2021-04-28,infections,3441.93,3937.36,4487.83,4487.83,5038.3,5533.72,Additional 50% Reduction,Mongolia,MNG,2021-05-03,v8,TRUE
2021-04-28,prevalence,23297.62,26659.69,30395.33,30395.33,34130.97,37493.04,Additional 50% Reduction,Mongolia,MNG,2021-05-03,v8,TRUE
2021-04-28,cumulative_infections,81167.35,86598.96,92634.08,92634.08,98669.2,104100.81,Additional 50% Reduction,Mongolia,MNG,2021-05-03,v8,TRUE
2021-04-28,cumulative_deaths,93.4,96.46,99.86,99.86,103.26,106.32,Additional 50% Reduction,Mongolia,MNG,2021-05-03,v8,TRUE
2021-04-28,Rt,1.18,1.22,1.27,1.27,1.32,1.37,Additional 50% Reduction,Mongolia,MNG,2021-05-03,v8,TRUE
2021-04-28,Reff,1.01,1.04,1.08,1.08,1.12,1.16,Additional 50% Reduction,Mongolia,MNG,2021-05-03,v8,TRUE
2021-04-28,deaths,5.85,6.18,6.55,6.55,6.91,7.24,Maintain Status Quo,Mongolia,MNG,2021-05-03,v8,TRUE
2021-04-28,hospital_demand,250.19,268.2,288.2,288.2,308.21,326.22,Maintain Status Quo,Mongolia,MNG,2021-05-03,v8,TRUE
2021-04-28,ICU_demand,90.56,96.47,103.04,103.04,109.62,115.53,Maintain Status Quo,Mongolia,MNG,2021-05-03,v8,TRUE
2021-04-28,infections,3441.93,3937.36,4487.83,4487.83,5038.3,5533.72,Maintain Status Quo,Mongolia,MNG,2021-05-03,v8,TRUE
2021-04-28,prevalence,23297.62,26659.69,30395.33,30395.33,34130.97,37493.04,Maintain Status Quo,Mongolia,MNG,2021-05-03,v8,TRUE
2021-04-28,cumulative_infections,81167.35,86598.96,92634.08,92634.08,98669.2,104100.81,Maintain Status Quo,Mongolia,MNG,2021-05-03,v8,TRUE
2021-04-28,cumulative_deaths,93.4,96.46,99.86,99.86,103.26,106.32,Maintain Status Quo,Mongolia,MNG,2021-05-03,v8,TRUE
2021-04-28,Rt,1.18,1.22,1.27,1.27,1.32,1.37,Maintain Status Quo,Mongolia,MNG,2021-05-03,v8,TRUE
2021-04-28,Reff,1.01,1.04,1.08,1.08,1.12,1.16,Maintain Status Quo,Mongolia,MNG,2021-05-03,v8,TRUE
2021-04-28,deaths,5.85,6.18,6.55,6.55,6.91,7.24,Relax Interventions 50%,Mongolia,MNG,2021-05-03,v8,TRUE
2021-04-28,hospital_demand,250.19,268.2,288.2,288.2,308.21,326.22,Relax Interventions 50%,Mongolia,MNG,2021-05-03,v8,TRUE
2021-04-28,ICU_demand,90.56,96.47,103.04,103.04,109.62,115.53,Relax Interventions 50%,Mongolia,MNG,2021-05-03,v8,TRUE
2021-04-28,infections,3441.93,3937.36,4487.83,4487.83,5038.3,5533.72,Relax Interventions 50%,Mongolia,MNG,2021-05-03,v8,TRUE
2021-04-28,prevalence,23297.62,26659.69,30395.33,30395.33,34130.97,37493.04,Relax Interventions 50%,Mongolia,MNG,2021-05-03,v8,TRUE
2021-04-28,cumulative_infections,81167.35,86598.96,92634.08,92634.08,98669.2,104100.81,Relax Interventions 50%,Mongolia,MNG,2021-05-03,v8,TRUE
2021-04-28,cumulative_deaths,93.4,96.46,99.86,99.86,103.26,106.32,Relax Interventions 50%,Mongolia,MNG,2021-05-03,v8,TRUE
2021-04-28,Rt,1.18,1.22,1.27,1.27,1.32,1.37,Relax Interventions 50%,Mongolia,MNG,2021-05-03,v8,TRUE
2021-04-28,Reff,1.01,1.04,1.08,1.08,1.12,1.16,Relax Interventions 50%,Mongolia,MNG,2021-05-03,v8,TRUE
2021-04-28,deaths,5.85,6.18,6.55,6.55,6.91,7.24,Surged Additional 50% Reduction,Mongolia,MNG,2021-05-03,v8,TRUE
2021-04-28,hospital_demand,250.19,268.2,288.2,288.2,308.21,326.22,Surged Additional 50% Reduction,Mongolia,MNG,2021-05-03,v8,TRUE
2021-04-28,ICU_demand,90.56,96.47,103.04,103.04,109.62,115.53,Surged Additional 50% Reduction,Mongolia,MNG,2021-05-03,v8,TRUE
2021-04-28,infections,3441.93,3937.36,4487.83,4487.83,5038.3,5533.72,Surged Additional 50% Reduction,Mongolia,MNG,2021-05-03,v8,TRUE
2021-04-28,prevalence,23297.62,26659.69,30395.33,30395.33,34130.97,37493.04,Surged Additional 50% Reduction,Mongolia,MNG,2021-05-03,v8,TRUE
2021-04-28,cumulative_infections,81167.35,86598.96,92634.08,92634.08,98669.2,104100.81,Surged Additional 50% Reduction,Mongolia,MNG,2021-05-03,v8,TRUE
2021-04-28,cumulative_deaths,93.4,96.46,99.86,99.86,103.26,106.32,Surged Additional 50% Reduction,Mongolia,MNG,2021-05-03,v8,TRUE
2021-04-28,Rt,1.18,1.22,1.27,1.27,1.32,1.37,Surged Additional 50% Reduction,Mongolia,MNG,2021-05-03,v8,TRUE
2021-04-28,Reff,0.95,0.98,1.02,1.02,1.06,1.09,Surged Additional 50% Reduction,Mongolia,MNG,2021-05-03,v8,TRUE
2021-04-28,deaths,5.85,6.18,6.55,6.55,6.91,7.24,Surged Maintain Status Quo,Mongolia,MNG,2021-05-03,v8,TRUE
2021-04-28,hospital_demand,250.19,268.2,288.2,288.2,308.21,326.22,Surged Maintain Status Quo,Mongolia,MNG,2021-05-03,v8,TRUE
2021-04-28,ICU_demand,90.56,96.47,103.04,103.04,109.62,115.53,Surged Maintain Status Quo,Mongolia,MNG,2021-05-03,v8,TRUE
2021-04-28,infections,3441.93,3937.36,4487.83,4487.83,5038.3,5533.72,Surged Maintain Status Quo,Mongolia,MNG,2021-05-03,v8,TRUE
2021-04-28,prevalence,23297.62,26659.69,30395.33,30395.33,34130.97,37493.04,Surged Maintain Status Quo,Mongolia,MNG,2021-05-03,v8,TRUE
2021-04-28,cumulative_infections,81167.35,86598.96,92634.08,92634.08,98669.2,104100.81,Surged Maintain Status Quo,Mongolia,MNG,2021-05-03,v8,TRUE
2021-04-28,cumulative_deaths,93.4,96.46,99.86,99.86,103.26,106.32,Surged Maintain Status Quo,Mongolia,MNG,2021-05-03,v8,TRUE
2021-04-28,Rt,1.18,1.22,1.27,1.27,1.32,1.37,Surged Maintain Status Quo,Mongolia,MNG,2021-05-03,v8,TRUE
2021-04-28,Reff,0.95,0.98,1.02,1.02,1.06,1.09,Surged Maintain Status Quo,Mongolia,MNG,2021-05-03,v8,TRUE
2021-04-28,deaths,5.85,6.18,6.55,6.55,6.91,7.24,Surged Relax Interventions 50%,Mongolia,MNG,2021-05-03,v8,TRUE
2021-04-28,hospital_demand,250.19,268.2,288.2,288.2,308.21,326.22,Surged Relax Interventions 50%,Mongolia,MNG,2021-05-03,v8,TRUE
2021-04-28,ICU_demand,90.56,96.47,103.04,103.04,109.62,115.53,Surged Relax Interventions 50%,Mongolia,MNG,2021-05-03,v8,TRUE
2021-04-28,infections,3441.93,3937.36,4487.83,4487.83,5038.3,5533.72,Surged Relax Interventions 50%,Mongolia,MNG,2021-05-03,v8,TRUE
2021-04-28,prevalence,23297.62,26659.69,30395.33,30395.33,34130.97,37493.04,Surged Relax Interventions 50%,Mongolia,MNG,2021-05-03,v8,TRUE
2021-04-28,cumulative_infections,81167.35,86598.96,92634.08,92634.08,98669.2,104100.81,Surged Relax Interventions 50%,Mongolia,MNG,2021-05-03,v8,TRUE
2021-04-28,cumulative_deaths,93.4,96.46,99.86,99.86,103.26,106.32,Surged Relax Interventions 50%,Mongolia,MNG,2021-05-03,v8,TRUE
2021-04-28,Rt,1.18,1.22,1.27,1.27,1.32,1.37,Surged Relax Interventions 50%,Mongolia,MNG,2021-05-03,v8,TRUE
2021-04-28,Reff,0.95,0.98,1.02,1.02,1.06,1.09,Surged Relax Interventions 50%,Mongolia,MNG,2021-05-03,v8,TRUE
2021-04-29,deaths,5.91,6.27,6.67,6.67,7.07,7.43,Additional 50% Reduction,Mongolia,MNG,2021-05-03,v8,TRUE
2021-04-29,hospital_demand,251.34,270.76,292.34,292.34,313.92,333.34,Additional 50% Reduction,Mongolia,MNG,2021-05-03,v8,TRUE
2021-04-29,ICU_demand,91.44,97.83,104.93,104.93,112.03,118.42,Additional 50% Reduction,Mongolia,MNG,2021-05-03,v8,TRUE
2021-04-29,infections,3421.56,3941.75,4519.74,4519.74,5097.73,5617.93,Additional 50% Reduction,Mongolia,MNG,2021-05-03,v8,TRUE
2021-04-29,prevalence,23255.26,26793.94,30725.8,30725.8,34657.66,38196.33,Additional 50% Reduction,Mongolia,MNG,2021-05-03,v8,TRUE
2021-04-29,cumulative_infections,84588.91,90540.71,97153.83,97153.83,103766.94,109718.74,Additional 50% Reduction,Mongolia,MNG,2021-05-03,v8,TRUE
2021-04-29,cumulative_deaths,99.31,102.73,106.53,106.53,110.33,113.75,Additional 50% Reduction,Mongolia,MNG,2021-05-03,v8,TRUE
2021-04-29,Rt,1.15,1.2,1.25,1.25,1.3,1.34,Additional 50% Reduction,Mongolia,MNG,2021-05-03,v8,TRUE
2021-04-29,Reff,0.99,1.02,1.06,1.06,1.1,1.13,Additional 50% Reduction,Mongolia,MNG,2021-05-03,v8,TRUE
2021-04-29,deaths,5.91,6.27,6.67,6.67,7.07,7.43,Maintain Status Quo,Mongolia,MNG,2021-05-03,v8,TRUE
2021-04-29,hospital_demand,251.34,270.76,292.34,292.34,313.92,333.34,Maintain Status Quo,Mongolia,MNG,2021-05-03,v8,TRUE
2021-04-29,ICU_demand,91.44,97.83,104.93,104.93,112.03,118.42,Maintain Status Quo,Mongolia,MNG,2021-05-03,v8,TRUE
2021-04-29,infections,3421.56,3941.75,4519.74,4519.74,5097.73,5617.93,Maintain Status Quo,Mongolia,MNG,2021-05-03,v8,TRUE
2021-04-29,prevalence,23255.26,26793.94,30725.8,30725.8,34657.66,38196.33,Maintain Status Quo,Mongolia,MNG,2021-05-03,v8,TRUE
2021-04-29,cumulative_infections,84588.91,90540.71,97153.83,97153.83,103766.94,109718.74,Maintain Status Quo,Mongolia,MNG,2021-05-03,v8,TRUE
2021-04-29,cumulative_deaths,99.31,102.73,106.53,106.53,110.33,113.75,Maintain Status Quo,Mongolia,MNG,2021-05-03,v8,TRUE
2021-04-29,Rt,1.15,1.2,1.25,1.25,1.3,1.34,Maintain Status Quo,Mongolia,MNG,2021-05-03,v8,TRUE
2021-04-29,Reff,0.99,1.02,1.06,1.06,1.1,1.13,Maintain Status Quo,Mongolia,MNG,2021-05-03,v8,TRUE
2021-04-29,deaths,5.91,6.27,6.67,6.67,7.07,7.43,Relax Interventions 50%,Mongolia,MNG,2021-05-03,v8,TRUE
2021-04-29,hospital_demand,251.34,270.76,292.34,292.34,313.92,333.34,Relax Interventions 50%,Mongolia,MNG,2021-05-03,v8,TRUE
2021-04-29,ICU_demand,91.44,97.83,104.93,104.93,112.03,118.42,Relax Interventions 50%,Mongolia,MNG,2021-05-03,v8,TRUE
2021-04-29,infections,3421.56,3941.75,4519.74,4519.74,5097.73,5617.93,Relax Interventions 50%,Mongolia,MNG,2021-05-03,v8,TRUE
2021-04-29,prevalence,23255.26,26793.94,30725.8,30725.8,34657.66,38196.33,Relax Interventions 50%,Mongolia,MNG,2021-05-03,v8,TRUE
2021-04-29,cumulative_infections,84588.91,90540.71,97153.83,97153.83,103766.94,109718.74,Relax Interventions 50%,Mongolia,MNG,2021-05-03,v8,TRUE
2021-04-29,cumulative_deaths,99.31,102.73,106.53,106.53,110.33,113.75,Relax Interventions 50%,Mongolia,MNG,2021-05-03,v8,TRUE
2021-04-29,Rt,1.15,1.2,1.25,1.25,1.3,1.34,Relax Interventions 50%,Mongolia,MNG,2021-05-03,v8,TRUE
2021-04-29,Reff,0.99,1.02,1.06,1.06,1.1,1.13,Relax Interventions 50%,Mongolia,MNG,2021-05-03,v8,TRUE
2021-04-29,deaths,5.91,6.27,6.67,6.67,7.07,7.43,Surged Additional 50% Reduction,Mongolia,MNG,2021-05-03,v8,TRUE
2021-04-29,hospital_demand,251.34,270.76,292.34,292.34,313.92,333.34,Surged Additional 50% Reduction,Mongolia,MNG,2021-05-03,v8,TRUE
2021-04-29,ICU_demand,91.44,97.83,104.93,104.93,112.03,118.42,Surged Additional 50% Reduction,Mongolia,MNG,2021-05-03,v8,TRUE
2021-04-29,infections,3421.56,3941.75,4519.74,4519.74,5097.73,5617.93,Surged Additional 50% Reduction,Mongolia,MNG,2021-05-03,v8,TRUE
2021-04-29,prevalence,23255.26,26793.94,30725.8,30725.8,34657.66,38196.33,Surged Additional 50% Reduction,Mongolia,MNG,2021-05-03,v8,TRUE
2021-04-29,cumulative_infections,84588.91,90540.71,97153.83,97153.83,103766.94,109718.74,Surged Additional 50% Reduction,Mongolia,MNG,2021-05-03,v8,TRUE
2021-04-29,cumulative_deaths,99.31,102.73,106.53,106.53,110.33,113.75,Surged Additional 50% Reduction,Mongolia,MNG,2021-05-03,v8,TRUE
2021-04-29,Rt,1.15,1.2,1.25,1.25,1.3,1.34,Surged Additional 50% Reduction,Mongolia,MNG,2021-05-03,v8,TRUE
2021-04-29,Reff,0.93,0.96,1,1,1.03,1.07,Surged Additional 50% Reduction,Mongolia,MNG,2021-05-03,v8,TRUE
2021-04-29,deaths,5.91,6.27,6.67,6.67,7.07,7.43,Surged Maintain Status Quo,Mongolia,MNG,2021-05-03,v8,TRUE
2021-04-29,hospital_demand,251.34,270.76,292.34,292.34,313.92,333.34,Surged Maintain Status Quo,Mongolia,MNG,2021-05-03,v8,TRUE
2021-04-29,ICU_demand,91.44,97.83,104.93,104.93,112.03,118.42,Surged Maintain Status Quo,Mongolia,MNG,2021-05-03,v8,TRUE
2021-04-29,infections,3421.56,3941.75,4519.74,4519.74,5097.73,5617.93,Surged Maintain Status Quo,Mongolia,MNG,2021-05-03,v8,TRUE
2021-04-29,prevalence,23255.26,26793.94,30725.8,30725.8,34657.66,38196.33,Surged Maintain Status Quo,Mongolia,MNG,2021-05-03,v8,TRUE
2021-04-29,cumulative_infections,84588.91,90540.71,97153.83,97153.83,103766.94,109718.74,Surged Maintain Status Quo,Mongolia,MNG,2021-05-03,v8,TRUE
2021-04-29,cumulative_deaths,99.31,102.73,106.53,106.53,110.33,113.75,Surged Maintain Status Quo,Mongolia,MNG,2021-05-03,v8,TRUE
2021-04-29,Rt,1.15,1.2,1.25,1.25,1.3,1.34,Surged Maintain Status Quo,Mongolia,MNG,2021-05-03,v8,TRUE
2021-04-29,Reff,0.93,0.96,1,1,1.03,1.07,Surged Maintain Status Quo,Mongolia,MNG,2021-05-03,v8,TRUE
2021-04-29,deaths,5.91,6.27,6.67,6.67,7.07,7.43,Surged Relax Interventions 50%,Mongolia,MNG,2021-05-03,v8,TRUE
2021-04-29,hospital_demand,251.34,270.76,292.34,292.34,313.92,333.34,Surged Relax Interventions 50%,Mongolia,MNG,2021-05-03,v8,TRUE
2021-04-29,ICU_demand,91.44,97.83,104.93,104.93,112.03,118.42,Surged Relax Interventions 50%,Mongolia,MNG,2021-05-03,v8,TRUE
2021-04-29,infections,3421.56,3941.75,4519.74,4519.74,5097.73,5617.93,Surged Relax Interventions 50%,Mongolia,MNG,2021-05-03,v8,TRUE
2021-04-29,prevalence,23255.26,26793.94,30725.8,30725.8,34657.66,38196.33,Surged Relax Interventions 50%,Mongolia,MNG,2021-05-03,v8,TRUE
2021-04-29,cumulative_infections,84588.91,90540.71,97153.83,97153.83,103766.94,109718.74,Surged Relax Interventions 50%,Mongolia,MNG,2021-05-03,v8,TRUE
2021-04-29,cumulative_deaths,99.31,102.73,106.53,106.53,110.33,113.75,Surged Relax Interventions 50%,Mongolia,MNG,2021-05-03,v8,TRUE
2021-04-29,Rt,1.15,1.2,1.25,1.25,1.3,1.34,Surged Relax Interventions 50%,Mongolia,MNG,2021-05-03,v8,TRUE
2021-04-29,Reff,0.93,0.96,1,1,1.03,1.07,Surged Relax Interventions 50%,Mongolia,MNG,2021-05-03,v8,TRUE
2021-04-30,deaths,5.95,6.34,6.77,6.77,7.2,7.59,Additional 50% Reduction,Mongolia,MNG,2021-05-03,v8,TRUE
2021-04-30,hospital_demand,251.87,272.71,295.86,295.86,319.02,339.85,Additional 50% Reduction,Mongolia,MNG,2021-05-03,v8,TRUE
2021-04-30,ICU_demand,92.07,98.94,106.58,106.58,114.21,121.08,Additional 50% Reduction,Mongolia,MNG,2021-05-03,v8,TRUE
2021-04-30,infections,3401.81,3946.69,4552.11,4552.11,5157.53,5702.42,Additional 50% Reduction,Mongolia,MNG,2021-05-03,v8,TRUE
2021-04-30,prevalence,23134.2,26839.39,30956.26,30956.26,35073.13,38778.32,Additional 50% Reduction,Mongolia,MNG,2021-05-03,v8,TRUE
2021-04-30,cumulative_infections,87990.72,94487.4,101705.94,101705.94,108924.47,115421.16,Additional 50% Reduction,Mongolia,MNG,2021-05-03,v8,TRUE
2021-04-30,cumulative_deaths,105.26,109.07,113.3,113.3,117.53,121.34,Additional 50% Reduction,Mongolia,MNG,2021-05-03,v8,TRUE
2021-04-30,Rt,1.19,1.24,1.29,1.29,1.34,1.38,Additional 50% Reduction,Mongolia,MNG,2021-05-03,v8,TRUE
2021-04-30,Reff,1.02,1.05,1.09,1.09,1.13,1.16,Additional 50% Reduction,Mongolia,MNG,2021-05-03,v8,TRUE
2021-04-30,deaths,5.95,6.34,6.77,6.77,7.2,7.59,Maintain Status Quo,Mongolia,MNG,2021-05-03,v8,TRUE
2021-04-30,hospital_demand,251.87,272.71,295.86,295.86,319.02,339.85,Maintain Status Quo,Mongolia,MNG,2021-05-03,v8,TRUE
2021-04-30,ICU_demand,92.07,98.94,106.58,106.58,114.21,121.08,Maintain Status Quo,Mongolia,MNG,2021-05-03,v8,TRUE
2021-04-30,infections,3401.81,3946.69,4552.11,4552.11,5157.53,5702.42,Maintain Status Quo,Mongolia,MNG,2021-05-03,v8,TRUE
2021-04-30,prevalence,23134.2,26839.39,30956.26,30956.26,35073.13,38778.32,Maintain Status Quo,Mongolia,MNG,2021-05-03,v8,TRUE
2021-04-30,cumulative_infections,87990.72,94487.4,101705.94,101705.94,108924.47,115421.16,Maintain Status Quo,Mongolia,MNG,2021-05-03,v8,TRUE
2021-04-30,cumulative_deaths,105.26,109.07,113.3,113.3,117.53,121.34,Maintain Status Quo,Mongolia,MNG,2021-05-03,v8,TRUE
2021-04-30,Rt,1.19,1.24,1.29,1.29,1.34,1.38,Maintain Status Quo,Mongolia,MNG,2021-05-03,v8,TRUE
2021-04-30,Reff,1.02,1.05,1.09,1.09,1.13,1.16,Maintain Status Quo,Mongolia,MNG,2021-05-03,v8,TRUE
2021-04-30,deaths,5.95,6.34,6.77,6.77,7.2,7.59,Relax Interventions 50%,Mongolia,MNG,2021-05-03,v8,TRUE
2021-04-30,hospital_demand,251.87,272.71,295.86,295.86,319.02,339.85,Relax Interventions 50%,Mongolia,MNG,2021-05-03,v8,TRUE
2021-04-30,ICU_demand,92.07,98.94,106.58,106.58,114.21,121.08,Relax Interventions 50%,Mongolia,MNG,2021-05-03,v8,TRUE
2021-04-30,infections,3401.81,3946.69,4552.11,4552.11,5157.53,5702.42,Relax Interventions 50%,Mongolia,MNG,2021-05-03,v8,TRUE
2021-04-30,prevalence,23134.2,26839.39,30956.26,30956.26,35073.13,38778.32,Relax Interventions 50%,Mongolia,MNG,2021-05-03,v8,TRUE
2021-04-30,cumulative_infections,87990.72,94487.4,101705.94,101705.94,108924.47,115421.16,Relax Interventions 50%,Mongolia,MNG,2021-05-03,v8,TRUE
2021-04-30,cumulative_deaths,105.26,109.07,113.3,113.3,117.53,121.34,Relax Interventions 50%,Mongolia,MNG,2021-05-03,v8,TRUE
2021-04-30,Rt,1.19,1.24,1.29,1.29,1.34,1.38,Relax Interventions 50%,Mongolia,MNG,2021-05-03,v8,TRUE
2021-04-30,Reff,1.02,1.05,1.09,1.09,1.13,1.16,Relax Interventions 50%,Mongolia,MNG,2021-05-03,v8,TRUE
2021-04-30,deaths,5.95,6.34,6.77,6.77,7.2,7.59,Surged Additional 50% Reduction,Mongolia,MNG,2021-05-03,v8,TRUE
2021-04-30,hospital_demand,251.87,272.71,295.86,295.86,319.02,339.85,Surged Additional 50% Reduction,Mongolia,MNG,2021-05-03,v8,TRUE
2021-04-30,ICU_demand,92.07,98.94,106.58,106.58,114.21,121.08,Surged Additional 50% Reduction,Mongolia,MNG,2021-05-03,v8,TRUE
2021-04-30,infections,3401.81,3946.69,4552.11,4552.11,5157.53,5702.42,Surged Additional 50% Reduction,Mongolia,MNG,2021-05-03,v8,TRUE
2021-04-30,prevalence,23134.2,26839.39,30956.26,30956.26,35073.13,38778.32,Surged Additional 50% Reduction,Mongolia,MNG,2021-05-03,v8,TRUE
2021-04-30,cumulative_infections,87990.72,94487.4,101705.94,101705.94,108924.47,115421.16,Surged Additional 50% Reduction,Mongolia,MNG,2021-05-03,v8,TRUE
2021-04-30,cumulative_deaths,105.26,109.07,113.3,113.3,117.53,121.34,Surged Additional 50% Reduction,Mongolia,MNG,2021-05-03,v8,TRUE
2021-04-30,Rt,1.19,1.24,1.29,1.29,1.34,1.38,Surged Additional 50% Reduction,Mongolia,MNG,2021-05-03,v8,TRUE
2021-04-30,Reff,0.96,0.99,1.03,1.03,1.06,1.09,Surged Additional 50% Reduction,Mongolia,MNG,2021-05-03,v8,TRUE
2021-04-30,deaths,5.95,6.34,6.77,6.77,7.2,7.59,Surged Maintain Status Quo,Mongolia,MNG,2021-05-03,v8,TRUE
2021-04-30,hospital_demand,251.87,272.71,295.86,295.86,319.02,339.85,Surged Maintain Status Quo,Mongolia,MNG,2021-05-03,v8,TRUE
2021-04-30,ICU_demand,92.07,98.94,106.58,106.58,114.21,121.08,Surged Maintain Status Quo,Mongolia,MNG,2021-05-03,v8,TRUE
2021-04-30,infections,3401.81,3946.69,4552.11,4552.11,5157.53,5702.42,Surged Maintain Status Quo,Mongolia,MNG,2021-05-03,v8,TRUE
2021-04-30,prevalence,23134.2,26839.39,30956.26,30956.26,35073.13,38778.32,Surged Maintain Status Quo,Mongolia,MNG,2021-05-03,v8,TRUE
2021-04-30,cumulative_infections,87990.72,94487.4,101705.94,101705.94,108924.47,115421.16,Surged Maintain Status Quo,Mongolia,MNG,2021-05-03,v8,TRUE
2021-04-30,cumulative_deaths,105.26,109.07,113.3,113.3,117.53,121.34,Surged Maintain Status Quo,Mongolia,MNG,2021-05-03,v8,TRUE
2021-04-30,Rt,1.19,1.24,1.29,1.29,1.34,1.38,Surged Maintain Status Quo,Mongolia,MNG,2021-05-03,v8,TRUE
2021-04-30,Reff,0.96,0.99,1.03,1.03,1.06,1.09,Surged Maintain Status Quo,Mongolia,MNG,2021-05-03,v8,TRUE
2021-04-30,deaths,5.95,6.34,6.77,6.77,7.2,7.59,Surged Relax Interventions 50%,Mongolia,MNG,2021-05-03,v8,TRUE
2021-04-30,hospital_demand,251.87,272.71,295.86,295.86,319.02,339.85,Surged Relax Interventions 50%,Mongolia,MNG,2021-05-03,v8,TRUE
2021-04-30,ICU_demand,92.07,98.94,106.58,106.58,114.21,121.08,Surged Relax Interventions 50%,Mongolia,MNG,2021-05-03,v8,TRUE
2021-04-30,infections,3401.81,3946.69,4552.11,4552.11,5157.53,5702.42,Surged Relax Interventions 50%,Mongolia,MNG,2021-05-03,v8,TRUE
2021-04-30,prevalence,23134.2,26839.39,30956.26,30956.26,35073.13,38778.32,Surged Relax Interventions 50%,Mongolia,MNG,2021-05-03,v8,TRUE
2021-04-30,cumulative_infections,87990.72,94487.4,101705.94,101705.94,108924.47,115421.16,Surged Relax Interventions 50%,Mongolia,MNG,2021-05-03,v8,TRUE
2021-04-30,cumulative_deaths,105.26,109.07,113.3,113.3,117.53,121.34,Surged Relax Interventions 50%,Mongolia,MNG,2021-05-03,v8,TRUE
2021-04-30,Rt,1.19,1.24,1.29,1.29,1.34,1.38,Surged Relax Interventions 50%,Mongolia,MNG,2021-05-03,v8,TRUE
2021-04-30,Reff,0.96,0.99,1.03,1.03,1.06,1.09,Surged Relax Interventions 50%,Mongolia,MNG,2021-05-03,v8,TRUE
2021-05-01,deaths,5.97,6.39,6.85,6.85,7.32,7.73,Additional 50% Reduction,Mongolia,MNG,2021-05-03,v8,TRUE
2021-05-01,hospital_demand,251.8,274.05,298.77,298.77,323.48,345.73,Additional 50% Reduction,Mongolia,MNG,2021-05-03,v8,TRUE
2021-05-01,ICU_demand,92.46,99.81,107.98,107.98,116.15,123.5,Additional 50% Reduction,Mongolia,MNG,2021-05-03,v8,TRUE
2021-05-01,infections,3387.2,3957.44,4591.04,4591.04,5224.64,5794.89,Additional 50% Reduction,Mongolia,MNG,2021-05-03,v8,TRUE
2021-05-01,prevalence,23112.64,26998.52,31316.17,31316.17,35633.81,39519.69,Additional 50% Reduction,Mongolia,MNG,2021-05-03,v8,TRUE
2021-05-01,cumulative_infections,91377.92,98444.84,106296.98,106296.98,114149.12,121216.04,Additional 50% Reduction,Mongolia,MNG,2021-05-03,v8,TRUE
2021-05-01,cumulative_deaths,111.24,115.46,120.16,120.16,124.85,129.08,Additional 50% Reduction,Mongolia,MNG,2021-05-03,v8,TRUE
2021-05-01,Rt,1.39,1.44,1.49,1.49,1.54,1.58,Additional 50% Reduction,Mongolia,MNG,2021-05-03,v8,TRUE
2021-05-01,Reff,1.19,1.22,1.25,1.25,1.29,1.32,Additional 50% Reduction,Mongolia,MNG,2021-05-03,v8,TRUE
2021-05-01,deaths,5.97,6.39,6.85,6.85,7.32,7.73,Maintain Status Quo,Mongolia,MNG,2021-05-03,v8,TRUE
2021-05-01,hospital_demand,251.8,274.05,298.77,298.77,323.48,345.73,Maintain Status Quo,Mongolia,MNG,2021-05-03,v8,TRUE
2021-05-01,ICU_demand,92.46,99.81,107.98,107.98,116.15,123.5,Maintain Status Quo,Mongolia,MNG,2021-05-03,v8,TRUE
2021-05-01,infections,3387.2,3957.44,4591.04,4591.04,5224.64,5794.89,Maintain Status Quo,Mongolia,MNG,2021-05-03,v8,TRUE
2021-05-01,prevalence,23112.64,26998.52,31316.17,31316.17,35633.81,39519.69,Maintain Status Quo,Mongolia,MNG,2021-05-03,v8,TRUE
2021-05-01,cumulative_infections,91377.92,98444.84,106296.98,106296.98,114149.12,121216.04,Maintain Status Quo,Mongolia,MNG,2021-05-03,v8,TRUE
2021-05-01,cumulative_deaths,111.24,115.46,120.16,120.16,124.85,129.08,Maintain Status Quo,Mongolia,MNG,2021-05-03,v8,TRUE
2021-05-01,Rt,1.39,1.44,1.49,1.49,1.54,1.58,Maintain Status Quo,Mongolia,MNG,2021-05-03,v8,TRUE
2021-05-01,Reff,1.19,1.22,1.25,1.25,1.29,1.32,Maintain Status Quo,Mongolia,MNG,2021-05-03,v8,TRUE
2021-05-01,deaths,5.97,6.39,6.85,6.85,7.32,7.73,Relax Interventions 50%,Mongolia,MNG,2021-05-03,v8,TRUE
2021-05-01,hospital_demand,251.8,274.05,298.77,298.77,323.48,345.73,Relax Interventions 50%,Mongolia,MNG,2021-05-03,v8,TRUE
2021-05-01,ICU_demand,92.46,99.81,107.98,107.98,116.15,123.5,Relax Interventions 50%,Mongolia,MNG,2021-05-03,v8,TRUE
2021-05-01,infections,3387.2,3957.44,4591.04,4591.04,5224.64,5794.89,Relax Interventions 50%,Mongolia,MNG,2021-05-03,v8,TRUE
2021-05-01,prevalence,23112.64,26998.52,31316.17,31316.17,35633.81,39519.69,Relax Interventions 50%,Mongolia,MNG,2021-05-03,v8,TRUE
2021-05-01,cumulative_infections,91377.92,98444.84,106296.98,106296.98,114149.12,121216.04,Relax Interventions 50%,Mongolia,MNG,2021-05-03,v8,TRUE
2021-05-01,cumulative_deaths,111.24,115.46,120.16,120.16,124.85,129.08,Relax Interventions 50%,Mongolia,MNG,2021-05-03,v8,TRUE
2021-05-01,Rt,1.39,1.44,1.49,1.49,1.54,1.58,Relax Interventions 50%,Mongolia,MNG,2021-05-03,v8,TRUE
2021-05-01,Reff,1.19,1.22,1.25,1.25,1.29,1.32,Relax Interventions 50%,Mongolia,MNG,2021-05-03,v8,TRUE
2021-05-01,deaths,5.97,6.39,6.85,6.85,7.32,7.73,Surged Additional 50% Reduction,Mongolia,MNG,2021-05-03,v8,TRUE
2021-05-01,hospital_demand,251.8,274.05,298.77,298.77,323.48,345.73,Surged Additional 50% Reduction,Mongolia,MNG,2021-05-03,v8,TRUE
2021-05-01,ICU_demand,92.46,99.81,107.98,107.98,116.15,123.5,Surged Additional 50% Reduction,Mongolia,MNG,2021-05-03,v8,TRUE
2021-05-01,infections,3387.2,3957.44,4591.04,4591.04,5224.64,5794.89,Surged Additional 50% Reduction,Mongolia,MNG,2021-05-03,v8,TRUE
2021-05-01,prevalence,23112.64,26998.52,31316.17,31316.17,35633.81,39519.69,Surged Additional 50% Reduction,Mongolia,MNG,2021-05-03,v8,TRUE
2021-05-01,cumulative_infections,91377.92,98444.84,106296.98,106296.98,114149.12,121216.04,Surged Additional 50% Reduction,Mongolia,MNG,2021-05-03,v8,TRUE
2021-05-01,cumulative_deaths,111.24,115.46,120.16,120.16,124.85,129.08,Surged Additional 50% Reduction,Mongolia,MNG,2021-05-03,v8,TRUE
2021-05-01,Rt,1.39,1.44,1.49,1.49,1.54,1.58,Surged Additional 50% Reduction,Mongolia,MNG,2021-05-03,v8,TRUE
2021-05-01,Reff,1.12,1.15,1.18,1.18,1.21,1.24,Surged Additional 50% Reduction,Mongolia,MNG,2021-05-03,v8,TRUE
2021-05-01,deaths,5.97,6.39,6.85,6.85,7.32,7.73,Surged Maintain Status Quo,Mongolia,MNG,2021-05-03,v8,TRUE
2021-05-01,hospital_demand,251.8,274.05,298.77,298.77,323.48,345.73,Surged Maintain Status Quo,Mongolia,MNG,2021-05-03,v8,TRUE
2021-05-01,ICU_demand,92.46,99.81,107.98,107.98,116.15,123.5,Surged Maintain Status Quo,Mongolia,MNG,2021-05-03,v8,TRUE
2021-05-01,infections,3387.2,3957.44,4591.04,4591.04,5224.64,5794.89,Surged Maintain Status Quo,Mongolia,MNG,2021-05-03,v8,TRUE
2021-05-01,prevalence,23112.64,26998.52,31316.17,31316.17,35633.81,39519.69,Surged Maintain Status Quo,Mongolia,MNG,2021-05-03,v8,TRUE
2021-05-01,cumulative_infections,91377.92,98444.84,106296.98,106296.98,114149.12,121216.04,Surged Maintain Status Quo,Mongolia,MNG,2021-05-03,v8,TRUE
2021-05-01,cumulative_deaths,111.24,115.46,120.16,120.16,124.85,129.08,Surged Maintain Status Quo,Mongolia,MNG,2021-05-03,v8,TRUE
2021-05-01,Rt,1.39,1.44,1.49,1.49,1.54,1.58,Surged Maintain Status Quo,Mongolia,MNG,2021-05-03,v8,TRUE
2021-05-01,Reff,1.12,1.15,1.18,1.18,1.21,1.24,Surged Maintain Status Quo,Mongolia,MNG,2021-05-03,v8,TRUE
2021-05-01,deaths,5.97,6.39,6.85,6.85,7.32,7.73,Surged Relax Interventions 50%,Mongolia,MNG,2021-05-03,v8,TRUE
2021-05-01,hospital_demand,251.8,274.05,298.77,298.77,323.48,345.73,Surged Relax Interventions 50%,Mongolia,MNG,2021-05-03,v8,TRUE
2021-05-01,ICU_demand,92.46,99.81,107.98,107.98,116.15,123.5,Surged Relax Interventions 50%,Mongolia,MNG,2021-05-03,v8,TRUE
2021-05-01,infections,3387.2,3957.44,4591.04,4591.04,5224.64,5794.89,Surged Relax Interventions 50%,Mongolia,MNG,2021-05-03,v8,TRUE
2021-05-01,prevalence,23112.64,26998.52,31316.17,31316.17,35633.81,39519.69,Surged Relax Interventions 50%,Mongolia,MNG,2021-05-03,v8,TRUE
2021-05-01,cumulative_infections,91377.92,98444.84,106296.98,106296.98,114149.12,121216.04,Surged Relax Interventions 50%,Mongolia,MNG,2021-05-03,v8,TRUE
2021-05-01,cumulative_deaths,111.24,115.46,120.16,120.16,124.85,129.08,Surged Relax Interventions 50%,Mongolia,MNG,2021-05-03,v8,TRUE
2021-05-01,Rt,1.39,1.44,1.49,1.49,1.54,1.58,Surged Relax Interventions 50%,Mongolia,MNG,2021-05-03,v8,TRUE
2021-05-01,Reff,1.12,1.15,1.18,1.18,1.21,1.24,Surged Relax Interventions 50%,Mongolia,MNG,2021-05-03,v8,TRUE
2021-05-02,deaths,5.98,6.42,6.92,6.92,7.41,7.86,Additional 50% Reduction,Mongolia,MNG,2021-05-03,v8,TRUE
2021-05-02,hospital_demand,251.15,274.79,301.06,301.06,327.32,350.97,Additional 50% Reduction,Mongolia,MNG,2021-05-03,v8,TRUE
2021-05-02,ICU_demand,92.62,100.45,109.15,109.15,117.85,125.68,Additional 50% Reduction,Mongolia,MNG,2021-05-03,v8,TRUE
2021-05-02,infections,3420.26,4022.65,4691.98,4691.98,5361.3,5963.7,Additional 50% Reduction,Mongolia,MNG,2021-05-03,v8,TRUE
2021-05-02,prevalence,23632.6,27780.25,32388.74,32388.74,36997.24,41144.89,Additional 50% Reduction,Mongolia,MNG,2021-05-03,v8,TRUE
2021-05-02,cumulative_infections,94798.18,102467.49,110988.96,110988.96,119510.42,127179.74,Additional 50% Reduction,Mongolia,MNG,2021-05-03,v8,TRUE
2021-05-02,cumulative_deaths,117.22,121.89,127.08,127.08,132.27,136.94,Additional 50% Reduction,Mongolia,MNG,2021-05-03,v8,TRUE
2021-05-02,Rt,1.24,1.29,1.34,1.34,1.39,1.43,Additional 50% Reduction,Mongolia,MNG,2021-05-03,v8,TRUE
2021-05-02,Reff,1.05,1.09,1.12,1.12,1.16,1.19,Additional 50% Reduction,Mongolia,MNG,2021-05-03,v8,TRUE
2021-05-02,deaths,5.98,6.42,6.92,6.92,7.41,7.86,Maintain Status Quo,Mongolia,MNG,2021-05-03,v8,TRUE
2021-05-02,hospital_demand,251.15,274.79,301.06,301.06,327.32,350.97,Maintain Status Quo,Mongolia,MNG,2021-05-03,v8,TRUE
2021-05-02,ICU_demand,92.62,100.45,109.15,109.15,117.85,125.68,Maintain Status Quo,Mongolia,MNG,2021-05-03,v8,TRUE
2021-05-02,infections,3420.26,4022.65,4691.98,4691.98,5361.3,5963.7,Maintain Status Quo,Mongolia,MNG,2021-05-03,v8,TRUE
2021-05-02,prevalence,23632.6,27780.25,32388.74,32388.74,36997.24,41144.89,Maintain Status Quo,Mongolia,MNG,2021-05-03,v8,TRUE
2021-05-02,cumulative_infections,94798.18,102467.49,110988.96,110988.96,119510.42,127179.74,Maintain Status Quo,Mongolia,MNG,2021-05-03,v8,TRUE
2021-05-02,cumulative_deaths,117.22,121.89,127.08,127.08,132.27,136.94,Maintain Status Quo,Mongolia,MNG,2021-05-03,v8,TRUE
2021-05-02,Rt,1.24,1.29,1.34,1.34,1.39,1.43,Maintain Status Quo,Mongolia,MNG,2021-05-03,v8,TRUE
2021-05-02,Reff,1.05,1.09,1.12,1.12,1.16,1.19,Maintain Status Quo,Mongolia,MNG,2021-05-03,v8,TRUE
2021-05-02,deaths,5.98,6.42,6.92,6.92,7.41,7.86,Relax Interventions 50%,Mongolia,MNG,2021-05-03,v8,TRUE
2021-05-02,hospital_demand,251.15,274.79,301.06,301.06,327.32,350.97,Relax Interventions 50%,Mongolia,MNG,2021-05-03,v8,TRUE
2021-05-02,ICU_demand,92.62,100.45,109.15,109.15,117.85,125.68,Relax Interventions 50%,Mongolia,MNG,2021-05-03,v8,TRUE
2021-05-02,infections,3420.26,4022.65,4691.98,4691.98,5361.3,5963.7,Relax Interventions 50%,Mongolia,MNG,2021-05-03,v8,TRUE
2021-05-02,prevalence,23632.6,27780.25,32388.74,32388.74,36997.24,41144.89,Relax Interventions 50%,Mongolia,MNG,2021-05-03,v8,TRUE
2021-05-02,cumulative_infections,94798.18,102467.49,110988.96,110988.96,119510.42,127179.74,Relax Interventions 50%,Mongolia,MNG,2021-05-03,v8,TRUE
2021-05-02,cumulative_deaths,117.22,121.89,127.08,127.08,132.27,136.94,Relax Interventions 50%,Mongolia,MNG,2021-05-03,v8,TRUE
2021-05-02,Rt,1.24,1.29,1.34,1.34,1.39,1.43,Relax Interventions 50%,Mongolia,MNG,2021-05-03,v8,TRUE
2021-05-02,Reff,1.05,1.09,1.12,1.12,1.16,1.19,Relax Interventions 50%,Mongolia,MNG,2021-05-03,v8,TRUE
2021-05-02,deaths,5.98,6.42,6.92,6.92,7.41,7.86,Surged Additional 50% Reduction,Mongolia,MNG,2021-05-03,v8,TRUE
2021-05-02,hospital_demand,251.15,274.79,301.06,301.06,327.32,350.97,Surged Additional 50% Reduction,Mongolia,MNG,2021-05-03,v8,TRUE
2021-05-02,ICU_demand,92.62,100.45,109.15,109.15,117.85,125.68,Surged Additional 50% Reduction,Mongolia,MNG,2021-05-03,v8,TRUE
2021-05-02,infections,3420.26,4022.65,4691.98,4691.98,5361.3,5963.7,Surged Additional 50% Reduction,Mongolia,MNG,2021-05-03,v8,TRUE
2021-05-02,prevalence,23632.6,27780.25,32388.74,32388.74,36997.24,41144.89,Surged Additional 50% Reduction,Mongolia,MNG,2021-05-03,v8,TRUE
2021-05-02,cumulative_infections,94798.18,102467.49,110988.96,110988.96,119510.42,127179.74,Surged Additional 50% Reduction,Mongolia,MNG,2021-05-03,v8,TRUE
2021-05-02,cumulative_deaths,117.22,121.89,127.08,127.08,132.27,136.94,Surged Additional 50% Reduction,Mongolia,MNG,2021-05-03,v8,TRUE
2021-05-02,Rt,1.24,1.29,1.34,1.34,1.39,1.43,Surged Additional 50% Reduction,Mongolia,MNG,2021-05-03,v8,TRUE
2021-05-02,Reff,0.99,1.02,1.06,1.06,1.09,1.12,Surged Additional 50% Reduction,Mongolia,MNG,2021-05-03,v8,TRUE
2021-05-02,deaths,5.98,6.42,6.92,6.92,7.41,7.86,Surged Maintain Status Quo,Mongolia,MNG,2021-05-03,v8,TRUE
2021-05-02,hospital_demand,251.15,274.79,301.06,301.06,327.32,350.97,Surged Maintain Status Quo,Mongolia,MNG,2021-05-03,v8,TRUE
2021-05-02,ICU_demand,92.62,100.45,109.15,109.15,117.85,125.68,Surged Maintain Status Quo,Mongolia,MNG,2021-05-03,v8,TRUE
2021-05-02,infections,3420.26,4022.65,4691.98,4691.98,5361.3,5963.7,Surged Maintain Status Quo,Mongolia,MNG,2021-05-03,v8,TRUE
2021-05-02,prevalence,23632.6,27780.25,32388.74,32388.74,36997.24,41144.89,Surged Maintain Status Quo,Mongolia,MNG,2021-05-03,v8,TRUE
2021-05-02,cumulative_infections,94798.18,102467.49,110988.96,110988.96,119510.42,127179.74,Surged Maintain Status Quo,Mongolia,MNG,2021-05-03,v8,TRUE
2021-05-02,cumulative_deaths,117.22,121.89,127.08,127.08,132.27,136.94,Surged Maintain Status Quo,Mongolia,MNG,2021-05-03,v8,TRUE
2021-05-02,Rt,1.24,1.29,1.34,1.34,1.39,1.43,Surged Maintain Status Quo,Mongolia,MNG,2021-05-03,v8,TRUE
2021-05-02,Reff,0.99,1.02,1.06,1.06,1.09,1.12,Surged Maintain Status Quo,Mongolia,MNG,2021-05-03,v8,TRUE
2021-05-02,deaths,5.98,6.42,6.92,6.92,7.41,7.86,Surged Relax Interventions 50%,Mongolia,MNG,2021-05-03,v8,TRUE
2021-05-02,hospital_demand,251.15,274.79,301.06,301.06,327.32,350.97,Surged Relax Interventions 50%,Mongolia,MNG,2021-05-03,v8,TRUE
2021-05-02,ICU_demand,92.62,100.45,109.15,109.15,117.85,125.68,Surged Relax Interventions 50%,Mongolia,MNG,2021-05-03,v8,TRUE
2021-05-02,infections,3420.26,4022.65,4691.98,4691.98,5361.3,5963.7,Surged Relax Interventions 50%,Mongolia,MNG,2021-05-03,v8,TRUE
2021-05-02,prevalence,23632.6,27780.25,32388.74,32388.74,36997.24,41144.89,Surged Relax Interventions 50%,Mongolia,MNG,2021-05-03,v8,TRUE
2021-05-02,cumulative_infections,94798.18,102467.49,110988.96,110988.96,119510.42,127179.74,Surged Relax Interventions 50%,Mongolia,MNG,2021-05-03,v8,TRUE
2021-05-02,cumulative_deaths,117.22,121.89,127.08,127.08,132.27,136.94,Surged Relax Interventions 50%,Mongolia,MNG,2021-05-03,v8,TRUE
2021-05-02,Rt,1.24,1.29,1.34,1.34,1.39,1.43,Surged Relax Interventions 50%,Mongolia,MNG,2021-05-03,v8,TRUE
2021-05-02,Reff,0.99,1.02,1.06,1.06,1.09,1.12,Surged Relax Interventions 50%,Mongolia,MNG,2021-05-03,v8,TRUE
2021-05-03,deaths,5.96,6.44,6.96,6.96,7.49,7.97,Additional 50% Reduction,Mongolia,MNG,2021-05-03,v8,TRUE
2021-05-03,hospital_demand,249.99,275,302.8,302.8,330.59,355.61,Additional 50% Reduction,Mongolia,MNG,2021-05-03,v8,TRUE
2021-05-03,ICU_demand,92.57,100.87,110.1,110.1,119.32,127.63,Additional 50% Reduction,Mongolia,MNG,2021-05-03,v8,TRUE
2021-05-03,infections,3466.21,4102.86,4810.25,4810.25,5517.64,6154.29,Additional 50% Reduction,Mongolia,MNG,2021-05-03,v8,TRUE
2021-05-03,prevalence,23722.34,28070.01,32900.76,32900.76,37731.51,42079.19,Additional 50% Reduction,Mongolia,MNG,2021-05-03,v8,TRUE
2021-05-03,cumulative_infections,98264.38,106570.35,115799.21,115799.21,125028.06,133334.03,Additional 50% Reduction,Mongolia,MNG,2021-05-03,v8,TRUE
2021-05-03,cumulative_deaths,123.18,128.32,134.04,134.04,139.76,144.9,Additional 50% Reduction,Mongolia,MNG,2021-05-03,v8,TRUE
2021-05-03,Rt,1.24,1.29,1.34,1.34,1.39,1.43,Additional 50% Reduction,Mongolia,MNG,2021-05-03,v8,TRUE
2021-05-03,Reff,1.05,1.08,1.12,1.12,1.16,1.19,Additional 50% Reduction,Mongolia,MNG,2021-05-03,v8,TRUE
2021-05-03,deaths,5.96,6.44,6.96,6.96,7.49,7.97,Maintain Status Quo,Mongolia,MNG,2021-05-03,v8,TRUE
2021-05-03,hospital_demand,249.99,275,302.8,302.8,330.59,355.61,Maintain Status Quo,Mongolia,MNG,2021-05-03,v8,TRUE
2021-05-03,ICU_demand,92.57,100.87,110.1,110.1,119.32,127.63,Maintain Status Quo,Mongolia,MNG,2021-05-03,v8,TRUE
2021-05-03,infections,3466.21,4102.86,4810.25,4810.25,5517.64,6154.29,Maintain Status Quo,Mongolia,MNG,2021-05-03,v8,TRUE
2021-05-03,prevalence,23722.34,28070.01,32900.76,32900.76,37731.51,42079.19,Maintain Status Quo,Mongolia,MNG,2021-05-03,v8,TRUE
2021-05-03,cumulative_infections,98264.38,106570.35,115799.21,115799.21,125028.06,133334.03,Maintain Status Quo,Mongolia,MNG,2021-05-03,v8,TRUE
2021-05-03,cumulative_deaths,123.18,128.32,134.04,134.04,139.76,144.9,Maintain Status Quo,Mongolia,MNG,2021-05-03,v8,TRUE
2021-05-03,Rt,1.24,1.29,1.34,1.34,1.39,1.43,Maintain Status Quo,Mongolia,MNG,2021-05-03,v8,TRUE
2021-05-03,Reff,1.05,1.08,1.12,1.12,1.16,1.19,Maintain Status Quo,Mongolia,MNG,2021-05-03,v8,TRUE
2021-05-03,deaths,5.96,6.44,6.96,6.96,7.49,7.97,Relax Interventions 50%,Mongolia,MNG,2021-05-03,v8,TRUE
2021-05-03,hospital_demand,249.99,275,302.8,302.8,330.59,355.61,Relax Interventions 50%,Mongolia,MNG,2021-05-03,v8,TRUE
2021-05-03,ICU_demand,92.57,100.87,110.1,110.1,119.32,127.63,Relax Interventions 50%,Mongolia,MNG,2021-05-03,v8,TRUE
2021-05-03,infections,3466.21,4102.86,4810.25,4810.25,5517.64,6154.29,Relax Interventions 50%,Mongolia,MNG,2021-05-03,v8,TRUE
2021-05-03,prevalence,23722.34,28070.01,32900.76,32900.76,37731.51,42079.19,Relax Interventions 50%,Mongolia,MNG,2021-05-03,v8,TRUE
2021-05-03,cumulative_infections,98264.38,106570.35,115799.21,115799.21,125028.06,133334.03,Relax Interventions 50%,Mongolia,MNG,2021-05-03,v8,TRUE
2021-05-03,cumulative_deaths,123.18,128.32,134.04,134.04,139.76,144.9,Relax Interventions 50%,Mongolia,MNG,2021-05-03,v8,TRUE
2021-05-03,Rt,1.24,1.29,1.34,1.34,1.39,1.43,Relax Interventions 50%,Mongolia,MNG,2021-05-03,v8,TRUE
2021-05-03,Reff,1.05,1.08,1.12,1.12,1.16,1.19,Relax Interventions 50%,Mongolia,MNG,2021-05-03,v8,TRUE
2021-05-03,deaths,5.96,6.44,6.96,6.96,7.49,7.97,Surged Additional 50% Reduction,Mongolia,MNG,2021-05-03,v8,TRUE
2021-05-03,hospital_demand,249.99,275,302.8,302.8,330.59,355.61,Surged Additional 50% Reduction,Mongolia,MNG,2021-05-03,v8,TRUE
2021-05-03,ICU_demand,92.57,100.87,110.1,110.1,119.32,127.63,Surged Additional 50% Reduction,Mongolia,MNG,2021-05-03,v8,TRUE
2021-05-03,infections,3466.21,4102.86,4810.25,4810.25,5517.64,6154.29,Surged Additional 50% Reduction,Mongolia,MNG,2021-05-03,v8,TRUE
2021-05-03,prevalence,23722.34,28070.01,32900.76,32900.76,37731.51,42079.19,Surged Additional 50% Reduction,Mongolia,MNG,2021-05-03,v8,TRUE
2021-05-03,cumulative_infections,98264.38,106570.35,115799.21,115799.21,125028.06,133334.03,Surged Additional 50% Reduction,Mongolia,MNG,2021-05-03,v8,TRUE
2021-05-03,cumulative_deaths,123.18,128.32,134.04,134.04,139.76,144.9,Surged Additional 50% Reduction,Mongolia,MNG,2021-05-03,v8,TRUE
2021-05-03,Rt,1.24,1.29,1.34,1.34,1.39,1.43,Surged Additional 50% Reduction,Mongolia,MNG,2021-05-03,v8,TRUE
2021-05-03,Reff,0.99,1.02,1.05,1.05,1.09,1.12,Surged Additional 50% Reduction,Mongolia,MNG,2021-05-03,v8,TRUE
2021-05-03,deaths,5.96,6.44,6.96,6.96,7.49,7.97,Surged Maintain Status Quo,Mongolia,MNG,2021-05-03,v8,TRUE
2021-05-03,hospital_demand,249.99,275,302.8,302.8,330.59,355.61,Surged Maintain Status Quo,Mongolia,MNG,2021-05-03,v8,TRUE
2021-05-03,ICU_demand,92.57,100.87,110.1,110.1,119.32,127.63,Surged Maintain Status Quo,Mongolia,MNG,2021-05-03,v8,TRUE
2021-05-03,infections,3466.21,4102.86,4810.25,4810.25,5517.64,6154.29,Surged Maintain Status Quo,Mongolia,MNG,2021-05-03,v8,TRUE
2021-05-03,prevalence,23722.34,28070.01,32900.76,32900.76,37731.51,42079.19,Surged Maintain Status Quo,Mongolia,MNG,2021-05-03,v8,TRUE
2021-05-03,cumulative_infections,98264.38,106570.35,115799.21,115799.21,125028.06,133334.03,Surged Maintain Status Quo,Mongolia,MNG,2021-05-03,v8,TRUE
2021-05-03,cumulative_deaths,123.18,128.32,134.04,134.04,139.76,144.9,Surged Maintain Status Quo,Mongolia,MNG,2021-05-03,v8,TRUE
2021-05-03,Rt,1.24,1.29,1.34,1.34,1.39,1.43,Surged Maintain Status Quo,Mongolia,MNG,2021-05-03,v8,TRUE
2021-05-03,Reff,0.99,1.02,1.05,1.05,1.09,1.12,Surged Maintain Status Quo,Mongolia,MNG,2021-05-03,v8,TRUE
2021-05-03,deaths,5.96,6.44,6.96,6.96,7.49,7.97,Surged Relax Interventions 50%,Mongolia,MNG,2021-05-03,v8,TRUE
2021-05-03,hospital_demand,249.99,275,302.8,302.8,330.59,355.61,Surged Relax Interventions 50%,Mongolia,MNG,2021-05-03,v8,TRUE
2021-05-03,ICU_demand,92.57,100.87,110.1,110.1,119.32,127.63,Surged Relax Interventions 50%,Mongolia,MNG,2021-05-03,v8,TRUE
2021-05-03,infections,3466.21,4102.86,4810.25,4810.25,5517.64,6154.29,Surged Relax Interventions 50%,Mongolia,MNG,2021-05-03,v8,TRUE
2021-05-03,prevalence,23722.34,28070.01,32900.76,32900.76,37731.51,42079.19,Surged Relax Interventions 50%,Mongolia,MNG,2021-05-03,v8,TRUE
2021-05-03,cumulative_infections,98264.38,106570.35,115799.21,115799.21,125028.06,133334.03,Surged Relax Interventions 50%,Mongolia,MNG,2021-05-03,v8,TRUE
2021-05-03,cumulative_deaths,123.18,128.32,134.04,134.04,139.76,144.9,Surged Relax Interventions 50%,Mongolia,MNG,2021-05-03,v8,TRUE
2021-05-03,Rt,1.24,1.29,1.34,1.34,1.39,1.43,Surged Relax Interventions 50%,Mongolia,MNG,2021-05-03,v8,TRUE
2021-05-03,Reff,0.99,1.02,1.05,1.05,1.09,1.12,Surged Relax Interventions 50%,Mongolia,MNG,2021-05-03,v8,TRUE
2021-05-04,deaths,5.93,6.44,6.99,6.99,7.55,8.06,Additional 50% Reduction,Mongolia,MNG,2021-05-03,v8,TRUE
2021-05-04,hospital_demand,248.43,274.81,304.12,304.12,333.43,359.81,Additional 50% Reduction,Mongolia,MNG,2021-05-03,v8,TRUE
2021-05-04,ICU_demand,92.34,101.12,110.86,110.86,120.61,129.38,Additional 50% Reduction,Mongolia,MNG,2021-05-03,v8,TRUE
2021-05-04,infections,3370.55,4011.94,4724.6,4724.6,5437.26,6078.65,Additional 50% Reduction,Mongolia,MNG,2021-05-03,v8,TRUE
2021-05-04,prevalence,22112.34,26285.28,30921.87,30921.87,35558.46,39731.39,Additional 50% Reduction,Mongolia,MNG,2021-05-03,v8,TRUE
2021-05-04,cumulative_infections,101634.93,110582.29,120523.81,120523.81,130465.32,139412.68,Additional 50% Reduction,Mongolia,MNG,2021-05-03,v8,TRUE
2021-05-04,cumulative_deaths,129.11,134.76,141.03,141.03,147.31,152.96,Additional 50% Reduction,Mongolia,MNG,2021-05-03,v8,TRUE
2021-05-04,Rt,1.24,1.29,1.34,1.34,1.39,1.43,Additional 50% Reduction,Mongolia,MNG,2021-05-03,v8,TRUE
2021-05-04,Reff,1.05,1.08,1.12,1.12,1.15,1.19,Additional 50% Reduction,Mongolia,MNG,2021-05-03,v8,TRUE
2021-05-04,deaths,5.93,6.44,6.99,6.99,7.55,8.06,Maintain Status Quo,Mongolia,MNG,2021-05-03,v8,TRUE
2021-05-04,hospital_demand,248.44,274.82,304.12,304.12,333.43,359.81,Maintain Status Quo,Mongolia,MNG,2021-05-03,v8,TRUE
2021-05-04,ICU_demand,92.34,101.12,110.86,110.86,120.61,129.39,Maintain Status Quo,Mongolia,MNG,2021-05-03,v8,TRUE
2021-05-04,infections,3500.1,4170.51,4915.41,4915.41,5660.31,6330.72,Maintain Status Quo,Mongolia,MNG,2021-05-03,v8,TRUE
2021-05-04,prevalence,23931.42,28513.88,33605.5,33605.5,38697.13,43279.59,Maintain Status Quo,Mongolia,MNG,2021-05-03,v8,TRUE
2021-05-04,cumulative_infections,101764.48,110740.86,120714.62,120714.62,130688.37,139664.75,Maintain Status Quo,Mongolia,MNG,2021-05-03,v8,TRUE
2021-05-04,cumulative_deaths,129.11,134.76,141.03,141.03,147.31,152.96,Maintain Status Quo,Mongolia,MNG,2021-05-03,v8,TRUE
2021-05-04,Rt,1.24,1.29,1.34,1.34,1.39,1.43,Maintain Status Quo,Mongolia,MNG,2021-05-03,v8,TRUE
2021-05-04,Reff,1.05,1.08,1.12,1.12,1.15,1.18,Maintain Status Quo,Mongolia,MNG,2021-05-03,v8,TRUE
2021-05-04,deaths,5.93,6.44,6.99,6.99,7.55,8.06,Relax Interventions 50%,Mongolia,MNG,2021-05-03,v8,TRUE
2021-05-04,hospital_demand,248.44,274.82,304.13,304.13,333.44,359.82,Relax Interventions 50%,Mongolia,MNG,2021-05-03,v8,TRUE
2021-05-04,ICU_demand,92.34,101.12,110.87,110.87,120.61,129.39,Relax Interventions 50%,Mongolia,MNG,2021-05-03,v8,TRUE
2021-05-04,infections,3629.77,4329.21,5106.35,5106.35,5883.5,6582.93,Relax Interventions 50%,Mongolia,MNG,2021-05-03,v8,TRUE
2021-05-04,prevalence,25754.64,30747.29,36294.68,36294.68,41842.07,46834.72,Relax Interventions 50%,Mongolia,MNG,2021-05-03,v8,TRUE
2021-05-04,cumulative_infections,101894.15,110899.56,120905.56,120905.56,130911.56,139916.97,Relax Interventions 50%,Mongolia,MNG,2021-05-03,v8,TRUE
2021-05-04,cumulative_deaths,129.11,134.76,141.03,141.03,147.31,152.96,Relax Interventions 50%,Mongolia,MNG,2021-05-03,v8,TRUE
2021-05-04,Rt,1.24,1.29,1.34,1.34,1.39,1.43,Relax Interventions 50%,Mongolia,MNG,2021-05-03,v8,TRUE
2021-05-04,Reff,1.05,1.08,1.12,1.12,1.15,1.18,Relax Interventions 50%,Mongolia,MNG,2021-05-03,v8,TRUE
2021-05-04,deaths,5.93,6.44,6.99,6.99,7.55,8.06,Surged Additional 50% Reduction,Mongolia,MNG,2021-05-03,v8,TRUE
2021-05-04,hospital_demand,248.43,274.81,304.12,304.12,333.43,359.81,Surged Additional 50% Reduction,Mongolia,MNG,2021-05-03,v8,TRUE
2021-05-04,ICU_demand,92.34,101.12,110.86,110.86,120.61,129.38,Surged Additional 50% Reduction,Mongolia,MNG,2021-05-03,v8,TRUE
2021-05-04,infections,3370.55,4011.94,4724.6,4724.6,5437.26,6078.65,Surged Additional 50% Reduction,Mongolia,MNG,2021-05-03,v8,TRUE
2021-05-04,prevalence,22112.34,26285.28,30921.87,30921.87,35558.46,39731.39,Surged Additional 50% Reduction,Mongolia,MNG,2021-05-03,v8,TRUE
2021-05-04,cumulative_infections,101634.93,110582.29,120523.81,120523.81,130465.32,139412.68,Surged Additional 50% Reduction,Mongolia,MNG,2021-05-03,v8,TRUE
2021-05-04,cumulative_deaths,129.11,134.76,141.03,141.03,147.31,152.96,Surged Additional 50% Reduction,Mongolia,MNG,2021-05-03,v8,TRUE
2021-05-04,Rt,1.24,1.29,1.34,1.34,1.39,1.43,Surged Additional 50% Reduction,Mongolia,MNG,2021-05-03,v8,TRUE
2021-05-04,Reff,0.99,1.02,1.05,1.05,1.08,1.11,Surged Additional 50% Reduction,Mongolia,MNG,2021-05-03,v8,TRUE
2021-05-04,deaths,5.93,6.44,6.99,6.99,7.55,8.06,Surged Maintain Status Quo,Mongolia,MNG,2021-05-03,v8,TRUE
2021-05-04,hospital_demand,248.44,274.82,304.12,304.12,333.43,359.81,Surged Maintain Status Quo,Mongolia,MNG,2021-05-03,v8,TRUE
2021-05-04,ICU_demand,92.34,101.12,110.86,110.86,120.61,129.39,Surged Maintain Status Quo,Mongolia,MNG,2021-05-03,v8,TRUE
2021-05-04,infections,3500.1,4170.51,4915.41,4915.41,5660.31,6330.72,Surged Maintain Status Quo,Mongolia,MNG,2021-05-03,v8,TRUE
2021-05-04,prevalence,23931.42,28513.88,33605.5,33605.5,38697.13,43279.59,Surged Maintain Status Quo,Mongolia,MNG,2021-05-03,v8,TRUE
2021-05-04,cumulative_infections,101764.48,110740.86,120714.62,120714.62,130688.37,139664.75,Surged Maintain Status Quo,Mongolia,MNG,2021-05-03,v8,TRUE
2021-05-04,cumulative_deaths,129.11,134.76,141.03,141.03,147.31,152.96,Surged Maintain Status Quo,Mongolia,MNG,2021-05-03,v8,TRUE
2021-05-04,Rt,1.24,1.29,1.34,1.34,1.39,1.43,Surged Maintain Status Quo,Mongolia,MNG,2021-05-03,v8,TRUE
2021-05-04,Reff,0.99,1.02,1.05,1.05,1.08,1.11,Surged Maintain Status Quo,Mongolia,MNG,2021-05-03,v8,TRUE
2021-05-04,deaths,5.93,6.44,6.99,6.99,7.55,8.06,Surged Relax Interventions 50%,Mongolia,MNG,2021-05-03,v8,TRUE
2021-05-04,hospital_demand,248.44,274.82,304.13,304.13,333.44,359.82,Surged Relax Interventions 50%,Mongolia,MNG,2021-05-03,v8,TRUE
2021-05-04,ICU_demand,92.34,101.12,110.87,110.87,120.61,129.39,Surged Relax Interventions 50%,Mongolia,MNG,2021-05-03,v8,TRUE
2021-05-04,infections,3629.77,4329.21,5106.35,5106.35,5883.5,6582.93,Surged Relax Interventions 50%,Mongolia,MNG,2021-05-03,v8,TRUE
2021-05-04,prevalence,25754.64,30747.29,36294.68,36294.68,41842.07,46834.72,Surged Relax Interventions 50%,Mongolia,MNG,2021-05-03,v8,TRUE
2021-05-04,cumulative_infections,101894.15,110899.56,120905.56,120905.56,130911.56,139916.97,Surged Relax Interventions 50%,Mongolia,MNG,2021-05-03,v8,TRUE
2021-05-04,cumulative_deaths,129.11,134.76,141.03,141.03,147.31,152.96,Surged Relax Interventions 50%,Mongolia,MNG,2021-05-03,v8,TRUE
2021-05-04,Rt,1.24,1.29,1.34,1.34,1.39,1.43,Surged Relax Interventions 50%,Mongolia,MNG,2021-05-03,v8,TRUE
2021-05-04,Reff,0.99,1.01,1.05,1.05,1.08,1.11,Surged Relax Interventions 50%,Mongolia,MNG,2021-05-03,v8,TRUE
2021-05-05,deaths,5.89,6.42,7.01,7.01,7.6,8.13,Additional 50% Reduction,Mongolia,MNG,2021-05-03,v8,TRUE
2021-05-05,hospital_demand,246.59,274.31,305.12,305.12,335.93,363.66,Additional 50% Reduction,Mongolia,MNG,2021-05-03,v8,TRUE
2021-05-05,ICU_demand,91.97,101.21,111.48,111.48,121.75,130.99,Additional 50% Reduction,Mongolia,MNG,2021-05-03,v8,TRUE
2021-05-05,infections,3136.81,3752.24,4436.05,4436.05,5119.86,5735.29,Additional 50% Reduction,Mongolia,MNG,2021-05-03,v8,TRUE
2021-05-05,prevalence,20512.4,24500.95,28932.68,28932.68,33364.41,37352.96,Additional 50% Reduction,Mongolia,MNG,2021-05-03,v8,TRUE
2021-05-05,cumulative_infections,104771.75,114334.54,124959.86,124959.86,135585.18,145147.98,Additional 50% Reduction,Mongolia,MNG,2021-05-03,v8,TRUE
2021-05-05,cumulative_deaths,135,141.18,148.04,148.04,154.91,161.08,Additional 50% Reduction,Mongolia,MNG,2021-05-03,v8,TRUE
2021-05-05,Rt,1.24,1.29,1.34,1.34,1.39,1.43,Additional 50% Reduction,Mongolia,MNG,2021-05-03,v8,TRUE
2021-05-05,Reff,1.05,1.08,1.12,1.12,1.15,1.18,Additional 50% Reduction,Mongolia,MNG,2021-05-03,v8,TRUE
2021-05-05,deaths,5.89,6.42,7.01,7.01,7.6,8.13,Maintain Status Quo,Mongolia,MNG,2021-05-03,v8,TRUE
2021-05-05,hospital_demand,246.66,274.4,305.22,305.22,336.05,363.79,Maintain Status Quo,Mongolia,MNG,2021-05-03,v8,TRUE
2021-05-05,ICU_demand,91.99,101.23,111.51,111.51,121.78,131.03,Maintain Status Quo,Mongolia,MNG,2021-05-03,v8,TRUE
2021-05-05,infections,3533.56,4239.23,5023.3,5023.3,5807.37,6513.04,Maintain Status Quo,Mongolia,MNG,2021-05-03,v8,TRUE
2021-05-05,prevalence,24133.45,28953.27,34308.62,34308.62,39663.98,44483.8,Maintain Status Quo,Mongolia,MNG,2021-05-03,v8,TRUE
2021-05-05,cumulative_infections,105298.04,114980.09,125737.92,125737.92,136495.74,146177.79,Maintain Status Quo,Mongolia,MNG,2021-05-03,v8,TRUE
2021-05-05,cumulative_deaths,135,141.18,148.04,148.04,154.91,161.08,Maintain Status Quo,Mongolia,MNG,2021-05-03,v8,TRUE
2021-05-05,Rt,1.24,1.29,1.34,1.34,1.39,1.43,Maintain Status Quo,Mongolia,MNG,2021-05-03,v8,TRUE
2021-05-05,Reff,1.05,1.08,1.11,1.11,1.15,1.18,Maintain Status Quo,Mongolia,MNG,2021-05-03,v8,TRUE
2021-05-05,deaths,5.89,6.42,7.01,7.01,7.6,8.13,Relax Interventions 50%,Mongolia,MNG,2021-05-03,v8,TRUE
2021-05-05,hospital_demand,246.72,274.48,305.32,305.32,336.17,363.92,Relax Interventions 50%,Mongolia,MNG,2021-05-03,v8,TRUE
2021-05-05,ICU_demand,92.01,101.26,111.53,111.53,121.81,131.06,Relax Interventions 50%,Mongolia,MNG,2021-05-03,v8,TRUE
2021-05-05,infections,3934.04,4730.83,5616.14,5616.14,6501.46,7298.24,Relax Interventions 50%,Mongolia,MNG,2021-05-03,v8,TRUE
2021-05-05,prevalence,27817.25,33483.93,39780.24,39780.24,46076.55,51743.23,Relax Interventions 50%,Mongolia,MNG,2021-05-03,v8,TRUE
2021-05-05,cumulative_infections,105828.2,115630.38,126521.7,126521.7,137413.02,147215.21,Relax Interventions 50%,Mongolia,MNG,2021-05-03,v8,TRUE
2021-05-05,cumulative_deaths,135,141.18,148.04,148.04,154.91,161.08,Relax Interventions 50%,Mongolia,MNG,2021-05-03,v8,TRUE
2021-05-05,Rt,1.24,1.29,1.34,1.34,1.39,1.43,Relax Interventions 50%,Mongolia,MNG,2021-05-03,v8,TRUE
2021-05-05,Reff,1.05,1.08,1.11,1.11,1.14,1.18,Relax Interventions 50%,Mongolia,MNG,2021-05-03,v8,TRUE
2021-05-05,deaths,5.89,6.42,7.01,7.01,7.6,8.13,Surged Additional 50% Reduction,Mongolia,MNG,2021-05-03,v8,TRUE
2021-05-05,hospital_demand,246.59,274.31,305.12,305.12,335.93,363.66,Surged Additional 50% Reduction,Mongolia,MNG,2021-05-03,v8,TRUE
2021-05-05,ICU_demand,91.97,101.21,111.48,111.48,121.75,130.99,Surged Additional 50% Reduction,Mongolia,MNG,2021-05-03,v8,TRUE
2021-05-05,infections,3136.81,3752.24,4436.05,4436.05,5119.86,5735.29,Surged Additional 50% Reduction,Mongolia,MNG,2021-05-03,v8,TRUE
2021-05-05,prevalence,20512.4,24500.95,28932.68,28932.68,33364.41,37352.96,Surged Additional 50% Reduction,Mongolia,MNG,2021-05-03,v8,TRUE
2021-05-05,cumulative_infections,104771.75,114334.54,124959.86,124959.86,135585.18,145147.98,Surged Additional 50% Reduction,Mongolia,MNG,2021-05-03,v8,TRUE
2021-05-05,cumulative_deaths,135,141.18,148.04,148.04,154.91,161.08,Surged Additional 50% Reduction,Mongolia,MNG,2021-05-03,v8,TRUE
2021-05-05,Rt,1.24,1.29,1.34,1.34,1.39,1.43,Surged Additional 50% Reduction,Mongolia,MNG,2021-05-03,v8,TRUE
2021-05-05,Reff,0.99,1.02,1.05,1.05,1.08,1.11,Surged Additional 50% Reduction,Mongolia,MNG,2021-05-03,v8,TRUE
2021-05-05,deaths,5.89,6.42,7.01,7.01,7.6,8.13,Surged Maintain Status Quo,Mongolia,MNG,2021-05-03,v8,TRUE
2021-05-05,hospital_demand,246.66,274.4,305.22,305.22,336.05,363.79,Surged Maintain Status Quo,Mongolia,MNG,2021-05-03,v8,TRUE
2021-05-05,ICU_demand,91.99,101.23,111.51,111.51,121.78,131.03,Surged Maintain Status Quo,Mongolia,MNG,2021-05-03,v8,TRUE
2021-05-05,infections,3533.56,4239.23,5023.3,5023.3,5807.37,6513.04,Surged Maintain Status Quo,Mongolia,MNG,2021-05-03,v8,TRUE
2021-05-05,prevalence,24133.45,28953.27,34308.62,34308.62,39663.98,44483.8,Surged Maintain Status Quo,Mongolia,MNG,2021-05-03,v8,TRUE
2021-05-05,cumulative_infections,105298.04,114980.09,125737.92,125737.92,136495.74,146177.79,Surged Maintain Status Quo,Mongolia,MNG,2021-05-03,v8,TRUE
2021-05-05,cumulative_deaths,135,141.18,148.04,148.04,154.91,161.08,Surged Maintain Status Quo,Mongolia,MNG,2021-05-03,v8,TRUE
2021-05-05,Rt,1.24,1.29,1.34,1.34,1.39,1.43,Surged Maintain Status Quo,Mongolia,MNG,2021-05-03,v8,TRUE
2021-05-05,Reff,0.98,1.01,1.05,1.05,1.08,1.11,Surged Maintain Status Quo,Mongolia,MNG,2021-05-03,v8,TRUE
2021-05-05,deaths,5.89,6.42,7.01,7.01,7.6,8.13,Surged Relax Interventions 50%,Mongolia,MNG,2021-05-03,v8,TRUE
2021-05-05,hospital_demand,246.72,274.48,305.32,305.32,336.17,363.92,Surged Relax Interventions 50%,Mongolia,MNG,2021-05-03,v8,TRUE
2021-05-05,ICU_demand,92.01,101.26,111.53,111.53,121.81,131.06,Surged Relax Interventions 50%,Mongolia,MNG,2021-05-03,v8,TRUE
2021-05-05,infections,3934.04,4730.83,5616.14,5616.14,6501.46,7298.24,Surged Relax Interventions 50%,Mongolia,MNG,2021-05-03,v8,TRUE
2021-05-05,prevalence,27817.25,33483.93,39780.24,39780.24,46076.55,51743.23,Surged Relax Interventions 50%,Mongolia,MNG,2021-05-03,v8,TRUE
2021-05-05,cumulative_infections,105828.2,115630.38,126521.7,126521.7,137413.02,147215.21,Surged Relax Interventions 50%,Mongolia,MNG,2021-05-03,v8,TRUE
2021-05-05,cumulative_deaths,135,141.18,148.04,148.04,154.91,161.08,Surged Relax Interventions 50%,Mongolia,MNG,2021-05-03,v8,TRUE
2021-05-05,Rt,1.24,1.29,1.34,1.34,1.39,1.43,Surged Relax Interventions 50%,Mongolia,MNG,2021-05-03,v8,TRUE
2021-05-05,Reff,0.98,1.01,1.04,1.04,1.07,1.1,Surged Relax Interventions 50%,Mongolia,MNG,2021-05-03,v8,TRUE
2021-05-06,deaths,5.83,6.39,7.01,7.01,7.63,8.18,Additional 50% Reduction,Mongolia,MNG,2021-05-03,v8,TRUE
2021-05-06,hospital_demand,244.37,273.4,305.66,305.66,337.92,366.95,Additional 50% Reduction,Mongolia,MNG,2021-05-03,v8,TRUE
2021-05-06,ICU_demand,91.44,101.14,111.91,111.91,122.69,132.39,Additional 50% Reduction,Mongolia,MNG,2021-05-03,v8,TRUE
2021-05-06,infections,2869.24,3449.49,4094.22,4094.22,4738.94,5319.19,Additional 50% Reduction,Mongolia,MNG,2021-05-03,v8,TRUE
2021-05-06,prevalence,18957.97,22757.93,26980.11,26980.11,31202.29,35002.25,Additional 50% Reduction,Mongolia,MNG,2021-05-03,v8,TRUE
2021-05-06,cumulative_infections,107640.99,117784.03,129054.08,129054.08,140324.12,150467.17,Additional 50% Reduction,Mongolia,MNG,2021-05-03,v8,TRUE
2021-05-06,cumulative_deaths,140.83,147.57,155.05,155.05,162.53,169.27,Additional 50% Reduction,Mongolia,MNG,2021-05-03,v8,TRUE
2021-05-06,Rt,1.24,1.29,1.34,1.34,1.39,1.43,Additional 50% Reduction,Mongolia,MNG,2021-05-03,v8,TRUE
2021-05-06,Reff,1.05,1.08,1.11,1.11,1.15,1.18,Additional 50% Reduction,Mongolia,MNG,2021-05-03,v8,TRUE
2021-05-06,deaths,5.83,6.39,7.01,7.01,7.63,8.18,Maintain Status Quo,Mongolia,MNG,2021-05-03,v8,TRUE
2021-05-06,hospital_demand,244.76,273.88,306.24,306.24,338.59,367.71,Maintain Status Quo,Mongolia,MNG,2021-05-03,v8,TRUE
2021-05-06,ICU_demand,91.54,101.26,112.07,112.07,122.87,132.59,Maintain Status Quo,Mongolia,MNG,2021-05-03,v8,TRUE
2021-05-06,infections,3565.3,4306.82,5130.74,5130.74,5954.65,6696.17,Maintain Status Quo,Mongolia,MNG,2021-05-03,v8,TRUE
2021-05-06,prevalence,24328.81,29388.58,35010.55,35010.55,40632.52,45692.29,Maintain Status Quo,Mongolia,MNG,2021-05-03,v8,TRUE
2021-05-06,cumulative_infections,108863.34,119286.91,130868.65,130868.65,142450.39,152873.96,Maintain Status Quo,Mongolia,MNG,2021-05-03,v8,TRUE
2021-05-06,cumulative_deaths,140.83,147.57,155.05,155.05,162.53,169.27,Maintain Status Quo,Mongolia,MNG,2021-05-03,v8,TRUE
2021-05-06,Rt,1.24,1.29,1.34,1.34,1.39,1.43,Maintain Status Quo,Mongolia,MNG,2021-05-03,v8,TRUE
2021-05-06,Reff,1.04,1.08,1.11,1.11,1.14,1.17,Maintain Status Quo,Mongolia,MNG,2021-05-03,v8,TRUE
2021-05-06,deaths,5.83,6.39,7.01,7.01,7.63,8.19,Relax Interventions 50%,Mongolia,MNG,2021-05-03,v8,TRUE
2021-05-06,hospital_demand,245.16,274.36,306.82,306.82,339.27,368.48,Relax Interventions 50%,Mongolia,MNG,2021-05-03,v8,TRUE
2021-05-06,ICU_demand,91.65,101.39,112.22,112.22,123.05,132.8,Relax Interventions 50%,Mongolia,MNG,2021-05-03,v8,TRUE
2021-05-06,infections,4282.5,5190.77,6199.96,6199.96,7209.15,8117.41,Relax Interventions 50%,Mongolia,MNG,2021-05-03,v8,TRUE
2021-05-06,prevalence,29957.96,36345.78,43443.35,43443.35,50540.92,56928.73,Relax Interventions 50%,Mongolia,MNG,2021-05-03,v8,TRUE
2021-05-06,cumulative_infections,110110.7,120821.15,132721.66,132721.66,144622.17,155332.62,Relax Interventions 50%,Mongolia,MNG,2021-05-03,v8,TRUE
2021-05-06,cumulative_deaths,140.83,147.57,155.05,155.05,162.54,169.27,Relax Interventions 50%,Mongolia,MNG,2021-05-03,v8,TRUE
2021-05-06,Rt,1.24,1.29,1.34,1.34,1.39,1.43,Relax Interventions 50%,Mongolia,MNG,2021-05-03,v8,TRUE
2021-05-06,Reff,1.04,1.07,1.11,1.11,1.14,1.17,Relax Interventions 50%,Mongolia,MNG,2021-05-03,v8,TRUE
2021-05-06,deaths,5.83,6.39,7.01,7.01,7.63,8.18,Surged Additional 50% Reduction,Mongolia,MNG,2021-05-03,v8,TRUE
2021-05-06,hospital_demand,244.37,273.4,305.66,305.66,337.92,366.95,Surged Additional 50% Reduction,Mongolia,MNG,2021-05-03,v8,TRUE
2021-05-06,ICU_demand,91.44,101.14,111.91,111.91,122.69,132.39,Surged Additional 50% Reduction,Mongolia,MNG,2021-05-03,v8,TRUE
2021-05-06,infections,2869.24,3449.49,4094.22,4094.22,4738.94,5319.19,Surged Additional 50% Reduction,Mongolia,MNG,2021-05-03,v8,TRUE
2021-05-06,prevalence,18957.97,22757.93,26980.11,26980.11,31202.29,35002.25,Surged Additional 50% Reduction,Mongolia,MNG,2021-05-03,v8,TRUE
2021-05-06,cumulative_infections,107640.99,117784.03,129054.08,129054.08,140324.12,150467.17,Surged Additional 50% Reduction,Mongolia,MNG,2021-05-03,v8,TRUE
2021-05-06,cumulative_deaths,140.83,147.57,155.05,155.05,162.53,169.27,Surged Additional 50% Reduction,Mongolia,MNG,2021-05-03,v8,TRUE
2021-05-06,Rt,1.24,1.29,1.34,1.34,1.39,1.43,Surged Additional 50% Reduction,Mongolia,MNG,2021-05-03,v8,TRUE
2021-05-06,Reff,0.98,1.01,1.05,1.05,1.08,1.11,Surged Additional 50% Reduction,Mongolia,MNG,2021-05-03,v8,TRUE
2021-05-06,deaths,5.83,6.39,7.01,7.01,7.63,8.18,Surged Maintain Status Quo,Mongolia,MNG,2021-05-03,v8,TRUE
2021-05-06,hospital_demand,244.76,273.88,306.24,306.24,338.59,367.71,Surged Maintain Status Quo,Mongolia,MNG,2021-05-03,v8,TRUE
2021-05-06,ICU_demand,91.54,101.26,112.07,112.07,122.87,132.59,Surged Maintain Status Quo,Mongolia,MNG,2021-05-03,v8,TRUE
2021-05-06,infections,3565.3,4306.82,5130.74,5130.74,5954.65,6696.17,Surged Maintain Status Quo,Mongolia,MNG,2021-05-03,v8,TRUE
2021-05-06,prevalence,24328.81,29388.58,35010.55,35010.55,40632.52,45692.29,Surged Maintain Status Quo,Mongolia,MNG,2021-05-03,v8,TRUE
2021-05-06,cumulative_infections,108863.34,119286.91,130868.65,130868.65,142450.39,152873.96,Surged Maintain Status Quo,Mongolia,MNG,2021-05-03,v8,TRUE
2021-05-06,cumulative_deaths,140.83,147.57,155.05,155.05,162.53,169.27,Surged Maintain Status Quo,Mongolia,MNG,2021-05-03,v8,TRUE
2021-05-06,Rt,1.24,1.29,1.34,1.34,1.39,1.43,Surged Maintain Status Quo,Mongolia,MNG,2021-05-03,v8,TRUE
2021-05-06,Reff,0.98,1.01,1.04,1.04,1.07,1.1,Surged Maintain Status Quo,Mongolia,MNG,2021-05-03,v8,TRUE
2021-05-06,deaths,5.83,6.39,7.01,7.01,7.63,8.19,Surged Relax Interventions 50%,Mongolia,MNG,2021-05-03,v8,TRUE
2021-05-06,hospital_demand,245.16,274.36,306.82,306.82,339.27,368.48,Surged Relax Interventions 50%,Mongolia,MNG,2021-05-03,v8,TRUE
2021-05-06,ICU_demand,91.65,101.39,112.22,112.22,123.05,132.8,Surged Relax Interventions 50%,Mongolia,MNG,2021-05-03,v8,TRUE
2021-05-06,infections,4282.5,5190.77,6199.96,6199.96,7209.15,8117.41,Surged Relax Interventions 50%,Mongolia,MNG,2021-05-03,v8,TRUE
2021-05-06,prevalence,29957.96,36345.78,43443.35,43443.35,50540.92,56928.73,Surged Relax Interventions 50%,Mongolia,MNG,2021-05-03,v8,TRUE
2021-05-06,cumulative_infections,110110.7,120821.15,132721.66,132721.66,144622.17,155332.62,Surged Relax Interventions 50%,Mongolia,MNG,2021-05-03,v8,TRUE
2021-05-06,cumulative_deaths,140.83,147.57,155.05,155.05,162.54,169.27,Surged Relax Interventions 50%,Mongolia,MNG,2021-05-03,v8,TRUE
2021-05-06,Rt,1.24,1.29,1.34,1.34,1.39,1.43,Surged Relax Interventions 50%,Mongolia,MNG,2021-05-03,v8,TRUE
2021-05-06,Reff,0.98,1.01,1.04,1.04,1.07,1.1,Surged Relax Interventions 50%,Mongolia,MNG,2021-05-03,v8,TRUE
2021-05-07,deaths,5.77,6.35,7,7,7.64,8.23,Additional 50% Reduction,Mongolia,MNG,2021-05-03,v8,TRUE
2021-05-07,hospital_demand,241.59,271.82,305.42,305.42,339.01,369.24,Additional 50% Reduction,Mongolia,MNG,2021-05-03,v8,TRUE
2021-05-07,ICU_demand,90.7,100.83,112.08,112.08,123.33,133.46,Additional 50% Reduction,Mongolia,MNG,2021-05-03,v8,TRUE
2021-05-07,infections,2611.22,3155.94,3761.18,3761.18,4366.43,4911.15,Additional 50% Reduction,Mongolia,MNG,2021-05-03,v8,TRUE
2021-05-07,prevalence,17477.72,21089.56,25102.72,25102.72,29115.88,32727.73,Additional 50% Reduction,Mongolia,MNG,2021-05-03,v8,TRUE
2021-05-07,cumulative_infections,110252.2,120939.97,132815.26,132815.26,144690.55,155378.32,Additional 50% Reduction,Mongolia,MNG,2021-05-03,v8,TRUE
2021-05-07,cumulative_deaths,146.6,153.91,162.05,162.05,170.18,177.49,Additional 50% Reduction,Mongolia,MNG,2021-05-03,v8,TRUE
2021-05-07,Rt,1.24,1.29,1.34,1.34,1.39,1.43,Additional 50% Reduction,Mongolia,MNG,2021-05-03,v8,TRUE
2021-05-07,Reff,1.05,1.08,1.11,1.11,1.15,1.18,Additional 50% Reduction,Mongolia,MNG,2021-05-03,v8,TRUE
2021-05-07,deaths,5.77,6.35,7,7,7.65,8.23,Maintain Status Quo,Mongolia,MNG,2021-05-03,v8,TRUE
2021-05-07,hospital_demand,242.84,273.35,307.26,307.26,341.17,371.68,Maintain Status Quo,Mongolia,MNG,2021-05-03,v8,TRUE
2021-05-07,ICU_demand,91.04,101.24,112.58,112.58,123.91,134.12,Maintain Status Quo,Mongolia,MNG,2021-05-03,v8,TRUE
2021-05-07,infections,3595.24,4372.91,5236.99,5236.99,6101.07,6878.74,Maintain Status Quo,Mongolia,MNG,2021-05-03,v8,TRUE
2021-05-07,prevalence,24517.83,29819.97,35711.23,35711.23,41602.5,46904.64,Maintain Status Quo,Mongolia,MNG,2021-05-03,v8,TRUE
2021-05-07,cumulative_infections,112458.58,123659.82,136105.64,136105.64,148551.46,159752.7,Maintain Status Quo,Mongolia,MNG,2021-05-03,v8,TRUE
2021-05-07,cumulative_deaths,146.6,153.92,162.05,162.05,170.18,177.5,Maintain Status Quo,Mongolia,MNG,2021-05-03,v8,TRUE
2021-05-07,Rt,1.24,1.29,1.34,1.34,1.39,1.43,Maintain Status Quo,Mongolia,MNG,2021-05-03,v8,TRUE
2021-05-07,Reff,1.04,1.07,1.11,1.11,1.14,1.17,Maintain Status Quo,Mongolia,MNG,2021-05-03,v8,TRUE
2021-05-07,deaths,5.77,6.36,7.01,7.01,7.65,8.24,Relax Interventions 50%,Mongolia,MNG,2021-05-03,v8,TRUE
2021-05-07,hospital_demand,244.1,274.9,309.13,309.13,343.35,374.16,Relax Interventions 50%,Mongolia,MNG,2021-05-03,v8,TRUE
2021-05-07,ICU_demand,91.38,101.66,113.08,113.08,124.5,134.78,Relax Interventions 50%,Mongolia,MNG,2021-05-03,v8,TRUE
2021-05-07,infections,4644.09,5672.08,6814.3,6814.3,7956.51,8984.5,Relax Interventions 50%,Mongolia,MNG,2021-05-03,v8,TRUE
2021-05-07,prevalence,32215.46,39386.22,47353.73,47353.73,55321.24,62492,Relax Interventions 50%,Mongolia,MNG,2021-05-03,v8,TRUE
2021-05-07,cumulative_infections,114754.79,126493.24,139535.96,139535.96,152578.68,164317.12,Relax Interventions 50%,Mongolia,MNG,2021-05-03,v8,TRUE
2021-05-07,cumulative_deaths,146.6,153.92,162.06,162.06,170.19,177.51,Relax Interventions 50%,Mongolia,MNG,2021-05-03,v8,TRUE
2021-05-07,Rt,1.24,1.29,1.34,1.34,1.39,1.43,Relax Interventions 50%,Mongolia,MNG,2021-05-03,v8,TRUE
2021-05-07,Reff,1.04,1.07,1.1,1.1,1.13,1.16,Relax Interventions 50%,Mongolia,MNG,2021-05-03,v8,TRUE
2021-05-07,deaths,5.77,6.35,7,7,7.64,8.23,Surged Additional 50% Reduction,Mongolia,MNG,2021-05-03,v8,TRUE
2021-05-07,hospital_demand,241.59,271.82,305.42,305.42,339.01,369.24,Surged Additional 50% Reduction,Mongolia,MNG,2021-05-03,v8,TRUE
2021-05-07,ICU_demand,90.7,100.83,112.08,112.08,123.33,133.46,Surged Additional 50% Reduction,Mongolia,MNG,2021-05-03,v8,TRUE
2021-05-07,infections,2611.22,3155.94,3761.18,3761.18,4366.43,4911.15,Surged Additional 50% Reduction,Mongolia,MNG,2021-05-03,v8,TRUE
2021-05-07,prevalence,17477.72,21089.56,25102.72,25102.72,29115.88,32727.73,Surged Additional 50% Reduction,Mongolia,MNG,2021-05-03,v8,TRUE
2021-05-07,cumulative_infections,110252.2,120939.97,132815.26,132815.26,144690.55,155378.32,Surged Additional 50% Reduction,Mongolia,MNG,2021-05-03,v8,TRUE
2021-05-07,cumulative_deaths,146.6,153.91,162.05,162.05,170.18,177.49,Surged Additional 50% Reduction,Mongolia,MNG,2021-05-03,v8,TRUE
2021-05-07,Rt,1.24,1.29,1.34,1.34,1.39,1.43,Surged Additional 50% Reduction,Mongolia,MNG,2021-05-03,v8,TRUE
2021-05-07,Reff,0.98,1.01,1.04,1.04,1.08,1.11,Surged Additional 50% Reduction,Mongolia,MNG,2021-05-03,v8,TRUE
2021-05-07,deaths,5.77,6.35,7,7,7.65,8.23,Surged Maintain Status Quo,Mongolia,MNG,2021-05-03,v8,TRUE
2021-05-07,hospital_demand,242.84,273.35,307.26,307.26,341.17,371.68,Surged Maintain Status Quo,Mongolia,MNG,2021-05-03,v8,TRUE
2021-05-07,ICU_demand,91.04,101.24,112.58,112.58,123.91,134.12,Surged Maintain Status Quo,Mongolia,MNG,2021-05-03,v8,TRUE
2021-05-07,infections,3595.24,4372.91,5236.99,5236.99,6101.07,6878.74,Surged Maintain Status Quo,Mongolia,MNG,2021-05-03,v8,TRUE
2021-05-07,prevalence,24517.83,29819.97,35711.23,35711.23,41602.5,46904.64,Surged Maintain Status Quo,Mongolia,MNG,2021-05-03,v8,TRUE
2021-05-07,cumulative_infections,112458.58,123659.82,136105.64,136105.64,148551.46,159752.7,Surged Maintain Status Quo,Mongolia,MNG,2021-05-03,v8,TRUE
2021-05-07,cumulative_deaths,146.6,153.92,162.05,162.05,170.18,177.5,Surged Maintain Status Quo,Mongolia,MNG,2021-05-03,v8,TRUE
2021-05-07,Rt,1.24,1.29,1.34,1.34,1.39,1.43,Surged Maintain Status Quo,Mongolia,MNG,2021-05-03,v8,TRUE
2021-05-07,Reff,0.98,1.01,1.04,1.04,1.07,1.1,Surged Maintain Status Quo,Mongolia,MNG,2021-05-03,v8,TRUE
2021-05-07,deaths,5.77,6.36,7.01,7.01,7.65,8.24,Surged Relax Interventions 50%,Mongolia,MNG,2021-05-03,v8,TRUE
2021-05-07,hospital_demand,244.1,274.9,309.13,309.13,343.35,374.16,Surged Relax Interventions 50%,Mongolia,MNG,2021-05-03,v8,TRUE
2021-05-07,ICU_demand,91.38,101.66,113.08,113.08,124.5,134.78,Surged Relax Interventions 50%,Mongolia,MNG,2021-05-03,v8,TRUE
2021-05-07,infections,4644.09,5672.08,6814.3,6814.3,7956.51,8984.5,Surged Relax Interventions 50%,Mongolia,MNG,2021-05-03,v8,TRUE
2021-05-07,prevalence,32215.46,39386.22,47353.73,47353.73,55321.24,62492,Surged Relax Interventions 50%,Mongolia,MNG,2021-05-03,v8,TRUE
2021-05-07,cumulative_infections,114754.79,126493.24,139535.96,139535.96,152578.68,164317.12,Surged Relax Interventions 50%,Mongolia,MNG,2021-05-03,v8,TRUE
2021-05-07,cumulative_deaths,146.6,153.92,162.06,162.06,170.19,177.51,Surged Relax Interventions 50%,Mongolia,MNG,2021-05-03,v8,TRUE
2021-05-07,Rt,1.24,1.29,1.34,1.34,1.39,1.43,Surged Relax Interventions 50%,Mongolia,MNG,2021-05-03,v8,TRUE
2021-05-07,Reff,0.97,1,1.03,1.03,1.06,1.09,Surged Relax Interventions 50%,Mongolia,MNG,2021-05-03,v8,TRUE
2021-05-08,deaths,5.69,6.29,6.97,6.97,7.64,8.25,Additional 50% Reduction,Mongolia,MNG,2021-05-03,v8,TRUE
2021-05-08,hospital_demand,238.04,269.31,304.05,304.05,338.8,370.07,Additional 50% Reduction,Mongolia,MNG,2021-05-03,v8,TRUE
2021-05-08,ICU_demand,89.7,100.22,111.9,111.9,123.58,134.09,Additional 50% Reduction,Mongolia,MNG,2021-05-03,v8,TRUE
2021-05-08,infections,2376.8,2888.48,3457.03,3457.03,4025.57,4537.26,Additional 50% Reduction,Mongolia,MNG,2021-05-03,v8,TRUE
2021-05-08,prevalence,16088.18,19515.54,23323.71,23323.71,27131.89,30559.24,Additional 50% Reduction,Mongolia,MNG,2021-05-03,v8,TRUE
2021-05-08,cumulative_infections,112629,123828.45,136272.29,136272.29,148716.12,159915.58,Additional 50% Reduction,Mongolia,MNG,2021-05-03,v8,TRUE
2021-05-08,cumulative_deaths,152.28,160.21,169.02,169.02,177.82,185.75,Additional 50% Reduction,Mongolia,MNG,2021-05-03,v8,TRUE
2021-05-08,Rt,1.24,1.29,1.34,1.34,1.39,1.43,Additional 50% Reduction,Mongolia,MNG,2021-05-03,v8,TRUE
2021-05-08,Reff,1.04,1.08,1.11,1.11,1.14,1.18,Additional 50% Reduction,Mongolia,MNG,2021-05-03,v8,TRUE
2021-05-08,deaths,5.7,6.31,6.99,6.99,7.66,8.27,Maintain Status Quo,Mongolia,MNG,2021-05-03,v8,TRUE
2021-05-08,hospital_demand,240.94,272.87,308.35,308.35,343.84,375.77,Maintain Status Quo,Mongolia,MNG,2021-05-03,v8,TRUE
2021-05-08,ICU_demand,90.49,101.18,113.06,113.06,124.94,135.63,Maintain Status Quo,Mongolia,MNG,2021-05-03,v8,TRUE
2021-05-08,infections,3623.65,4437.67,5342.13,5342.13,6246.59,7060.61,Maintain Status Quo,Mongolia,MNG,2021-05-03,v8,TRUE
2021-05-08,prevalence,24700.62,30247.24,36410.14,36410.14,42573.05,48119.66,Maintain Status Quo,Mongolia,MNG,2021-05-03,v8,TRUE
2021-05-08,cumulative_infections,116082.24,128097.49,141447.78,141447.78,154798.06,166813.31,Maintain Status Quo,Mongolia,MNG,2021-05-03,v8,TRUE
2021-05-08,cumulative_deaths,152.3,160.23,169.04,169.04,177.85,185.77,Maintain Status Quo,Mongolia,MNG,2021-05-03,v8,TRUE
2021-05-08,Rt,1.24,1.29,1.34,1.34,1.39,1.43,Maintain Status Quo,Mongolia,MNG,2021-05-03,v8,TRUE
2021-05-08,Reff,1.04,1.07,1.1,1.1,1.14,1.17,Maintain Status Quo,Mongolia,MNG,2021-05-03,v8,TRUE
2021-05-08,deaths,5.71,6.32,7,7,7.68,8.29,Relax Interventions 50%,Mongolia,MNG,2021-05-03,v8,TRUE
2021-05-08,hospital_demand,243.91,276.52,312.76,312.76,349,381.62,Relax Interventions 50%,Mongolia,MNG,2021-05-03,v8,TRUE
2021-05-08,ICU_demand,91.29,102.16,114.25,114.25,126.33,137.21,Relax Interventions 50%,Mongolia,MNG,2021-05-03,v8,TRUE
2021-05-08,infections,5015.08,6170.97,7455.3,7455.3,8739.63,9895.53,Relax Interventions 50%,Mongolia,MNG,2021-05-03,v8,TRUE
2021-05-08,prevalence,34615.25,42640.61,51557.68,51557.68,60474.75,68500.12,Relax Interventions 50%,Mongolia,MNG,2021-05-03,v8,TRUE
2021-05-08,cumulative_infections,119769.87,132664.21,146991.26,146991.26,161318.31,174212.65,Relax Interventions 50%,Mongolia,MNG,2021-05-03,v8,TRUE
2021-05-08,cumulative_deaths,152.31,160.25,169.06,169.06,177.87,185.8,Relax Interventions 50%,Mongolia,MNG,2021-05-03,v8,TRUE
2021-05-08,Rt,1.24,1.29,1.34,1.34,1.39,1.43,Relax Interventions 50%,Mongolia,MNG,2021-05-03,v8,TRUE
2021-05-08,Reff,1.03,1.06,1.09,1.09,1.13,1.15,Relax Interventions 50%,Mongolia,MNG,2021-05-03,v8,TRUE
2021-05-08,deaths,5.69,6.29,6.97,6.97,7.64,8.25,Surged Additional 50% Reduction,Mongolia,MNG,2021-05-03,v8,TRUE
2021-05-08,hospital_demand,238.04,269.31,304.05,304.05,338.8,370.07,Surged Additional 50% Reduction,Mongolia,MNG,2021-05-03,v8,TRUE
2021-05-08,ICU_demand,89.7,100.22,111.9,111.9,123.58,134.09,Surged Additional 50% Reduction,Mongolia,MNG,2021-05-03,v8,TRUE
2021-05-08,infections,2376.8,2888.48,3457.03,3457.03,4025.57,4537.26,Surged Additional 50% Reduction,Mongolia,MNG,2021-05-03,v8,TRUE
2021-05-08,prevalence,16088.18,19515.54,23323.71,23323.71,27131.89,30559.24,Surged Additional 50% Reduction,Mongolia,MNG,2021-05-03,v8,TRUE
2021-05-08,cumulative_infections,112629,123828.45,136272.29,136272.29,148716.12,159915.58,Surged Additional 50% Reduction,Mongolia,MNG,2021-05-03,v8,TRUE
2021-05-08,cumulative_deaths,152.28,160.21,169.02,169.02,177.82,185.75,Surged Additional 50% Reduction,Mongolia,MNG,2021-05-03,v8,TRUE
2021-05-08,Rt,1.24,1.29,1.34,1.34,1.39,1.43,Surged Additional 50% Reduction,Mongolia,MNG,2021-05-03,v8,TRUE
2021-05-08,Reff,0.98,1.01,1.04,1.04,1.07,1.1,Surged Additional 50% Reduction,Mongolia,MNG,2021-05-03,v8,TRUE
2021-05-08,deaths,5.7,6.31,6.99,6.99,7.66,8.27,Surged Maintain Status Quo,Mongolia,MNG,2021-05-03,v8,TRUE
2021-05-08,hospital_demand,240.94,272.87,308.35,308.35,343.84,375.77,Surged Maintain Status Quo,Mongolia,MNG,2021-05-03,v8,TRUE
2021-05-08,ICU_demand,90.49,101.18,113.06,113.06,124.94,135.63,Surged Maintain Status Quo,Mongolia,MNG,2021-05-03,v8,TRUE
2021-05-08,infections,3623.65,4437.67,5342.13,5342.13,6246.59,7060.61,Surged Maintain Status Quo,Mongolia,MNG,2021-05-03,v8,TRUE
2021-05-08,prevalence,24700.62,30247.24,36410.14,36410.14,42573.05,48119.66,Surged Maintain Status Quo,Mongolia,MNG,2021-05-03,v8,TRUE
2021-05-08,cumulative_infections,116082.24,128097.49,141447.78,141447.78,154798.06,166813.31,Surged Maintain Status Quo,Mongolia,MNG,2021-05-03,v8,TRUE
2021-05-08,cumulative_deaths,152.3,160.23,169.04,169.04,177.85,185.77,Surged Maintain Status Quo,Mongolia,MNG,2021-05-03,v8,TRUE
2021-05-08,Rt,1.24,1.29,1.34,1.34,1.39,1.43,Surged Maintain Status Quo,Mongolia,MNG,2021-05-03,v8,TRUE
2021-05-08,Reff,0.98,1,1.03,1.03,1.06,1.09,Surged Maintain Status Quo,Mongolia,MNG,2021-05-03,v8,TRUE
2021-05-08,deaths,5.71,6.32,7,7,7.68,8.29,Surged Relax Interventions 50%,Mongolia,MNG,2021-05-03,v8,TRUE
2021-05-08,hospital_demand,243.91,276.52,312.76,312.76,349,381.62,Surged Relax Interventions 50%,Mongolia,MNG,2021-05-03,v8,TRUE
2021-05-08,ICU_demand,91.29,102.16,114.25,114.25,126.33,137.21,Surged Relax Interventions 50%,Mongolia,MNG,2021-05-03,v8,TRUE
2021-05-08,infections,5015.08,6170.97,7455.3,7455.3,8739.63,9895.53,Surged Relax Interventions 50%,Mongolia,MNG,2021-05-03,v8,TRUE
2021-05-08,prevalence,34615.25,42640.61,51557.68,51557.68,60474.75,68500.12,Surged Relax Interventions 50%,Mongolia,MNG,2021-05-03,v8,TRUE
2021-05-08,cumulative_infections,119769.87,132664.21,146991.26,146991.26,161318.31,174212.65,Surged Relax Interventions 50%,Mongolia,MNG,2021-05-03,v8,TRUE
2021-05-08,cumulative_deaths,152.31,160.25,169.06,169.06,177.87,185.8,Surged Relax Interventions 50%,Mongolia,MNG,2021-05-03,v8,TRUE
2021-05-08,Rt,1.24,1.29,1.34,1.34,1.39,1.43,Surged Relax Interventions 50%,Mongolia,MNG,2021-05-03,v8,TRUE
2021-05-08,Reff,0.97,1,1.03,1.03,1.05,1.08,Surged Relax Interventions 50%,Mongolia,MNG,2021-05-03,v8,TRUE
2021-05-09,deaths,5.6,6.23,6.93,6.93,7.63,8.26,Additional 50% Reduction,Mongolia,MNG,2021-05-03,v8,TRUE
2021-05-09,hospital_demand,233.56,265.66,301.32,301.32,336.99,369.09,Additional 50% Reduction,Mongolia,MNG,2021-05-03,v8,TRUE
2021-05-09,ICU_demand,88.41,99.25,111.3,111.3,123.34,134.18,Additional 50% Reduction,Mongolia,MNG,2021-05-03,v8,TRUE
2021-05-09,infections,2167.56,2649.1,3184.14,3184.14,3719.17,4200.71,Additional 50% Reduction,Mongolia,MNG,2021-05-03,v8,TRUE
2021-05-09,prevalence,14795.76,18044.08,21653.34,21653.34,25262.59,28510.91,Additional 50% Reduction,Mongolia,MNG,2021-05-03,v8,TRUE
2021-05-09,cumulative_infections,114796.56,126477.55,139456.42,139456.42,152435.3,164116.28,Additional 50% Reduction,Mongolia,MNG,2021-05-03,v8,TRUE
2021-05-09,cumulative_deaths,157.88,166.44,175.94,175.94,185.45,194,Additional 50% Reduction,Mongolia,MNG,2021-05-03,v8,TRUE
2021-05-09,Rt,1.24,1.29,1.34,1.34,1.39,1.43,Additional 50% Reduction,Mongolia,MNG,2021-05-03,v8,TRUE
2021-05-09,Reff,1.04,1.07,1.11,1.11,1.14,1.17,Additional 50% Reduction,Mongolia,MNG,2021-05-03,v8,TRUE
2021-05-09,deaths,5.62,6.26,6.97,6.97,7.67,8.31,Maintain Status Quo,Mongolia,MNG,2021-05-03,v8,TRUE
2021-05-09,hospital_demand,239.09,272.47,309.56,309.56,346.65,380.02,Maintain Status Quo,Mongolia,MNG,2021-05-03,v8,TRUE
2021-05-09,ICU_demand,89.91,101.1,113.53,113.53,125.96,137.15,Maintain Status Quo,Mongolia,MNG,2021-05-03,v8,TRUE
2021-05-09,infections,3650.8,4501.34,5446.38,5446.38,6391.43,7241.97,Maintain Status Quo,Mongolia,MNG,2021-05-03,v8,TRUE
2021-05-09,prevalence,24877.33,30670.23,37106.8,37106.8,43543.36,49336.27,Maintain Status Quo,Mongolia,MNG,2021-05-03,v8,TRUE
2021-05-09,cumulative_infections,119733.04,132598.83,146894.16,146894.16,161189.49,174055.28,Maintain Status Quo,Mongolia,MNG,2021-05-03,v8,TRUE
2021-05-09,cumulative_deaths,157.92,166.49,176,176,185.52,194.08,Maintain Status Quo,Mongolia,MNG,2021-05-03,v8,TRUE
2021-05-09,Rt,1.24,1.29,1.34,1.34,1.39,1.43,Maintain Status Quo,Mongolia,MNG,2021-05-03,v8,TRUE
2021-05-09,Reff,1.04,1.07,1.1,1.1,1.13,1.16,Maintain Status Quo,Mongolia,MNG,2021-05-03,v8,TRUE
2021-05-09,deaths,5.65,6.29,7.01,7.01,7.72,8.36,Relax Interventions 50%,Mongolia,MNG,2021-05-03,v8,TRUE
2021-05-09,hospital_demand,244.85,279.57,318.14,318.14,356.72,391.43,Relax Interventions 50%,Mongolia,MNG,2021-05-03,v8,TRUE
2021-05-09,ICU_demand,91.47,103.02,115.85,115.85,128.69,140.24,Relax Interventions 50%,Mongolia,MNG,2021-05-03,v8,TRUE
2021-05-09,infections,5400.09,6693.59,8130.82,8130.82,9568.04,10861.55,Relax Interventions 50%,Mongolia,MNG,2021-05-03,v8,TRUE
2021-05-09,prevalence,37173.14,46131.2,56084.6,56084.6,66037.99,74996.05,Relax Interventions 50%,Mongolia,MNG,2021-05-03,v8,TRUE
2021-05-09,cumulative_infections,125169.95,139357.8,155122.07,155122.07,170886.35,185074.2,Relax Interventions 50%,Mongolia,MNG,2021-05-03,v8,TRUE
2021-05-09,cumulative_deaths,157.96,166.54,176.06,176.06,185.59,194.17,Relax Interventions 50%,Mongolia,MNG,2021-05-03,v8,TRUE
2021-05-09,Rt,1.24,1.29,1.34,1.34,1.39,1.43,Relax Interventions 50%,Mongolia,MNG,2021-05-03,v8,TRUE
2021-05-09,Reff,1.03,1.06,1.09,1.09,1.12,1.14,Relax Interventions 50%,Mongolia,MNG,2021-05-03,v8,TRUE
2021-05-09,deaths,5.6,6.23,6.93,6.93,7.63,8.26,Surged Additional 50% Reduction,Mongolia,MNG,2021-05-03,v8,TRUE
2021-05-09,hospital_demand,233.56,265.66,301.32,301.32,336.99,369.09,Surged Additional 50% Reduction,Mongolia,MNG,2021-05-03,v8,TRUE
2021-05-09,ICU_demand,88.41,99.25,111.3,111.3,123.34,134.18,Surged Additional 50% Reduction,Mongolia,MNG,2021-05-03,v8,TRUE
2021-05-09,infections,2167.56,2649.1,3184.14,3184.14,3719.17,4200.71,Surged Additional 50% Reduction,Mongolia,MNG,2021-05-03,v8,TRUE
2021-05-09,prevalence,14795.76,18044.08,21653.34,21653.34,25262.59,28510.91,Surged Additional 50% Reduction,Mongolia,MNG,2021-05-03,v8,TRUE
2021-05-09,cumulative_infections,114796.56,126477.55,139456.42,139456.42,152435.3,164116.28,Surged Additional 50% Reduction,Mongolia,MNG,2021-05-03,v8,TRUE
2021-05-09,cumulative_deaths,157.88,166.44,175.94,175.94,185.45,194,Surged Additional 50% Reduction,Mongolia,MNG,2021-05-03,v8,TRUE
2021-05-09,Rt,1.24,1.29,1.34,1.34,1.39,1.43,Surged Additional 50% Reduction,Mongolia,MNG,2021-05-03,v8,TRUE
2021-05-09,Reff,0.98,1.01,1.04,1.04,1.07,1.1,Surged Additional 50% Reduction,Mongolia,MNG,2021-05-03,v8,TRUE
2021-05-09,deaths,5.62,6.26,6.97,6.97,7.67,8.31,Surged Maintain Status Quo,Mongolia,MNG,2021-05-03,v8,TRUE
2021-05-09,hospital_demand,239.09,272.47,309.56,309.56,346.65,380.02,Surged Maintain Status Quo,Mongolia,MNG,2021-05-03,v8,TRUE
2021-05-09,ICU_demand,89.91,101.1,113.53,113.53,125.96,137.15,Surged Maintain Status Quo,Mongolia,MNG,2021-05-03,v8,TRUE
2021-05-09,infections,3650.8,4501.34,5446.38,5446.38,6391.43,7241.97,Surged Maintain Status Quo,Mongolia,MNG,2021-05-03,v8,TRUE
2021-05-09,prevalence,24877.33,30670.23,37106.8,37106.8,43543.36,49336.27,Surged Maintain Status Quo,Mongolia,MNG,2021-05-03,v8,TRUE
2021-05-09,cumulative_infections,119733.04,132598.83,146894.16,146894.16,161189.49,174055.28,Surged Maintain Status Quo,Mongolia,MNG,2021-05-03,v8,TRUE
2021-05-09,cumulative_deaths,157.92,166.49,176,176,185.52,194.08,Surged Maintain Status Quo,Mongolia,MNG,2021-05-03,v8,TRUE
2021-05-09,Rt,1.24,1.29,1.34,1.34,1.39,1.43,Surged Maintain Status Quo,Mongolia,MNG,2021-05-03,v8,TRUE
2021-05-09,Reff,0.97,1,1.03,1.03,1.06,1.09,Surged Maintain Status Quo,Mongolia,MNG,2021-05-03,v8,TRUE
2021-05-09,deaths,5.65,6.29,7.01,7.01,7.72,8.36,Surged Relax Interventions 50%,Mongolia,MNG,2021-05-03,v8,TRUE
2021-05-09,hospital_demand,244.85,279.57,318.14,318.14,356.72,391.43,Surged Relax Interventions 50%,Mongolia,MNG,2021-05-03,v8,TRUE
2021-05-09,ICU_demand,91.47,103.02,115.85,115.85,128.69,140.24,Surged Relax Interventions 50%,Mongolia,MNG,2021-05-03,v8,TRUE
2021-05-09,infections,5400.09,6693.59,8130.82,8130.82,9568.04,10861.55,Surged Relax Interventions 50%,Mongolia,MNG,2021-05-03,v8,TRUE
2021-05-09,prevalence,37173.14,46131.2,56084.6,56084.6,66037.99,74996.05,Surged Relax Interventions 50%,Mongolia,MNG,2021-05-03,v8,TRUE
2021-05-09,cumulative_infections,125169.95,139357.8,155122.07,155122.07,170886.35,185074.2,Surged Relax Interventions 50%,Mongolia,MNG,2021-05-03,v8,TRUE
2021-05-09,cumulative_deaths,157.96,166.54,176.06,176.06,185.59,194.17,Surged Relax Interventions 50%,Mongolia,MNG,2021-05-03,v8,TRUE
2021-05-09,Rt,1.24,1.29,1.34,1.34,1.39,1.43,Surged Relax Interventions 50%,Mongolia,MNG,2021-05-03,v8,TRUE
2021-05-09,Reff,0.97,0.99,1.02,1.02,1.05,1.07,Surged Relax Interventions 50%,Mongolia,MNG,2021-05-03,v8,TRUE
2021-05-10,deaths,5.49,6.14,6.87,6.87,7.59,8.24,Additional 50% Reduction,Mongolia,MNG,2021-05-03,v8,TRUE
2021-05-10,hospital_demand,228.1,260.79,297.1,297.1,333.42,366.1,Additional 50% Reduction,Mongolia,MNG,2021-05-03,v8,TRUE
2021-05-10,ICU_demand,86.81,97.91,110.24,110.24,122.58,133.68,Additional 50% Reduction,Mongolia,MNG,2021-05-03,v8,TRUE
2021-05-10,infections,1980.81,2434.67,2938.96,2938.96,3443.24,3897.1,Additional 50% Reduction,Mongolia,MNG,2021-05-03,v8,TRUE
2021-05-10,prevalence,13600.19,16675.87,20093.3,20093.3,23510.72,26586.4,Additional 50% Reduction,Mongolia,MNG,2021-05-03,v8,TRUE
2021-05-10,cumulative_infections,116777.37,128912.22,142395.38,142395.38,155878.54,168013.38,Additional 50% Reduction,Mongolia,MNG,2021-05-03,v8,TRUE
2021-05-10,cumulative_deaths,163.38,172.58,182.81,182.81,193.04,202.24,Additional 50% Reduction,Mongolia,MNG,2021-05-03,v8,TRUE
2021-05-10,Rt,1.24,1.29,1.34,1.34,1.39,1.43,Additional 50% Reduction,Mongolia,MNG,2021-05-03,v8,TRUE
2021-05-10,Reff,1.04,1.07,1.11,1.11,1.14,1.17,Additional 50% Reduction,Mongolia,MNG,2021-05-03,v8,TRUE
2021-05-10,deaths,5.55,6.21,6.94,6.94,7.68,8.34,Maintain Status Quo,Mongolia,MNG,2021-05-03,v8,TRUE
2021-05-10,hospital_demand,237.33,272.18,310.9,310.9,349.62,384.47,Maintain Status Quo,Mongolia,MNG,2021-05-03,v8,TRUE
2021-05-10,ICU_demand,89.32,101.01,114,114,126.99,138.68,Maintain Status Quo,Mongolia,MNG,2021-05-03,v8,TRUE
2021-05-10,infections,3676.87,4564.09,5549.9,5549.9,6535.71,7422.94,Maintain Status Quo,Mongolia,MNG,2021-05-03,v8,TRUE
2021-05-10,prevalence,25048.1,31088.73,37800.55,37800.55,44512.36,50552.99,Maintain Status Quo,Mongolia,MNG,2021-05-03,v8,TRUE
2021-05-10,cumulative_infections,123409.9,137162.93,152444.06,152444.06,167725.2,181478.22,Maintain Status Quo,Mongolia,MNG,2021-05-03,v8,TRUE
2021-05-10,cumulative_deaths,163.47,172.7,182.95,182.95,193.2,202.43,Maintain Status Quo,Mongolia,MNG,2021-05-03,v8,TRUE
2021-05-10,Rt,1.24,1.29,1.34,1.34,1.39,1.43,Maintain Status Quo,Mongolia,MNG,2021-05-03,v8,TRUE
2021-05-10,Reff,1.04,1.06,1.1,1.1,1.13,1.16,Maintain Status Quo,Mongolia,MNG,2021-05-03,v8,TRUE
2021-05-10,deaths,5.6,6.28,7.03,7.03,7.78,8.45,Relax Interventions 50%,Mongolia,MNG,2021-05-03,v8,TRUE
2021-05-10,hospital_demand,247.13,284.29,325.59,325.59,366.88,404.04,Relax Interventions 50%,Mongolia,MNG,2021-05-03,v8,TRUE
2021-05-10,ICU_demand,91.99,104.31,118,118,131.68,144,Relax Interventions 50%,Mongolia,MNG,2021-05-03,v8,TRUE
2021-05-10,infections,5804.48,7246.79,8849.36,8849.36,10451.92,11894.23,Relax Interventions 50%,Mongolia,MNG,2021-05-03,v8,TRUE
2021-05-10,prevalence,39900.11,49873,60953.99,60953.99,72034.97,82007.86,Relax Interventions 50%,Mongolia,MNG,2021-05-03,v8,TRUE
2021-05-10,cumulative_infections,130974.43,146604.59,163971.43,163971.43,181338.27,196968.43,Relax Interventions 50%,Mongolia,MNG,2021-05-03,v8,TRUE
2021-05-10,cumulative_deaths,163.57,172.81,183.09,183.09,193.37,202.62,Relax Interventions 50%,Mongolia,MNG,2021-05-03,v8,TRUE
2021-05-10,Rt,1.24,1.29,1.34,1.34,1.39,1.43,Relax Interventions 50%,Mongolia,MNG,2021-05-03,v8,TRUE
2021-05-10,Reff,1.03,1.05,1.08,1.08,1.11,1.14,Relax Interventions 50%,Mongolia,MNG,2021-05-03,v8,TRUE
2021-05-10,deaths,5.49,6.14,6.87,6.87,7.59,8.24,Surged Additional 50% Reduction,Mongolia,MNG,2021-05-03,v8,TRUE
2021-05-10,hospital_demand,228.1,260.79,297.1,297.1,333.42,366.1,Surged Additional 50% Reduction,Mongolia,MNG,2021-05-03,v8,TRUE
2021-05-10,ICU_demand,86.81,97.91,110.24,110.24,122.58,133.68,Surged Additional 50% Reduction,Mongolia,MNG,2021-05-03,v8,TRUE
2021-05-10,infections,1980.81,2434.67,2938.96,2938.96,3443.24,3897.1,Surged Additional 50% Reduction,Mongolia,MNG,2021-05-03,v8,TRUE
2021-05-10,prevalence,13600.19,16675.87,20093.3,20093.3,23510.72,26586.4,Surged Additional 50% Reduction,Mongolia,MNG,2021-05-03,v8,TRUE
2021-05-10,cumulative_infections,116777.37,128912.22,142395.38,142395.38,155878.54,168013.38,Surged Additional 50% Reduction,Mongolia,MNG,2021-05-03,v8,TRUE
2021-05-10,cumulative_deaths,163.38,172.58,182.81,182.81,193.04,202.24,Surged Additional 50% Reduction,Mongolia,MNG,2021-05-03,v8,TRUE
2021-05-10,Rt,1.24,1.29,1.34,1.34,1.39,1.43,Surged Additional 50% Reduction,Mongolia,MNG,2021-05-03,v8,TRUE
2021-05-10,Reff,0.98,1.01,1.04,1.04,1.07,1.1,Surged Additional 50% Reduction,Mongolia,MNG,2021-05-03,v8,TRUE
2021-05-10,deaths,5.55,6.21,6.94,6.94,7.68,8.34,Surged Maintain Status Quo,Mongolia,MNG,2021-05-03,v8,TRUE
2021-05-10,hospital_demand,237.33,272.18,310.9,310.9,349.62,384.47,Surged Maintain Status Quo,Mongolia,MNG,2021-05-03,v8,TRUE
2021-05-10,ICU_demand,89.32,101.01,114,114,126.99,138.68,Surged Maintain Status Quo,Mongolia,MNG,2021-05-03,v8,TRUE
2021-05-10,infections,3676.87,4564.09,5549.9,5549.9,6535.71,7422.94,Surged Maintain Status Quo,Mongolia,MNG,2021-05-03,v8,TRUE
2021-05-10,prevalence,25048.1,31088.73,37800.55,37800.55,44512.36,50552.99,Surged Maintain Status Quo,Mongolia,MNG,2021-05-03,v8,TRUE
2021-05-10,cumulative_infections,123409.9,137162.93,152444.06,152444.06,167725.2,181478.22,Surged Maintain Status Quo,Mongolia,MNG,2021-05-03,v8,TRUE
2021-05-10,cumulative_deaths,163.47,172.7,182.95,182.95,193.2,202.43,Surged Maintain Status Quo,Mongolia,MNG,2021-05-03,v8,TRUE
2021-05-10,Rt,1.24,1.29,1.34,1.34,1.39,1.43,Surged Maintain Status Quo,Mongolia,MNG,2021-05-03,v8,TRUE
2021-05-10,Reff,0.97,1,1.03,1.03,1.06,1.08,Surged Maintain Status Quo,Mongolia,MNG,2021-05-03,v8,TRUE
2021-05-10,deaths,5.6,6.28,7.03,7.03,7.78,8.45,Surged Relax Interventions 50%,Mongolia,MNG,2021-05-03,v8,TRUE
2021-05-10,hospital_demand,247.13,284.29,325.59,325.59,366.88,404.04,Surged Relax Interventions 50%,Mongolia,MNG,2021-05-03,v8,TRUE
2021-05-10,ICU_demand,91.99,104.31,118,118,131.68,144,Surged Relax Interventions 50%,Mongolia,MNG,2021-05-03,v8,TRUE
2021-05-10,infections,5804.48,7246.79,8849.36,8849.36,10451.92,11894.23,Surged Relax Interventions 50%,Mongolia,MNG,2021-05-03,v8,TRUE
2021-05-10,prevalence,39900.11,49873,60953.99,60953.99,72034.97,82007.86,Surged Relax Interventions 50%,Mongolia,MNG,2021-05-03,v8,TRUE
2021-05-10,cumulative_infections,130974.43,146604.59,163971.43,163971.43,181338.27,196968.43,Surged Relax Interventions 50%,Mongolia,MNG,2021-05-03,v8,TRUE
2021-05-10,cumulative_deaths,163.57,172.81,183.09,183.09,193.37,202.62,Surged Relax Interventions 50%,Mongolia,MNG,2021-05-03,v8,TRUE
2021-05-10,Rt,1.24,1.29,1.34,1.34,1.39,1.43,Surged Relax Interventions 50%,Mongolia,MNG,2021-05-03,v8,TRUE
2021-05-10,Reff,0.96,0.99,1.01,1.01,1.04,1.06,Surged Relax Interventions 50%,Mongolia,MNG,2021-05-03,v8,TRUE
2021-05-11,deaths,5.38,6.04,6.78,6.78,7.52,8.19,Additional 50% Reduction,Mongolia,MNG,2021-05-03,v8,TRUE
2021-05-11,hospital_demand,221.67,254.7,291.39,291.39,328.08,361.1,Additional 50% Reduction,Mongolia,MNG,2021-05-03,v8,TRUE
2021-05-11,ICU_demand,84.89,96.18,108.73,108.73,121.27,132.57,Additional 50% Reduction,Mongolia,MNG,2021-05-03,v8,TRUE
2021-05-11,infections,1813.07,2241.22,2716.93,2716.93,3192.65,3620.79,Additional 50% Reduction,Mongolia,MNG,2021-05-03,v8,TRUE
2021-05-11,prevalence,12497.57,15407.37,18640.49,18640.49,21873.6,24783.41,Additional 50% Reduction,Mongolia,MNG,2021-05-03,v8,TRUE
2021-05-11,cumulative_infections,118590.45,131153.43,145112.31,145112.31,159071.18,171634.17,Additional 50% Reduction,Mongolia,MNG,2021-05-03,v8,TRUE
2021-05-11,cumulative_deaths,168.75,178.62,189.59,189.59,200.56,210.43,Additional 50% Reduction,Mongolia,MNG,2021-05-03,v8,TRUE
2021-05-11,Rt,1.24,1.29,1.34,1.34,1.39,1.43,Additional 50% Reduction,Mongolia,MNG,2021-05-03,v8,TRUE
2021-05-11,Reff,1.04,1.07,1.11,1.11,1.14,1.17,Additional 50% Reduction,Mongolia,MNG,2021-05-03,v8,TRUE
2021-05-11,deaths,5.47,6.16,6.92,6.92,7.69,8.38,Maintain Status Quo,Mongolia,MNG,2021-05-03,v8,TRUE
2021-05-11,hospital_demand,235.67,272.01,312.4,312.4,352.78,389.12,Maintain Status Quo,Mongolia,MNG,2021-05-03,v8,TRUE
2021-05-11,ICU_demand,88.73,100.93,114.48,114.48,128.04,140.24,Maintain Status Quo,Mongolia,MNG,2021-05-03,v8,TRUE
2021-05-11,infections,3701.97,4626.01,5652.73,5652.73,6679.45,7603.5,Maintain Status Quo,Mongolia,MNG,2021-05-03,v8,TRUE
2021-05-11,prevalence,25213.02,31502.39,38490.58,38490.58,45478.78,51768.15,Maintain Status Quo,Mongolia,MNG,2021-05-03,v8,TRUE
2021-05-11,cumulative_infections,127111.87,141788.94,158096.8,158096.8,174404.65,189081.72,Maintain Status Quo,Mongolia,MNG,2021-05-03,v8,TRUE
2021-05-11,cumulative_deaths,168.94,178.85,189.87,189.87,200.89,210.8,Maintain Status Quo,Mongolia,MNG,2021-05-03,v8,TRUE
2021-05-11,Rt,1.24,1.29,1.34,1.34,1.39,1.43,Maintain Status Quo,Mongolia,MNG,2021-05-03,v8,TRUE
2021-05-11,Reff,1.03,1.06,1.09,1.09,1.12,1.15,Maintain Status Quo,Mongolia,MNG,2021-05-03,v8,TRUE
2021-05-11,deaths,5.57,6.28,7.07,7.07,7.86,8.57,Relax Interventions 50%,Mongolia,MNG,2021-05-03,v8,TRUE
2021-05-11,hospital_demand,250.88,290.88,335.33,335.33,379.77,419.77,Relax Interventions 50%,Mongolia,MNG,2021-05-03,v8,TRUE
2021-05-11,ICU_demand,92.89,106.09,120.76,120.76,135.42,148.62,Relax Interventions 50%,Mongolia,MNG,2021-05-03,v8,TRUE
2021-05-11,infections,6232.34,7835.66,9617.13,9617.13,11398.6,13001.92,Relax Interventions 50%,Mongolia,MNG,2021-05-03,v8,TRUE
2021-05-11,prevalence,42804.36,53877.16,66180.28,66180.28,78483.4,89556.2,Relax Interventions 50%,Mongolia,MNG,2021-05-03,v8,TRUE
2021-05-11,cumulative_infections,137206.78,154440.25,173588.56,173588.56,192736.87,209970.35,Relax Interventions 50%,Mongolia,MNG,2021-05-03,v8,TRUE
2021-05-11,cumulative_deaths,169.14,179.1,190.16,190.16,201.23,211.19,Relax Interventions 50%,Mongolia,MNG,2021-05-03,v8,TRUE
2021-05-11,Rt,1.24,1.29,1.34,1.34,1.39,1.43,Relax Interventions 50%,Mongolia,MNG,2021-05-03,v8,TRUE
2021-05-11,Reff,1.02,1.05,1.07,1.07,1.1,1.13,Relax Interventions 50%,Mongolia,MNG,2021-05-03,v8,TRUE
2021-05-11,deaths,5.38,6.04,6.78,6.78,7.52,8.19,Surged Additional 50% Reduction,Mongolia,MNG,2021-05-03,v8,TRUE
2021-05-11,hospital_demand,221.67,254.7,291.39,291.39,328.08,361.1,Surged Additional 50% Reduction,Mongolia,MNG,2021-05-03,v8,TRUE
2021-05-11,ICU_demand,84.89,96.18,108.73,108.73,121.27,132.57,Surged Additional 50% Reduction,Mongolia,MNG,2021-05-03,v8,TRUE
2021-05-11,infections,1813.07,2241.22,2716.93,2716.93,3192.65,3620.79,Surged Additional 50% Reduction,Mongolia,MNG,2021-05-03,v8,TRUE
2021-05-11,prevalence,12497.57,15407.37,18640.49,18640.49,21873.6,24783.41,Surged Additional 50% Reduction,Mongolia,MNG,2021-05-03,v8,TRUE
2021-05-11,cumulative_infections,118590.45,131153.43,145112.31,145112.31,159071.18,171634.17,Surged Additional 50% Reduction,Mongolia,MNG,2021-05-03,v8,TRUE
2021-05-11,cumulative_deaths,168.75,178.62,189.59,189.59,200.56,210.43,Surged Additional 50% Reduction,Mongolia,MNG,2021-05-03,v8,TRUE
2021-05-11,Rt,1.24,1.29,1.34,1.34,1.39,1.43,Surged Additional 50% Reduction,Mongolia,MNG,2021-05-03,v8,TRUE
2021-05-11,Reff,0.98,1.01,1.04,1.04,1.07,1.1,Surged Additional 50% Reduction,Mongolia,MNG,2021-05-03,v8,TRUE
2021-05-11,deaths,5.47,6.16,6.92,6.92,7.69,8.38,Surged Maintain Status Quo,Mongolia,MNG,2021-05-03,v8,TRUE
2021-05-11,hospital_demand,235.67,272.01,312.4,312.4,352.78,389.12,Surged Maintain Status Quo,Mongolia,MNG,2021-05-03,v8,TRUE
2021-05-11,ICU_demand,88.73,100.93,114.48,114.48,128.04,140.24,Surged Maintain Status Quo,Mongolia,MNG,2021-05-03,v8,TRUE
2021-05-11,infections,3701.97,4626.01,5652.73,5652.73,6679.45,7603.5,Surged Maintain Status Quo,Mongolia,MNG,2021-05-03,v8,TRUE
2021-05-11,prevalence,25213.02,31502.39,38490.58,38490.58,45478.78,51768.15,Surged Maintain Status Quo,Mongolia,MNG,2021-05-03,v8,TRUE
2021-05-11,cumulative_infections,127111.87,141788.94,158096.8,158096.8,174404.65,189081.72,Surged Maintain Status Quo,Mongolia,MNG,2021-05-03,v8,TRUE
2021-05-11,cumulative_deaths,168.94,178.85,189.87,189.87,200.89,210.8,Surged Maintain Status Quo,Mongolia,MNG,2021-05-03,v8,TRUE
2021-05-11,Rt,1.24,1.29,1.34,1.34,1.39,1.43,Surged Maintain Status Quo,Mongolia,MNG,2021-05-03,v8,TRUE
2021-05-11,Reff,0.97,1,1.02,1.02,1.05,1.08,Surged Maintain Status Quo,Mongolia,MNG,2021-05-03,v8,TRUE
2021-05-11,deaths,5.57,6.28,7.07,7.07,7.86,8.57,Surged Relax Interventions 50%,Mongolia,MNG,2021-05-03,v8,TRUE
2021-05-11,hospital_demand,250.88,290.88,335.33,335.33,379.77,419.77,Surged Relax Interventions 50%,Mongolia,MNG,2021-05-03,v8,TRUE
2021-05-11,ICU_demand,92.89,106.09,120.76,120.76,135.42,148.62,Surged Relax Interventions 50%,Mongolia,MNG,2021-05-03,v8,TRUE
2021-05-11,infections,6232.34,7835.66,9617.13,9617.13,11398.6,13001.92,Surged Relax Interventions 50%,Mongolia,MNG,2021-05-03,v8,TRUE
2021-05-11,prevalence,42804.36,53877.16,66180.28,66180.28,78483.4,89556.2,Surged Relax Interventions 50%,Mongolia,MNG,2021-05-03,v8,TRUE
2021-05-11,cumulative_infections,137206.78,154440.25,173588.56,173588.56,192736.87,209970.35,Surged Relax Interventions 50%,Mongolia,MNG,2021-05-03,v8,TRUE
2021-05-11,cumulative_deaths,169.14,179.1,190.16,190.16,201.23,211.19,Surged Relax Interventions 50%,Mongolia,MNG,2021-05-03,v8,TRUE
2021-05-11,Rt,1.24,1.29,1.34,1.34,1.39,1.43,Surged Relax Interventions 50%,Mongolia,MNG,2021-05-03,v8,TRUE
2021-05-11,Reff,0.96,0.98,1.01,1.01,1.03,1.05,Surged Relax Interventions 50%,Mongolia,MNG,2021-05-03,v8,TRUE
2021-05-12,deaths,5.24,5.92,6.67,6.67,7.43,8.11,Additional 50% Reduction,Mongolia,MNG,2021-05-03,v8,TRUE
2021-05-12,hospital_demand,214.36,247.48,284.27,284.27,321.07,354.18,Additional 50% Reduction,Mongolia,MNG,2021-05-03,v8,TRUE
2021-05-12,ICU_demand,82.69,94.1,106.78,106.78,119.45,130.86,Additional 50% Reduction,Mongolia,MNG,2021-05-03,v8,TRUE
2021-05-12,infections,1661.32,2065.31,2514.2,2514.2,2963.08,3367.07,Additional 50% Reduction,Mongolia,MNG,2021-05-03,v8,TRUE
2021-05-12,prevalence,11482.24,14233.06,17289.53,17289.53,20346,23096.82,Additional 50% Reduction,Mongolia,MNG,2021-05-03,v8,TRUE
2021-05-12,cumulative_infections,120251.76,133218.75,147626.5,147626.5,162034.26,175001.24,Additional 50% Reduction,Mongolia,MNG,2021-05-03,v8,TRUE
2021-05-12,cumulative_deaths,173.99,184.54,196.27,196.27,207.99,218.54,Additional 50% Reduction,Mongolia,MNG,2021-05-03,v8,TRUE
2021-05-12,Rt,1.24,1.29,1.34,1.34,1.39,1.43,Additional 50% Reduction,Mongolia,MNG,2021-05-03,v8,TRUE
2021-05-12,Reff,1.04,1.07,1.1,1.1,1.14,1.17,Additional 50% Reduction,Mongolia,MNG,2021-05-03,v8,TRUE
2021-05-12,deaths,5.39,6.11,6.9,6.9,7.7,8.41,Maintain Status Quo,Mongolia,MNG,2021-05-03,v8,TRUE
2021-05-12,hospital_demand,234.11,271.98,314.06,314.06,356.13,394,Maintain Status Quo,Mongolia,MNG,2021-05-03,v8,TRUE
2021-05-12,ICU_demand,88.14,100.86,114.99,114.99,129.12,141.84,Maintain Status Quo,Mongolia,MNG,2021-05-03,v8,TRUE
2021-05-12,infections,3726.16,4687.11,5754.83,5754.83,6822.55,7783.5,Maintain Status Quo,Mongolia,MNG,2021-05-03,v8,TRUE
2021-05-12,prevalence,25372.1,31910.79,39176,39176,46441.21,52979.89,Maintain Status Quo,Mongolia,MNG,2021-05-03,v8,TRUE
2021-05-12,cumulative_infections,130838.03,146476.05,163851.63,163851.63,181227.2,196865.22,Maintain Status Quo,Mongolia,MNG,2021-05-03,v8,TRUE
2021-05-12,cumulative_deaths,174.33,184.96,196.77,196.77,208.58,219.21,Maintain Status Quo,Mongolia,MNG,2021-05-03,v8,TRUE
2021-05-12,Rt,1.24,1.29,1.34,1.34,1.39,1.43,Maintain Status Quo,Mongolia,MNG,2021-05-03,v8,TRUE
2021-05-12,Reff,1.03,1.06,1.09,1.09,1.12,1.15,Maintain Status Quo,Mongolia,MNG,2021-05-03,v8,TRUE
2021-05-12,deaths,5.56,6.31,7.15,7.15,7.98,8.74,Relax Interventions 50%,Mongolia,MNG,2021-05-03,v8,TRUE
2021-05-12,hospital_demand,256.18,299.45,347.53,347.53,395.61,438.87,Relax Interventions 50%,Mongolia,MNG,2021-05-03,v8,TRUE
2021-05-12,ICU_demand,94.21,108.41,124.2,124.2,139.98,154.18,Relax Interventions 50%,Mongolia,MNG,2021-05-03,v8,TRUE
2021-05-12,infections,6686.33,8463.49,10438.12,10438.12,12412.74,14189.9,Relax Interventions 50%,Mongolia,MNG,2021-05-03,v8,TRUE
2021-05-12,prevalence,45893,58152.7,71774.59,71774.59,85396.48,97656.18,Relax Interventions 50%,Mongolia,MNG,2021-05-03,v8,TRUE
2021-05-12,cumulative_infections,143893.1,162903.74,184026.68,184026.68,205149.61,224160.25,Relax Interventions 50%,Mongolia,MNG,2021-05-03,v8,TRUE
2021-05-12,cumulative_deaths,174.69,185.41,197.31,197.31,209.22,219.93,Relax Interventions 50%,Mongolia,MNG,2021-05-03,v8,TRUE
2021-05-12,Rt,1.24,1.29,1.34,1.34,1.39,1.43,Relax Interventions 50%,Mongolia,MNG,2021-05-03,v8,TRUE
2021-05-12,Reff,1.02,1.04,1.07,1.07,1.09,1.12,Relax Interventions 50%,Mongolia,MNG,2021-05-03,v8,TRUE
2021-05-12,deaths,5.24,5.92,6.67,6.67,7.43,8.11,Surged Additional 50% Reduction,Mongolia,MNG,2021-05-03,v8,TRUE
2021-05-12,hospital_demand,214.36,247.48,284.27,284.27,321.07,354.18,Surged Additional 50% Reduction,Mongolia,MNG,2021-05-03,v8,TRUE
2021-05-12,ICU_demand,82.69,94.1,106.78,106.78,119.45,130.86,Surged Additional 50% Reduction,Mongolia,MNG,2021-05-03,v8,TRUE
2021-05-12,infections,1661.32,2065.31,2514.2,2514.2,2963.08,3367.07,Surged Additional 50% Reduction,Mongolia,MNG,2021-05-03,v8,TRUE
2021-05-12,prevalence,11482.24,14233.06,17289.53,17289.53,20346,23096.82,Surged Additional 50% Reduction,Mongolia,MNG,2021-05-03,v8,TRUE
2021-05-12,cumulative_infections,120251.76,133218.75,147626.5,147626.5,162034.26,175001.24,Surged Additional 50% Reduction,Mongolia,MNG,2021-05-03,v8,TRUE
2021-05-12,cumulative_deaths,173.99,184.54,196.27,196.27,207.99,218.54,Surged Additional 50% Reduction,Mongolia,MNG,2021-05-03,v8,TRUE
2021-05-12,Rt,1.24,1.29,1.34,1.34,1.39,1.43,Surged Additional 50% Reduction,Mongolia,MNG,2021-05-03,v8,TRUE
2021-05-12,Reff,0.98,1,1.04,1.04,1.07,1.09,Surged Additional 50% Reduction,Mongolia,MNG,2021-05-03,v8,TRUE
2021-05-12,deaths,5.39,6.11,6.9,6.9,7.7,8.41,Surged Maintain Status Quo,Mongolia,MNG,2021-05-03,v8,TRUE
2021-05-12,hospital_demand,234.11,271.98,314.06,314.06,356.13,394,Surged Maintain Status Quo,Mongolia,MNG,2021-05-03,v8,TRUE
2021-05-12,ICU_demand,88.14,100.86,114.99,114.99,129.12,141.84,Surged Maintain Status Quo,Mongolia,MNG,2021-05-03,v8,TRUE
2021-05-12,infections,3726.16,4687.11,5754.83,5754.83,6822.55,7783.5,Surged Maintain Status Quo,Mongolia,MNG,2021-05-03,v8,TRUE
2021-05-12,prevalence,25372.1,31910.79,39176,39176,46441.21,52979.89,Surged Maintain Status Quo,Mongolia,MNG,2021-05-03,v8,TRUE
2021-05-12,cumulative_infections,130838.03,146476.05,163851.63,163851.63,181227.2,196865.22,Surged Maintain Status Quo,Mongolia,MNG,2021-05-03,v8,TRUE
2021-05-12,cumulative_deaths,174.33,184.96,196.77,196.77,208.58,219.21,Surged Maintain Status Quo,Mongolia,MNG,2021-05-03,v8,TRUE
2021-05-12,Rt,1.24,1.29,1.34,1.34,1.39,1.43,Surged Maintain Status Quo,Mongolia,MNG,2021-05-03,v8,TRUE
2021-05-12,Reff,0.97,0.99,1.02,1.02,1.05,1.07,Surged Maintain Status Quo,Mongolia,MNG,2021-05-03,v8,TRUE
2021-05-12,deaths,5.56,6.31,7.15,7.15,7.98,8.74,Surged Relax Interventions 50%,Mongolia,MNG,2021-05-03,v8,TRUE
2021-05-12,hospital_demand,256.18,299.45,347.53,347.53,395.61,438.87,Surged Relax Interventions 50%,Mongolia,MNG,2021-05-03,v8,TRUE
2021-05-12,ICU_demand,94.21,108.41,124.2,124.2,139.98,154.18,Surged Relax Interventions 50%,Mongolia,MNG,2021-05-03,v8,TRUE
2021-05-12,infections,6686.33,8463.49,10438.12,10438.12,12412.74,14189.9,Surged Relax Interventions 50%,Mongolia,MNG,2021-05-03,v8,TRUE
2021-05-12,prevalence,45893,58152.7,71774.59,71774.59,85396.48,97656.18,Surged Relax Interventions 50%,Mongolia,MNG,2021-05-03,v8,TRUE
2021-05-12,cumulative_infections,143893.1,162903.74,184026.68,184026.68,205149.61,224160.25,Surged Relax Interventions 50%,Mongolia,MNG,2021-05-03,v8,TRUE
2021-05-12,cumulative_deaths,174.69,185.41,197.31,197.31,209.22,219.93,Surged Relax Interventions 50%,Mongolia,MNG,2021-05-03,v8,TRUE
2021-05-12,Rt,1.24,1.29,1.34,1.34,1.39,1.43,Surged Relax Interventions 50%,Mongolia,MNG,2021-05-03,v8,TRUE
2021-05-12,Reff,0.95,0.98,1,1,1.02,1.04,Surged Relax Interventions 50%,Mongolia,MNG,2021-05-03,v8,TRUE
2021-05-13,deaths,5.09,5.78,6.54,6.54,7.31,7.99,Additional 50% Reduction,Mongolia,MNG,2021-05-03,v8,TRUE
2021-05-13,hospital_demand,206.3,239.28,275.92,275.92,312.56,345.54,Additional 50% Reduction,Mongolia,MNG,2021-05-03,v8,TRUE
2021-05-13,ICU_demand,80.23,91.69,104.42,104.42,117.15,128.61,Additional 50% Reduction,Mongolia,MNG,2021-05-03,v8,TRUE
2021-05-13,infections,1523.22,1904.37,2327.88,2327.88,2751.38,3132.53,Additional 50% Reduction,Mongolia,MNG,2021-05-03,v8,TRUE
2021-05-13,prevalence,10548,13146.73,16034.2,16034.2,18921.67,21520.39,Additional 50% Reduction,Mongolia,MNG,2021-05-03,v8,TRUE
2021-05-13,cumulative_infections,121774.98,135123.12,149954.38,149954.38,164785.64,178133.78,Additional 50% Reduction,Mongolia,MNG,2021-05-03,v8,TRUE
2021-05-13,cumulative_deaths,179.08,190.32,202.81,202.81,215.29,226.53,Additional 50% Reduction,Mongolia,MNG,2021-05-03,v8,TRUE
2021-05-13,Rt,1.24,1.29,1.34,1.34,1.39,1.43,Additional 50% Reduction,Mongolia,MNG,2021-05-03,v8,TRUE
2021-05-13,Reff,1.04,1.07,1.1,1.1,1.14,1.17,Additional 50% Reduction,Mongolia,MNG,2021-05-03,v8,TRUE
2021-05-13,deaths,5.32,6.06,6.88,6.88,7.71,8.45,Maintain Status Quo,Mongolia,MNG,2021-05-03,v8,TRUE
2021-05-13,hospital_demand,232.67,272.09,315.89,315.89,359.69,399.11,Maintain Status Quo,Mongolia,MNG,2021-05-03,v8,TRUE
2021-05-13,ICU_demand,87.56,100.8,115.52,115.52,130.24,143.49,Maintain Status Quo,Mongolia,MNG,2021-05-03,v8,TRUE
2021-05-13,infections,3749.47,4747.34,5856.08,5856.08,6964.83,7962.7,Maintain Status Quo,Mongolia,MNG,2021-05-03,v8,TRUE
2021-05-13,prevalence,25525.35,32313.46,39855.8,39855.8,47398.14,54186.25,Maintain Status Quo,Mongolia,MNG,2021-05-03,v8,TRUE
2021-05-13,cumulative_infections,134587.5,151223.39,169707.71,169707.71,188192.03,204827.92,Maintain Status Quo,Mongolia,MNG,2021-05-03,v8,TRUE
2021-05-13,cumulative_deaths,179.65,191.02,203.66,203.66,216.29,227.66,Maintain Status Quo,Mongolia,MNG,2021-05-03,v8,TRUE
2021-05-13,Rt,1.24,1.29,1.34,1.34,1.39,1.43,Maintain Status Quo,Mongolia,MNG,2021-05-03,v8,TRUE
2021-05-13,Reff,1.03,1.06,1.09,1.09,1.11,1.14,Maintain Status Quo,Mongolia,MNG,2021-05-03,v8,TRUE
2021-05-13,deaths,5.57,6.37,7.26,7.26,8.15,8.95,Relax Interventions 50%,Mongolia,MNG,2021-05-03,v8,TRUE
2021-05-13,hospital_demand,263.08,310.09,362.31,362.31,414.53,461.53,Relax Interventions 50%,Mongolia,MNG,2021-05-03,v8,TRUE
2021-05-13,ICU_demand,95.98,111.32,128.37,128.37,145.42,160.76,Relax Interventions 50%,Mongolia,MNG,2021-05-03,v8,TRUE
2021-05-13,infections,7168.14,9132.27,11314.62,11314.62,13496.98,15461.11,Relax Interventions 50%,Mongolia,MNG,2021-05-03,v8,TRUE
2021-05-13,prevalence,49172.61,62706.8,77744.79,77744.79,92782.78,106316.97,Relax Interventions 50%,Mongolia,MNG,2021-05-03,v8,TRUE
2021-05-13,cumulative_infections,151061.24,172036.01,195341.3,195341.3,218646.6,239621.36,Relax Interventions 50%,Mongolia,MNG,2021-05-03,v8,TRUE
2021-05-13,cumulative_deaths,180.26,191.77,204.57,204.57,217.36,228.88,Relax Interventions 50%,Mongolia,MNG,2021-05-03,v8,TRUE
2021-05-13,Rt,1.24,1.29,1.34,1.34,1.39,1.43,Relax Interventions 50%,Mongolia,MNG,2021-05-03,v8,TRUE
2021-05-13,Reff,1.01,1.04,1.06,1.06,1.08,1.1,Relax Interventions 50%,Mongolia,MNG,2021-05-03,v8,TRUE
2021-05-13,deaths,5.09,5.78,6.54,6.54,7.31,7.99,Surged Additional 50% Reduction,Mongolia,MNG,2021-05-03,v8,TRUE
2021-05-13,hospital_demand,206.3,239.28,275.92,275.92,312.56,345.54,Surged Additional 50% Reduction,Mongolia,MNG,2021-05-03,v8,TRUE
2021-05-13,ICU_demand,80.23,91.69,104.42,104.42,117.15,128.61,Surged Additional 50% Reduction,Mongolia,MNG,2021-05-03,v8,TRUE
2021-05-13,infections,1523.22,1904.37,2327.88,2327.88,2751.38,3132.53,Surged Additional 50% Reduction,Mongolia,MNG,2021-05-03,v8,TRUE
2021-05-13,prevalence,10548,13146.73,16034.2,16034.2,18921.67,21520.39,Surged Additional 50% Reduction,Mongolia,MNG,2021-05-03,v8,TRUE
2021-05-13,cumulative_infections,121774.98,135123.12,149954.38,149954.38,164785.64,178133.78,Surged Additional 50% Reduction,Mongolia,MNG,2021-05-03,v8,TRUE
2021-05-13,cumulative_deaths,179.08,190.32,202.81,202.81,215.29,226.53,Surged Additional 50% Reduction,Mongolia,MNG,2021-05-03,v8,TRUE
2021-05-13,Rt,1.24,1.29,1.34,1.34,1.39,1.43,Surged Additional 50% Reduction,Mongolia,MNG,2021-05-03,v8,TRUE
2021-05-13,Reff,0.98,1,1.03,1.03,1.07,1.09,Surged Additional 50% Reduction,Mongolia,MNG,2021-05-03,v8,TRUE
2021-05-13,deaths,5.32,6.06,6.88,6.88,7.71,8.45,Surged Maintain Status Quo,Mongolia,MNG,2021-05-03,v8,TRUE
2021-05-13,hospital_demand,232.67,272.09,315.89,315.89,359.69,399.11,Surged Maintain Status Quo,Mongolia,MNG,2021-05-03,v8,TRUE
2021-05-13,ICU_demand,87.56,100.8,115.52,115.52,130.24,143.49,Surged Maintain Status Quo,Mongolia,MNG,2021-05-03,v8,TRUE
2021-05-13,infections,3749.47,4747.34,5856.08,5856.08,6964.83,7962.7,Surged Maintain Status Quo,Mongolia,MNG,2021-05-03,v8,TRUE
2021-05-13,prevalence,25525.35,32313.46,39855.8,39855.8,47398.14,54186.25,Surged Maintain Status Quo,Mongolia,MNG,2021-05-03,v8,TRUE
2021-05-13,cumulative_infections,134587.5,151223.39,169707.71,169707.71,188192.03,204827.92,Surged Maintain Status Quo,Mongolia,MNG,2021-05-03,v8,TRUE
2021-05-13,cumulative_deaths,179.65,191.02,203.66,203.66,216.29,227.66,Surged Maintain Status Quo,Mongolia,MNG,2021-05-03,v8,TRUE
2021-05-13,Rt,1.24,1.29,1.34,1.34,1.39,1.43,Surged Maintain Status Quo,Mongolia,MNG,2021-05-03,v8,TRUE
2021-05-13,Reff,0.97,0.99,1.02,1.02,1.04,1.07,Surged Maintain Status Quo,Mongolia,MNG,2021-05-03,v8,TRUE
2021-05-13,deaths,5.57,6.37,7.26,7.26,8.15,8.95,Surged Relax Interventions 50%,Mongolia,MNG,2021-05-03,v8,TRUE
2021-05-13,hospital_demand,263.08,310.09,362.31,362.31,414.53,461.53,Surged Relax Interventions 50%,Mongolia,MNG,2021-05-03,v8,TRUE
2021-05-13,ICU_demand,95.98,111.32,128.37,128.37,145.42,160.76,Surged Relax Interventions 50%,Mongolia,MNG,2021-05-03,v8,TRUE
2021-05-13,infections,7168.14,9132.27,11314.62,11314.62,13496.98,15461.11,Surged Relax Interventions 50%,Mongolia,MNG,2021-05-03,v8,TRUE
2021-05-13,prevalence,49172.61,62706.8,77744.79,77744.79,92782.78,106316.97,Surged Relax Interventions 50%,Mongolia,MNG,2021-05-03,v8,TRUE
2021-05-13,cumulative_infections,151061.24,172036.01,195341.3,195341.3,218646.6,239621.36,Surged Relax Interventions 50%,Mongolia,MNG,2021-05-03,v8,TRUE
2021-05-13,cumulative_deaths,180.26,191.77,204.57,204.57,217.36,228.88,Surged Relax Interventions 50%,Mongolia,MNG,2021-05-03,v8,TRUE
2021-05-13,Rt,1.24,1.29,1.34,1.34,1.39,1.43,Surged Relax Interventions 50%,Mongolia,MNG,2021-05-03,v8,TRUE
2021-05-13,Reff,0.95,0.97,0.99,0.99,1.01,1.03,Surged Relax Interventions 50%,Mongolia,MNG,2021-05-03,v8,TRUE
2021-05-14,deaths,4.93,5.62,6.39,6.39,7.15,7.85,Additional 50% Reduction,Mongolia,MNG,2021-05-03,v8,TRUE
2021-05-14,hospital_demand,197.63,230.26,266.52,266.52,302.78,335.41,Additional 50% Reduction,Mongolia,MNG,2021-05-03,v8,TRUE
2021-05-14,ICU_demand,77.56,89,101.72,101.72,114.43,125.87,Additional 50% Reduction,Mongolia,MNG,2021-05-03,v8,TRUE
2021-05-14,infections,1397.04,1756.51,2155.92,2155.92,2555.33,2914.8,Additional 50% Reduction,Mongolia,MNG,2021-05-03,v8,TRUE
2021-05-14,prevalence,9688.68,12142.12,14868.15,14868.15,17594.19,20047.62,Additional 50% Reduction,Mongolia,MNG,2021-05-03,v8,TRUE
2021-05-14,cumulative_infections,123172.02,136879.63,152110.3,152110.3,167340.98,181048.58,Additional 50% Reduction,Mongolia,MNG,2021-05-03,v8,TRUE
2021-05-14,cumulative_deaths,184.01,195.94,209.19,209.19,222.45,234.38,Additional 50% Reduction,Mongolia,MNG,2021-05-03,v8,TRUE
2021-05-14,Rt,1.24,1.29,1.34,1.34,1.39,1.43,Additional 50% Reduction,Mongolia,MNG,2021-05-03,v8,TRUE
2021-05-14,Reff,1.04,1.07,1.1,1.1,1.14,1.17,Additional 50% Reduction,Mongolia,MNG,2021-05-03,v8,TRUE
2021-05-14,deaths,5.24,6.01,6.87,6.87,7.72,8.49,Maintain Status Quo,Mongolia,MNG,2021-05-03,v8,TRUE
2021-05-14,hospital_demand,231.34,272.34,317.9,317.9,363.45,404.45,Maintain Status Quo,Mongolia,MNG,2021-05-03,v8,TRUE
2021-05-14,ICU_demand,86.99,100.78,116.09,116.09,131.4,145.18,Maintain Status Quo,Mongolia,MNG,2021-05-03,v8,TRUE
2021-05-14,infections,3771.86,4806.61,5956.33,5956.33,7106.05,8140.8,Maintain Status Quo,Mongolia,MNG,2021-05-03,v8,TRUE
2021-05-14,prevalence,25672.48,32709.69,40528.8,40528.8,48347.92,55385.12,Maintain Status Quo,Mongolia,MNG,2021-05-03,v8,TRUE
2021-05-14,cumulative_infections,138359.36,156030,175664.04,175664.04,195298.08,212968.72,Maintain Status Quo,Mongolia,MNG,2021-05-03,v8,TRUE
2021-05-14,cumulative_deaths,184.89,197.03,210.52,210.52,224.01,236.15,Maintain Status Quo,Mongolia,MNG,2021-05-03,v8,TRUE
2021-05-14,Rt,1.24,1.29,1.34,1.34,1.39,1.43,Maintain Status Quo,Mongolia,MNG,2021-05-03,v8,TRUE
2021-05-14,Reff,1.03,1.05,1.08,1.08,1.11,1.14,Maintain Status Quo,Mongolia,MNG,2021-05-03,v8,TRUE
2021-05-14,deaths,5.6,6.46,7.41,7.41,8.36,9.22,Relax Interventions 50%,Mongolia,MNG,2021-05-03,v8,TRUE
2021-05-14,hospital_demand,271.61,322.84,379.75,379.75,436.67,487.9,Relax Interventions 50%,Mongolia,MNG,2021-05-03,v8,TRUE
2021-05-14,ICU_demand,98.21,114.84,133.32,133.32,151.79,168.42,Relax Interventions 50%,Mongolia,MNG,2021-05-03,v8,TRUE
2021-05-14,infections,7678.98,9843.17,12247.83,12247.83,14652.49,16816.69,Relax Interventions 50%,Mongolia,MNG,2021-05-03,v8,TRUE
2021-05-14,prevalence,52649.22,67544.87,84095.58,84095.58,100646.3,115541.94,Relax Interventions 50%,Mongolia,MNG,2021-05-03,v8,TRUE
2021-05-14,cumulative_infections,158740.22,181879.18,207589.13,207589.13,233299.09,256438.05,Relax Interventions 50%,Mongolia,MNG,2021-05-03,v8,TRUE
2021-05-14,cumulative_deaths,185.86,198.23,211.98,211.98,225.73,238.1,Relax Interventions 50%,Mongolia,MNG,2021-05-03,v8,TRUE
2021-05-14,Rt,1.24,1.29,1.34,1.34,1.39,1.43,Relax Interventions 50%,Mongolia,MNG,2021-05-03,v8,TRUE
2021-05-14,Reff,1.01,1.03,1.05,1.05,1.07,1.09,Relax Interventions 50%,Mongolia,MNG,2021-05-03,v8,TRUE
2021-05-14,deaths,4.93,5.62,6.39,6.39,7.15,7.85,Surged Additional 50% Reduction,Mongolia,MNG,2021-05-03,v8,TRUE
2021-05-14,hospital_demand,197.63,230.26,266.52,266.52,302.78,335.41,Surged Additional 50% Reduction,Mongolia,MNG,2021-05-03,v8,TRUE
2021-05-14,ICU_demand,77.56,89,101.72,101.72,114.43,125.87,Surged Additional 50% Reduction,Mongolia,MNG,2021-05-03,v8,TRUE
2021-05-14,infections,1397.04,1756.51,2155.92,2155.92,2555.33,2914.8,Surged Additional 50% Reduction,Mongolia,MNG,2021-05-03,v8,TRUE
2021-05-14,prevalence,9688.68,12142.12,14868.15,14868.15,17594.19,20047.62,Surged Additional 50% Reduction,Mongolia,MNG,2021-05-03,v8,TRUE
2021-05-14,cumulative_infections,123172.02,136879.63,152110.3,152110.3,167340.98,181048.58,Surged Additional 50% Reduction,Mongolia,MNG,2021-05-03,v8,TRUE
2021-05-14,cumulative_deaths,184.01,195.94,209.19,209.19,222.45,234.38,Surged Additional 50% Reduction,Mongolia,MNG,2021-05-03,v8,TRUE
2021-05-14,Rt,1.24,1.29,1.34,1.34,1.39,1.43,Surged Additional 50% Reduction,Mongolia,MNG,2021-05-03,v8,TRUE
2021-05-14,Reff,0.98,1,1.03,1.03,1.06,1.09,Surged Additional 50% Reduction,Mongolia,MNG,2021-05-03,v8,TRUE
2021-05-14,deaths,5.24,6.01,6.87,6.87,7.72,8.49,Surged Maintain Status Quo,Mongolia,MNG,2021-05-03,v8,TRUE
2021-05-14,hospital_demand,231.34,272.34,317.9,317.9,363.45,404.45,Surged Maintain Status Quo,Mongolia,MNG,2021-05-03,v8,TRUE
2021-05-14,ICU_demand,86.99,100.78,116.09,116.09,131.4,145.18,Surged Maintain Status Quo,Mongolia,MNG,2021-05-03,v8,TRUE
2021-05-14,infections,3771.86,4806.61,5956.33,5956.33,7106.05,8140.8,Surged Maintain Status Quo,Mongolia,MNG,2021-05-03,v8,TRUE
2021-05-14,prevalence,25672.48,32709.69,40528.8,40528.8,48347.92,55385.12,Surged Maintain Status Quo,Mongolia,MNG,2021-05-03,v8,TRUE
2021-05-14,cumulative_infections,138359.36,156030,175664.04,175664.04,195298.08,212968.72,Surged Maintain Status Quo,Mongolia,MNG,2021-05-03,v8,TRUE
2021-05-14,cumulative_deaths,184.89,197.03,210.52,210.52,224.01,236.15,Surged Maintain Status Quo,Mongolia,MNG,2021-05-03,v8,TRUE
2021-05-14,Rt,1.24,1.29,1.34,1.34,1.39,1.43,Surged Maintain Status Quo,Mongolia,MNG,2021-05-03,v8,TRUE
2021-05-14,Reff,0.96,0.99,1.01,1.01,1.04,1.06,Surged Maintain Status Quo,Mongolia,MNG,2021-05-03,v8,TRUE
2021-05-14,deaths,5.6,6.46,7.41,7.41,8.36,9.22,Surged Relax Interventions 50%,Mongolia,MNG,2021-05-03,v8,TRUE
2021-05-14,hospital_demand,271.61,322.84,379.75,379.75,436.67,487.9,Surged Relax Interventions 50%,Mongolia,MNG,2021-05-03,v8,TRUE
2021-05-14,ICU_demand,98.21,114.84,133.32,133.32,151.79,168.42,Surged Relax Interventions 50%,Mongolia,MNG,2021-05-03,v8,TRUE
2021-05-14,infections,7678.98,9843.17,12247.83,12247.83,14652.49,16816.69,Surged Relax Interventions 50%,Mongolia,MNG,2021-05-03,v8,TRUE
2021-05-14,prevalence,52649.22,67544.87,84095.58,84095.58,100646.3,115541.94,Surged Relax Interventions 50%,Mongolia,MNG,2021-05-03,v8,TRUE
2021-05-14,cumulative_infections,158740.22,181879.18,207589.13,207589.13,233299.09,256438.05,Surged Relax Interventions 50%,Mongolia,MNG,2021-05-03,v8,TRUE
2021-05-14,cumulative_deaths,185.86,198.23,211.98,211.98,225.73,238.1,Surged Relax Interventions 50%,Mongolia,MNG,2021-05-03,v8,TRUE
2021-05-14,Rt,1.24,1.29,1.34,1.34,1.39,1.43,Surged Relax Interventions 50%,Mongolia,MNG,2021-05-03,v8,TRUE
2021-05-14,Reff,0.95,0.96,0.98,0.98,1,1.02,Surged Relax Interventions 50%,Mongolia,MNG,2021-05-03,v8,TRUE
2021-05-15,deaths,4.75,5.44,6.21,6.21,6.98,7.67,Additional 50% Reduction,Mongolia,MNG,2021-05-03,v8,TRUE
2021-05-15,hospital_demand,188.52,220.63,256.3,256.3,291.98,324.08,Additional 50% Reduction,Mongolia,MNG,2021-05-03,v8,TRUE
2021-05-15,ICU_demand,74.71,86.08,98.71,98.71,111.34,122.71,Additional 50% Reduction,Mongolia,MNG,2021-05-03,v8,TRUE
2021-05-15,infections,1281.48,1620.34,1996.85,1996.85,2373.35,2712.21,Additional 50% Reduction,Mongolia,MNG,2021-05-03,v8,TRUE
2021-05-15,prevalence,8898.42,11213.25,13785.28,13785.28,16357.31,18672.14,Additional 50% Reduction,Mongolia,MNG,2021-05-03,v8,TRUE
2021-05-15,cumulative_infections,124453.5,138499.97,154107.15,154107.15,169714.33,183760.79,Additional 50% Reduction,Mongolia,MNG,2021-05-03,v8,TRUE
2021-05-15,cumulative_deaths,188.76,201.38,215.4,215.4,229.43,242.05,Additional 50% Reduction,Mongolia,MNG,2021-05-03,v8,TRUE
2021-05-15,Rt,1.24,1.29,1.34,1.34,1.39,1.43,Additional 50% Reduction,Mongolia,MNG,2021-05-03,v8,TRUE
2021-05-15,Reff,1.04,1.07,1.1,1.1,1.13,1.16,Additional 50% Reduction,Mongolia,MNG,2021-05-03,v8,TRUE
2021-05-15,deaths,5.17,5.97,6.85,6.85,7.74,8.53,Maintain Status Quo,Mongolia,MNG,2021-05-03,v8,TRUE
2021-05-15,hospital_demand,230.14,272.74,320.08,320.08,367.42,410.02,Maintain Status Quo,Mongolia,MNG,2021-05-03,v8,TRUE
2021-05-15,ICU_demand,86.45,100.78,116.7,116.7,132.61,146.94,Maintain Status Quo,Mongolia,MNG,2021-05-03,v8,TRUE
2021-05-15,infections,3793.33,4864.84,6055.4,6055.4,7245.97,8317.47,Maintain Status Quo,Mongolia,MNG,2021-05-03,v8,TRUE
2021-05-15,prevalence,25813.68,33099.05,41193.92,41193.92,49288.78,56574.15,Maintain Status Quo,Mongolia,MNG,2021-05-03,v8,TRUE
2021-05-15,cumulative_infections,142152.69,160894.84,181719.44,181719.44,202544.05,221286.2,Maintain Status Quo,Mongolia,MNG,2021-05-03,v8,TRUE
2021-05-15,cumulative_deaths,190.07,203,217.38,217.38,231.75,244.68,Maintain Status Quo,Mongolia,MNG,2021-05-03,v8,TRUE
2021-05-15,Rt,1.24,1.29,1.34,1.34,1.39,1.43,Maintain Status Quo,Mongolia,MNG,2021-05-03,v8,TRUE
2021-05-15,Reff,1.03,1.05,1.08,1.08,1.11,1.13,Maintain Status Quo,Mongolia,MNG,2021-05-03,v8,TRUE
2021-05-15,deaths,5.67,6.59,7.61,7.61,8.63,9.55,Relax Interventions 50%,Mongolia,MNG,2021-05-03,v8,TRUE
2021-05-15,hospital_demand,281.77,337.74,399.93,399.93,462.13,518.1,Relax Interventions 50%,Mongolia,MNG,2021-05-03,v8,TRUE
2021-05-15,ICU_demand,100.93,119,139.08,139.08,159.15,177.22,Relax Interventions 50%,Mongolia,MNG,2021-05-03,v8,TRUE
2021-05-15,infections,8219.72,10596.84,13238.08,13238.08,15879.32,18256.43,Relax Interventions 50%,Mongolia,MNG,2021-05-03,v8,TRUE
2021-05-15,prevalence,56328.06,72669.79,90827.28,90827.28,108984.76,125326.5,Relax Interventions 50%,Mongolia,MNG,2021-05-03,v8,TRUE
2021-05-15,cumulative_infections,166959.94,192476.01,220827.21,220827.21,249178.4,274694.48,Relax Interventions 50%,Mongolia,MNG,2021-05-03,v8,TRUE
2021-05-15,cumulative_deaths,191.53,204.82,219.59,219.59,234.35,247.64,Relax Interventions 50%,Mongolia,MNG,2021-05-03,v8,TRUE
2021-05-15,Rt,1.24,1.29,1.34,1.34,1.39,1.43,Relax Interventions 50%,Mongolia,MNG,2021-05-03,v8,TRUE
2021-05-15,Reff,1,1.02,1.04,1.04,1.06,1.08,Relax Interventions 50%,Mongolia,MNG,2021-05-03,v8,TRUE
2021-05-15,deaths,4.75,5.44,6.21,6.21,6.98,7.67,Surged Additional 50% Reduction,Mongolia,MNG,2021-05-03,v8,TRUE
2021-05-15,hospital_demand,188.52,220.63,256.3,256.3,291.98,324.08,Surged Additional 50% Reduction,Mongolia,MNG,2021-05-03,v8,TRUE
2021-05-15,ICU_demand,74.71,86.08,98.71,98.71,111.34,122.71,Surged Additional 50% Reduction,Mongolia,MNG,2021-05-03,v8,TRUE
2021-05-15,infections,1281.48,1620.34,1996.85,1996.85,2373.35,2712.21,Surged Additional 50% Reduction,Mongolia,MNG,2021-05-03,v8,TRUE
2021-05-15,prevalence,8898.42,11213.25,13785.28,13785.28,16357.31,18672.14,Surged Additional 50% Reduction,Mongolia,MNG,2021-05-03,v8,TRUE
2021-05-15,cumulative_infections,124453.5,138499.97,154107.15,154107.15,169714.33,183760.79,Surged Additional 50% Reduction,Mongolia,MNG,2021-05-03,v8,TRUE
2021-05-15,cumulative_deaths,188.76,201.38,215.4,215.4,229.43,242.05,Surged Additional 50% Reduction,Mongolia,MNG,2021-05-03,v8,TRUE
2021-05-15,Rt,1.24,1.29,1.34,1.34,1.39,1.43,Surged Additional 50% Reduction,Mongolia,MNG,2021-05-03,v8,TRUE
2021-05-15,Reff,0.98,1,1.03,1.03,1.06,1.09,Surged Additional 50% Reduction,Mongolia,MNG,2021-05-03,v8,TRUE
2021-05-15,deaths,5.17,5.97,6.85,6.85,7.74,8.53,Surged Maintain Status Quo,Mongolia,MNG,2021-05-03,v8,TRUE
2021-05-15,hospital_demand,230.14,272.74,320.08,320.08,367.42,410.02,Surged Maintain Status Quo,Mongolia,MNG,2021-05-03,v8,TRUE
2021-05-15,ICU_demand,86.45,100.78,116.7,116.7,132.61,146.94,Surged Maintain Status Quo,Mongolia,MNG,2021-05-03,v8,TRUE
2021-05-15,infections,3793.33,4864.84,6055.4,6055.4,7245.97,8317.47,Surged Maintain Status Quo,Mongolia,MNG,2021-05-03,v8,TRUE
2021-05-15,prevalence,25813.68,33099.05,41193.92,41193.92,49288.78,56574.15,Surged Maintain Status Quo,Mongolia,MNG,2021-05-03,v8,TRUE
2021-05-15,cumulative_infections,142152.69,160894.84,181719.44,181719.44,202544.05,221286.2,Surged Maintain Status Quo,Mongolia,MNG,2021-05-03,v8,TRUE
2021-05-15,cumulative_deaths,190.07,203,217.38,217.38,231.75,244.68,Surged Maintain Status Quo,Mongolia,MNG,2021-05-03,v8,TRUE
2021-05-15,Rt,1.24,1.29,1.34,1.34,1.39,1.43,Surged Maintain Status Quo,Mongolia,MNG,2021-05-03,v8,TRUE
2021-05-15,Reff,0.96,0.98,1.01,1.01,1.03,1.06,Surged Maintain Status Quo,Mongolia,MNG,2021-05-03,v8,TRUE
2021-05-15,deaths,5.67,6.59,7.61,7.61,8.63,9.55,Surged Relax Interventions 50%,Mongolia,MNG,2021-05-03,v8,TRUE
2021-05-15,hospital_demand,281.77,337.74,399.93,399.93,462.13,518.1,Surged Relax Interventions 50%,Mongolia,MNG,2021-05-03,v8,TRUE
2021-05-15,ICU_demand,100.93,119,139.08,139.08,159.15,177.22,Surged Relax Interventions 50%,Mongolia,MNG,2021-05-03,v8,TRUE
2021-05-15,infections,8219.72,10596.84,13238.08,13238.08,15879.32,18256.43,Surged Relax Interventions 50%,Mongolia,MNG,2021-05-03,v8,TRUE
2021-05-15,prevalence,56328.06,72669.79,90827.28,90827.28,108984.76,125326.5,Surged Relax Interventions 50%,Mongolia,MNG,2021-05-03,v8,TRUE
2021-05-15,cumulative_infections,166959.94,192476.01,220827.21,220827.21,249178.4,274694.48,Surged Relax Interventions 50%,Mongolia,MNG,2021-05-03,v8,TRUE
2021-05-15,cumulative_deaths,191.53,204.82,219.59,219.59,234.35,247.64,Surged Relax Interventions 50%,Mongolia,MNG,2021-05-03,v8,TRUE
2021-05-15,Rt,1.24,1.29,1.34,1.34,1.39,1.43,Surged Relax Interventions 50%,Mongolia,MNG,2021-05-03,v8,TRUE
2021-05-15,Reff,0.94,0.96,0.97,0.97,0.99,1,Surged Relax Interventions 50%,Mongolia,MNG,2021-05-03,v8,TRUE
2021-05-16,deaths,4.56,5.25,6.01,6.01,6.78,7.46,Additional 50% Reduction,Mongolia,MNG,2021-05-03,v8,TRUE
2021-05-16,hospital_demand,179.13,210.55,245.47,245.47,280.39,311.81,Additional 50% Reduction,Mongolia,MNG,2021-05-03,v8,TRUE
2021-05-16,ICU_demand,71.73,82.97,95.46,95.46,107.95,119.2,Additional 50% Reduction,Mongolia,MNG,2021-05-03,v8,TRUE
2021-05-16,infections,1175.51,1494.77,1849.51,1849.51,2204.24,2523.5,Additional 50% Reduction,Mongolia,MNG,2021-05-03,v8,TRUE
2021-05-16,prevalence,8171.74,10354.52,12779.82,12779.82,15205.13,17387.91,Additional 50% Reduction,Mongolia,MNG,2021-05-03,v8,TRUE
2021-05-16,cumulative_infections,125629.02,139994.74,155956.65,155956.65,171918.57,186284.29,Additional 50% Reduction,Mongolia,MNG,2021-05-03,v8,TRUE
2021-05-16,cumulative_deaths,193.32,206.63,221.42,221.42,236.2,249.51,Additional 50% Reduction,Mongolia,MNG,2021-05-03,v8,TRUE
2021-05-16,Rt,1.24,1.29,1.34,1.34,1.39,1.43,Additional 50% Reduction,Mongolia,MNG,2021-05-03,v8,TRUE
2021-05-16,Reff,1.04,1.07,1.1,1.1,1.13,1.16,Additional 50% Reduction,Mongolia,MNG,2021-05-03,v8,TRUE
2021-05-16,deaths,5.11,5.93,6.84,6.84,7.76,8.58,Maintain Status Quo,Mongolia,MNG,2021-05-03,v8,TRUE
2021-05-16,hospital_demand,229.05,273.29,322.44,322.44,371.59,415.82,Maintain Status Quo,Mongolia,MNG,2021-05-03,v8,TRUE
2021-05-16,ICU_demand,85.94,100.81,117.35,117.35,133.88,148.76,Maintain Status Quo,Mongolia,MNG,2021-05-03,v8,TRUE
2021-05-16,infections,3813.9,4921.95,6153.12,6153.12,7384.28,8492.33,Maintain Status Quo,Mongolia,MNG,2021-05-03,v8,TRUE
2021-05-16,prevalence,25948.96,33480.99,41849.91,41849.91,50218.83,57750.86,Maintain Status Quo,Mongolia,MNG,2021-05-03,v8,TRUE
2021-05-16,cumulative_infections,145966.59,165816.78,187872.56,187872.56,209928.33,229778.53,Maintain Status Quo,Mongolia,MNG,2021-05-03,v8,TRUE
2021-05-16,cumulative_deaths,195.17,208.93,224.22,224.22,239.51,253.26,Maintain Status Quo,Mongolia,MNG,2021-05-03,v8,TRUE
2021-05-16,Rt,1.24,1.29,1.34,1.34,1.39,1.43,Maintain Status Quo,Mongolia,MNG,2021-05-03,v8,TRUE
2021-05-16,Reff,1.02,1.05,1.08,1.08,1.1,1.13,Maintain Status Quo,Mongolia,MNG,2021-05-03,v8,TRUE
2021-05-16,deaths,5.76,6.75,7.85,7.85,8.95,9.94,Relax Interventions 50%,Mongolia,MNG,2021-05-03,v8,TRUE
2021-05-16,hospital_demand,293.56,354.83,422.9,422.9,490.98,552.25,Relax Interventions 50%,Mongolia,MNG,2021-05-03,v8,TRUE
2021-05-16,ICU_demand,104.15,123.82,145.68,145.68,167.54,187.22,Relax Interventions 50%,Mongolia,MNG,2021-05-03,v8,TRUE
2021-05-16,infections,8791.03,11393.35,14284.83,14284.83,17176.3,19778.63,Relax Interventions 50%,Mongolia,MNG,2021-05-03,v8,TRUE
2021-05-16,prevalence,60213.51,78081.68,97935.2,97935.2,117788.72,135656.89,Relax Interventions 50%,Mongolia,MNG,2021-05-03,v8,TRUE
2021-05-16,cumulative_infections,175750.97,203869.37,235112.04,235112.04,266354.7,294473.11,Relax Interventions 50%,Mongolia,MNG,2021-05-03,v8,TRUE
2021-05-16,cumulative_deaths,197.29,211.57,227.43,227.43,243.3,257.58,Relax Interventions 50%,Mongolia,MNG,2021-05-03,v8,TRUE
2021-05-16,Rt,1.24,1.29,1.34,1.34,1.39,1.43,Relax Interventions 50%,Mongolia,MNG,2021-05-03,v8,TRUE
2021-05-16,Reff,1,1.02,1.03,1.03,1.05,1.07,Relax Interventions 50%,Mongolia,MNG,2021-05-03,v8,TRUE
2021-05-16,deaths,4.56,5.25,6.01,6.01,6.78,7.46,Surged Additional 50% Reduction,Mongolia,MNG,2021-05-03,v8,TRUE
2021-05-16,hospital_demand,179.13,210.55,245.47,245.47,280.39,311.81,Surged Additional 50% Reduction,Mongolia,MNG,2021-05-03,v8,TRUE
2021-05-16,ICU_demand,71.73,82.97,95.46,95.46,107.95,119.2,Surged Additional 50% Reduction,Mongolia,MNG,2021-05-03,v8,TRUE
2021-05-16,infections,1175.51,1494.77,1849.51,1849.51,2204.24,2523.5,Surged Additional 50% Reduction,Mongolia,MNG,2021-05-03,v8,TRUE
2021-05-16,prevalence,8171.74,10354.52,12779.82,12779.82,15205.13,17387.91,Surged Additional 50% Reduction,Mongolia,MNG,2021-05-03,v8,TRUE
2021-05-16,cumulative_infections,125629.02,139994.74,155956.65,155956.65,171918.57,186284.29,Surged Additional 50% Reduction,Mongolia,MNG,2021-05-03,v8,TRUE
2021-05-16,cumulative_deaths,193.32,206.63,221.42,221.42,236.2,249.51,Surged Additional 50% Reduction,Mongolia,MNG,2021-05-03,v8,TRUE
2021-05-16,Rt,1.24,1.29,1.34,1.34,1.39,1.43,Surged Additional 50% Reduction,Mongolia,MNG,2021-05-03,v8,TRUE
2021-05-16,Reff,0.97,1,1.03,1.03,1.06,1.09,Surged Additional 50% Reduction,Mongolia,MNG,2021-05-03,v8,TRUE
2021-05-16,deaths,5.11,5.93,6.84,6.84,7.76,8.58,Surged Maintain Status Quo,Mongolia,MNG,2021-05-03,v8,TRUE
2021-05-16,hospital_demand,229.05,273.29,322.44,322.44,371.59,415.82,Surged Maintain Status Quo,Mongolia,MNG,2021-05-03,v8,TRUE
2021-05-16,ICU_demand,85.94,100.81,117.35,117.35,133.88,148.76,Surged Maintain Status Quo,Mongolia,MNG,2021-05-03,v8,TRUE
2021-05-16,infections,3813.9,4921.95,6153.12,6153.12,7384.28,8492.33,Surged Maintain Status Quo,Mongolia,MNG,2021-05-03,v8,TRUE
2021-05-16,prevalence,25948.96,33480.99,41849.91,41849.91,50218.83,57750.86,Surged Maintain Status Quo,Mongolia,MNG,2021-05-03,v8,TRUE
2021-05-16,cumulative_infections,145966.59,165816.78,187872.56,187872.56,209928.33,229778.53,Surged Maintain Status Quo,Mongolia,MNG,2021-05-03,v8,TRUE
2021-05-16,cumulative_deaths,195.17,208.93,224.22,224.22,239.51,253.26,Surged Maintain Status Quo,Mongolia,MNG,2021-05-03,v8,TRUE
2021-05-16,Rt,1.24,1.29,1.34,1.34,1.39,1.43,Surged Maintain Status Quo,Mongolia,MNG,2021-05-03,v8,TRUE
2021-05-16,Reff,0.96,0.98,1.01,1.01,1.03,1.05,Surged Maintain Status Quo,Mongolia,MNG,2021-05-03,v8,TRUE
2021-05-16,deaths,5.76,6.75,7.85,7.85,8.95,9.94,Surged Relax Interventions 50%,Mongolia,MNG,2021-05-03,v8,TRUE
2021-05-16,hospital_demand,293.56,354.83,422.9,422.9,490.98,552.25,Surged Relax Interventions 50%,Mongolia,MNG,2021-05-03,v8,TRUE
2021-05-16,ICU_demand,104.15,123.82,145.68,145.68,167.54,187.22,Surged Relax Interventions 50%,Mongolia,MNG,2021-05-03,v8,TRUE
2021-05-16,infections,8791.03,11393.35,14284.83,14284.83,17176.3,19778.63,Surged Relax Interventions 50%,Mongolia,MNG,2021-05-03,v8,TRUE
2021-05-16,prevalence,60213.51,78081.68,97935.2,97935.2,117788.72,135656.89,Surged Relax Interventions 50%,Mongolia,MNG,2021-05-03,v8,TRUE
2021-05-16,cumulative_infections,175750.97,203869.37,235112.04,235112.04,266354.7,294473.11,Surged Relax Interventions 50%,Mongolia,MNG,2021-05-03,v8,TRUE
2021-05-16,cumulative_deaths,197.29,211.57,227.43,227.43,243.3,257.58,Surged Relax Interventions 50%,Mongolia,MNG,2021-05-03,v8,TRUE
2021-05-16,Rt,1.24,1.29,1.34,1.34,1.39,1.43,Surged Relax Interventions 50%,Mongolia,MNG,2021-05-03,v8,TRUE
2021-05-16,Reff,0.93,0.95,0.96,0.96,0.98,0.99,Surged Relax Interventions 50%,Mongolia,MNG,2021-05-03,v8,TRUE
2021-05-17,deaths,4.36,5.04,5.8,5.8,6.55,7.23,Additional 50% Reduction,Mongolia,MNG,2021-05-03,v8,TRUE
2021-05-17,hospital_demand,169.59,200.21,234.23,234.23,268.25,298.87,Additional 50% Reduction,Mongolia,MNG,2021-05-03,v8,TRUE
2021-05-17,ICU_demand,68.65,79.72,92.03,92.03,104.33,115.4,Additional 50% Reduction,Mongolia,MNG,2021-05-03,v8,TRUE
2021-05-17,infections,1078.28,1378.92,1712.97,1712.97,2047.02,2347.66,Additional 50% Reduction,Mongolia,MNG,2021-05-03,v8,TRUE
2021-05-17,prevalence,7503.59,9560.71,11846.4,11846.4,14132.09,16189.21,Additional 50% Reduction,Mongolia,MNG,2021-05-03,v8,TRUE
2021-05-17,cumulative_infections,126707.3,141373.66,157669.62,157669.62,173965.59,188631.95,Additional 50% Reduction,Mongolia,MNG,2021-05-03,v8,TRUE
2021-05-17,cumulative_deaths,197.68,211.67,227.21,227.21,242.76,256.74,Additional 50% Reduction,Mongolia,MNG,2021-05-03,v8,TRUE
2021-05-17,Rt,1.24,1.29,1.34,1.34,1.39,1.43,Additional 50% Reduction,Mongolia,MNG,2021-05-03,v8,TRUE
2021-05-17,Reff,1.04,1.07,1.1,1.1,1.13,1.16,Additional 50% Reduction,Mongolia,MNG,2021-05-03,v8,TRUE
2021-05-17,deaths,5.04,5.89,6.84,6.84,7.78,8.64,Maintain Status Quo,Mongolia,MNG,2021-05-03,v8,TRUE
2021-05-17,hospital_demand,228.09,273.98,324.97,324.97,375.96,421.85,Maintain Status Quo,Mongolia,MNG,2021-05-03,v8,TRUE
2021-05-17,ICU_demand,85.45,100.89,118.04,118.04,135.2,150.64,Maintain Status Quo,Mongolia,MNG,2021-05-03,v8,TRUE
2021-05-17,infections,3833.53,4977.83,6249.28,6249.28,7520.73,8665.03,Maintain Status Quo,Mongolia,MNG,2021-05-03,v8,TRUE
2021-05-17,prevalence,26078.11,33854.8,42495.57,42495.57,51136.34,58913.03,Maintain Status Quo,Mongolia,MNG,2021-05-03,v8,TRUE
2021-05-17,cumulative_infections,149800.12,170794.62,194121.84,194121.84,217449.06,238443.56,Maintain Status Quo,Mongolia,MNG,2021-05-03,v8,TRUE
2021-05-17,cumulative_deaths,200.22,214.83,231.06,231.06,247.29,261.9,Maintain Status Quo,Mongolia,MNG,2021-05-03,v8,TRUE
2021-05-17,Rt,1.24,1.29,1.34,1.34,1.39,1.43,Maintain Status Quo,Mongolia,MNG,2021-05-03,v8,TRUE
2021-05-17,Reff,1.02,1.05,1.07,1.07,1.1,1.12,Maintain Status Quo,Mongolia,MNG,2021-05-03,v8,TRUE
2021-05-17,deaths,5.88,6.95,8.14,8.14,9.33,10.4,Relax Interventions 50%,Mongolia,MNG,2021-05-03,v8,TRUE
2021-05-17,hospital_demand,307,374.13,448.72,448.72,523.3,590.43,Relax Interventions 50%,Mongolia,MNG,2021-05-03,v8,TRUE
2021-05-17,ICU_demand,107.87,129.33,153.17,153.17,177.01,198.46,Relax Interventions 50%,Mongolia,MNG,2021-05-03,v8,TRUE
2021-05-17,infections,9393.45,12232.4,15386.79,15386.79,18541.18,21380.13,Relax Interventions 50%,Mongolia,MNG,2021-05-03,v8,TRUE
2021-05-17,prevalence,64309.11,83777.54,105409.12,105409.12,127040.71,146509.14,Relax Interventions 50%,Mongolia,MNG,2021-05-03,v8,TRUE
2021-05-17,cumulative_infections,185144.42,216101.77,250498.82,250498.82,284895.88,315853.23,Relax Interventions 50%,Mongolia,MNG,2021-05-03,v8,TRUE
2021-05-17,cumulative_deaths,203.17,218.52,235.58,235.58,252.63,267.98,Relax Interventions 50%,Mongolia,MNG,2021-05-03,v8,TRUE
2021-05-17,Rt,1.24,1.29,1.34,1.34,1.39,1.43,Relax Interventions 50%,Mongolia,MNG,2021-05-03,v8,TRUE
2021-05-17,Reff,0.99,1.01,1.02,1.02,1.04,1.05,Relax Interventions 50%,Mongolia,MNG,2021-05-03,v8,TRUE
2021-05-17,deaths,4.36,5.04,5.8,5.8,6.55,7.23,Surged Additional 50% Reduction,Mongolia,MNG,2021-05-03,v8,TRUE
2021-05-17,hospital_demand,169.59,200.21,234.23,234.23,268.25,298.87,Surged Additional 50% Reduction,Mongolia,MNG,2021-05-03,v8,TRUE
2021-05-17,ICU_demand,68.65,79.72,92.03,92.03,104.33,115.4,Surged Additional 50% Reduction,Mongolia,MNG,2021-05-03,v8,TRUE
2021-05-17,infections,1078.28,1378.92,1712.97,1712.97,2047.02,2347.66,Surged Additional 50% Reduction,Mongolia,MNG,2021-05-03,v8,TRUE
2021-05-17,prevalence,7503.59,9560.71,11846.4,11846.4,14132.09,16189.21,Surged Additional 50% Reduction,Mongolia,MNG,2021-05-03,v8,TRUE
2021-05-17,cumulative_infections,126707.3,141373.66,157669.62,157669.62,173965.59,188631.95,Surged Additional 50% Reduction,Mongolia,MNG,2021-05-03,v8,TRUE
2021-05-17,cumulative_deaths,197.68,211.67,227.21,227.21,242.76,256.74,Surged Additional 50% Reduction,Mongolia,MNG,2021-05-03,v8,TRUE
2021-05-17,Rt,1.24,1.29,1.34,1.34,1.39,1.43,Surged Additional 50% Reduction,Mongolia,MNG,2021-05-03,v8,TRUE
2021-05-17,Reff,0.97,1,1.03,1.03,1.06,1.09,Surged Additional 50% Reduction,Mongolia,MNG,2021-05-03,v8,TRUE
2021-05-17,deaths,5.04,5.89,6.84,6.84,7.78,8.64,Surged Maintain Status Quo,Mongolia,MNG,2021-05-03,v8,TRUE
2021-05-17,hospital_demand,228.09,273.98,324.97,324.97,375.96,421.85,Surged Maintain Status Quo,Mongolia,MNG,2021-05-03,v8,TRUE
2021-05-17,ICU_demand,85.45,100.89,118.04,118.04,135.2,150.64,Surged Maintain Status Quo,Mongolia,MNG,2021-05-03,v8,TRUE
2021-05-17,infections,3833.53,4977.83,6249.28,6249.28,7520.73,8665.03,Surged Maintain Status Quo,Mongolia,MNG,2021-05-03,v8,TRUE
2021-05-17,prevalence,26078.11,33854.8,42495.57,42495.57,51136.34,58913.03,Surged Maintain Status Quo,Mongolia,MNG,2021-05-03,v8,TRUE
2021-05-17,cumulative_infections,149800.12,170794.62,194121.84,194121.84,217449.06,238443.56,Surged Maintain Status Quo,Mongolia,MNG,2021-05-03,v8,TRUE
2021-05-17,cumulative_deaths,200.22,214.83,231.06,231.06,247.29,261.9,Surged Maintain Status Quo,Mongolia,MNG,2021-05-03,v8,TRUE
2021-05-17,Rt,1.24,1.29,1.34,1.34,1.39,1.43,Surged Maintain Status Quo,Mongolia,MNG,2021-05-03,v8,TRUE
2021-05-17,Reff,0.96,0.98,1,1,1.03,1.05,Surged Maintain Status Quo,Mongolia,MNG,2021-05-03,v8,TRUE
2021-05-17,deaths,5.88,6.95,8.14,8.14,9.33,10.4,Surged Relax Interventions 50%,Mongolia,MNG,2021-05-03,v8,TRUE
2021-05-17,hospital_demand,307,374.13,448.72,448.72,523.3,590.43,Surged Relax Interventions 50%,Mongolia,MNG,2021-05-03,v8,TRUE
2021-05-17,ICU_demand,107.87,129.33,153.17,153.17,177.01,198.46,Surged Relax Interventions 50%,Mongolia,MNG,2021-05-03,v8,TRUE
2021-05-17,infections,9393.45,12232.4,15386.79,15386.79,18541.18,21380.13,Surged Relax Interventions 50%,Mongolia,MNG,2021-05-03,v8,TRUE
2021-05-17,prevalence,64309.11,83777.54,105409.12,105409.12,127040.71,146509.14,Surged Relax Interventions 50%,Mongolia,MNG,2021-05-03,v8,TRUE
2021-05-17,cumulative_infections,185144.42,216101.77,250498.82,250498.82,284895.88,315853.23,Surged Relax Interventions 50%,Mongolia,MNG,2021-05-03,v8,TRUE
2021-05-17,cumulative_deaths,203.17,218.52,235.58,235.58,252.63,267.98,Surged Relax Interventions 50%,Mongolia,MNG,2021-05-03,v8,TRUE
2021-05-17,Rt,1.24,1.29,1.34,1.34,1.39,1.43,Surged Relax Interventions 50%,Mongolia,MNG,2021-05-03,v8,TRUE
2021-05-17,Reff,0.93,0.94,0.95,0.95,0.96,0.98,Surged Relax Interventions 50%,Mongolia,MNG,2021-05-03,v8,TRUE
2021-05-18,deaths,4.16,4.83,5.57,5.57,6.32,6.98,Additional 50% Reduction,Mongolia,MNG,2021-05-03,v8,TRUE
2021-05-18,hospital_demand,160.03,189.74,222.75,222.75,255.76,285.47,Additional 50% Reduction,Mongolia,MNG,2021-05-03,v8,TRUE
2021-05-18,ICU_demand,65.53,76.39,88.45,88.45,100.51,111.37,Additional 50% Reduction,Mongolia,MNG,2021-05-03,v8,TRUE
2021-05-18,infections,989.04,1272.02,1586.44,1586.44,1900.86,2183.84,Additional 50% Reduction,Mongolia,MNG,2021-05-03,v8,TRUE
2021-05-18,prevalence,6889.4,8827.08,10980.05,10980.05,13133.03,15070.71,Additional 50% Reduction,Mongolia,MNG,2021-05-03,v8,TRUE
2021-05-18,cumulative_infections,127696.34,142645.68,159256.06,159256.06,175866.44,190815.79,Additional 50% Reduction,Mongolia,MNG,2021-05-03,v8,TRUE
2021-05-18,cumulative_deaths,201.84,216.5,232.79,232.79,249.07,263.73,Additional 50% Reduction,Mongolia,MNG,2021-05-03,v8,TRUE
2021-05-18,Rt,1.24,1.29,1.34,1.34,1.39,1.43,Additional 50% Reduction,Mongolia,MNG,2021-05-03,v8,TRUE
2021-05-18,Reff,1.04,1.07,1.1,1.1,1.13,1.16,Additional 50% Reduction,Mongolia,MNG,2021-05-03,v8,TRUE
2021-05-18,deaths,4.98,5.86,6.84,6.84,7.82,8.7,Maintain Status Quo,Mongolia,MNG,2021-05-03,v8,TRUE
2021-05-18,hospital_demand,227.24,274.81,327.66,327.66,380.52,428.09,Maintain Status Quo,Mongolia,MNG,2021-05-03,v8,TRUE
2021-05-18,ICU_demand,84.99,101,118.79,118.79,136.57,152.58,Maintain Status Quo,Mongolia,MNG,2021-05-03,v8,TRUE
2021-05-18,infections,3852.23,5032.41,6343.72,6343.72,7655.03,8835.2,Maintain Status Quo,Mongolia,MNG,2021-05-03,v8,TRUE
2021-05-18,prevalence,26201.02,34219.86,43129.68,43129.68,52039.49,60058.33,Maintain Status Quo,Mongolia,MNG,2021-05-03,v8,TRUE
2021-05-18,cumulative_infections,153652.35,175827.02,200465.55,200465.55,225104.08,247278.76,Maintain Status Quo,Mongolia,MNG,2021-05-03,v8,TRUE
2021-05-18,cumulative_deaths,205.2,220.69,237.9,237.9,255.11,270.59,Maintain Status Quo,Mongolia,MNG,2021-05-03,v8,TRUE
2021-05-18,Rt,1.24,1.29,1.34,1.34,1.39,1.43,Maintain Status Quo,Mongolia,MNG,2021-05-03,v8,TRUE
2021-05-18,Reff,1.02,1.04,1.07,1.07,1.09,1.12,Maintain Status Quo,Mongolia,MNG,2021-05-03,v8,TRUE
2021-05-18,deaths,6.04,7.2,8.48,8.48,9.77,10.93,Relax Interventions 50%,Mongolia,MNG,2021-05-03,v8,TRUE
2021-05-18,hospital_demand,322.08,395.66,477.41,477.41,559.17,632.75,Relax Interventions 50%,Mongolia,MNG,2021-05-03,v8,TRUE
2021-05-18,ICU_demand,112.11,135.53,161.56,161.56,187.58,211,Relax Interventions 50%,Mongolia,MNG,2021-05-03,v8,TRUE
2021-05-18,infections,10027.34,13113.08,16541.68,16541.68,19970.27,23056.01,Relax Interventions 50%,Mongolia,MNG,2021-05-03,v8,TRUE
2021-05-18,prevalence,68616.65,89750.22,113231.96,113231.96,136713.71,157847.28,Relax Interventions 50%,Mongolia,MNG,2021-05-03,v8,TRUE
2021-05-18,cumulative_infections,195171.75,229214.84,267040.5,267040.5,304866.15,338909.24,Relax Interventions 50%,Mongolia,MNG,2021-05-03,v8,TRUE
2021-05-18,cumulative_deaths,209.21,225.72,244.06,244.06,262.4,278.91,Relax Interventions 50%,Mongolia,MNG,2021-05-03,v8,TRUE
2021-05-18,Rt,1.24,1.29,1.34,1.34,1.39,1.43,Relax Interventions 50%,Mongolia,MNG,2021-05-03,v8,TRUE
2021-05-18,Reff,0.99,1,1.01,1.01,1.03,1.04,Relax Interventions 50%,Mongolia,MNG,2021-05-03,v8,TRUE
2021-05-18,deaths,4.16,4.83,5.57,5.57,6.32,6.98,Surged Additional 50% Reduction,Mongolia,MNG,2021-05-03,v8,TRUE
2021-05-18,hospital_demand,160.03,189.74,222.75,222.75,255.76,285.47,Surged Additional 50% Reduction,Mongolia,MNG,2021-05-03,v8,TRUE
2021-05-18,ICU_demand,65.53,76.39,88.45,88.45,100.51,111.37,Surged Additional 50% Reduction,Mongolia,MNG,2021-05-03,v8,TRUE
2021-05-18,infections,989.04,1272.02,1586.44,1586.44,1900.86,2183.84,Surged Additional 50% Reduction,Mongolia,MNG,2021-05-03,v8,TRUE
2021-05-18,prevalence,6889.4,8827.08,10980.05,10980.05,13133.03,15070.71,Surged Additional 50% Reduction,Mongolia,MNG,2021-05-03,v8,TRUE
2021-05-18,cumulative_infections,127696.34,142645.68,159256.06,159256.06,175866.44,190815.79,Surged Additional 50% Reduction,Mongolia,MNG,2021-05-03,v8,TRUE
2021-05-18,cumulative_deaths,201.84,216.5,232.79,232.79,249.07,263.73,Surged Additional 50% Reduction,Mongolia,MNG,2021-05-03,v8,TRUE
2021-05-18,Rt,1.24,1.29,1.34,1.34,1.39,1.43,Surged Additional 50% Reduction,Mongolia,MNG,2021-05-03,v8,TRUE
2021-05-18,Reff,0.97,1,1.03,1.03,1.06,1.09,Surged Additional 50% Reduction,Mongolia,MNG,2021-05-03,v8,TRUE
2021-05-18,deaths,4.98,5.86,6.84,6.84,7.82,8.7,Surged Maintain Status Quo,Mongolia,MNG,2021-05-03,v8,TRUE
2021-05-18,hospital_demand,227.24,274.81,327.66,327.66,380.52,428.09,Surged Maintain Status Quo,Mongolia,MNG,2021-05-03,v8,TRUE
2021-05-18,ICU_demand,84.99,101,118.79,118.79,136.57,152.58,Surged Maintain Status Quo,Mongolia,MNG,2021-05-03,v8,TRUE
2021-05-18,infections,3852.23,5032.41,6343.72,6343.72,7655.03,8835.2,Surged Maintain Status Quo,Mongolia,MNG,2021-05-03,v8,TRUE
2021-05-18,prevalence,26201.02,34219.86,43129.68,43129.68,52039.49,60058.33,Surged Maintain Status Quo,Mongolia,MNG,2021-05-03,v8,TRUE
2021-05-18,cumulative_infections,153652.35,175827.02,200465.55,200465.55,225104.08,247278.76,Surged Maintain Status Quo,Mongolia,MNG,2021-05-03,v8,TRUE
2021-05-18,cumulative_deaths,205.2,220.69,237.9,237.9,255.11,270.59,Surged Maintain Status Quo,Mongolia,MNG,2021-05-03,v8,TRUE
2021-05-18,Rt,1.24,1.29,1.34,1.34,1.39,1.43,Surged Maintain Status Quo,Mongolia,MNG,2021-05-03,v8,TRUE
2021-05-18,Reff,0.96,0.98,1,1,1.02,1.04,Surged Maintain Status Quo,Mongolia,MNG,2021-05-03,v8,TRUE
2021-05-18,deaths,6.04,7.2,8.48,8.48,9.77,10.93,Surged Relax Interventions 50%,Mongolia,MNG,2021-05-03,v8,TRUE
2021-05-18,hospital_demand,322.08,395.66,477.41,477.41,559.17,632.75,Surged Relax Interventions 50%,Mongolia,MNG,2021-05-03,v8,TRUE
2021-05-18,ICU_demand,112.11,135.53,161.56,161.56,187.58,211,Surged Relax Interventions 50%,Mongolia,MNG,2021-05-03,v8,TRUE
2021-05-18,infections,10027.34,13113.08,16541.68,16541.68,19970.27,23056.01,Surged Relax Interventions 50%,Mongolia,MNG,2021-05-03,v8,TRUE
2021-05-18,prevalence,68616.65,89750.22,113231.96,113231.96,136713.71,157847.28,Surged Relax Interventions 50%,Mongolia,MNG,2021-05-03,v8,TRUE
2021-05-18,cumulative_infections,195171.75,229214.84,267040.5,267040.5,304866.15,338909.24,Surged Relax Interventions 50%,Mongolia,MNG,2021-05-03,v8,TRUE
2021-05-18,cumulative_deaths,209.21,225.72,244.06,244.06,262.4,278.91,Surged Relax Interventions 50%,Mongolia,MNG,2021-05-03,v8,TRUE
2021-05-18,Rt,1.24,1.29,1.34,1.34,1.39,1.43,Surged Relax Interventions 50%,Mongolia,MNG,2021-05-03,v8,TRUE
2021-05-18,Reff,0.92,0.93,0.94,0.94,0.95,0.96,Surged Relax Interventions 50%,Mongolia,MNG,2021-05-03,v8,TRUE
2021-05-19,deaths,3.95,4.61,5.34,5.34,6.06,6.72,Additional 50% Reduction,Mongolia,MNG,2021-05-03,v8,TRUE
2021-05-19,hospital_demand,150.57,179.29,211.2,211.2,243.12,271.84,Additional 50% Reduction,Mongolia,MNG,2021-05-03,v8,TRUE
2021-05-19,ICU_demand,62.38,72.99,84.78,84.78,96.57,107.19,Additional 50% Reduction,Mongolia,MNG,2021-05-03,v8,TRUE
2021-05-19,infections,907.16,1173.38,1469.19,1469.19,1765,2031.22,Additional 50% Reduction,Mongolia,MNG,2021-05-03,v8,TRUE
2021-05-19,prevalence,6324.9,8149.15,10176.1,10176.1,12203.06,14027.31,Additional 50% Reduction,Mongolia,MNG,2021-05-03,v8,TRUE
2021-05-19,cumulative_infections,128603.5,143819.07,160725.25,160725.25,177631.44,192847.01,Additional 50% Reduction,Mongolia,MNG,2021-05-03,v8,TRUE
2021-05-19,cumulative_deaths,205.8,221.11,238.12,238.12,255.14,270.45,Additional 50% Reduction,Mongolia,MNG,2021-05-03,v8,TRUE
2021-05-19,Rt,1.24,1.29,1.34,1.34,1.39,1.43,Additional 50% Reduction,Mongolia,MNG,2021-05-03,v8,TRUE
2021-05-19,Reff,1.04,1.07,1.1,1.1,1.13,1.16,Additional 50% Reduction,Mongolia,MNG,2021-05-03,v8,TRUE
2021-05-19,deaths,4.93,5.83,6.84,6.84,7.85,8.76,Maintain Status Quo,Mongolia,MNG,2021-05-03,v8,TRUE
2021-05-19,hospital_demand,226.5,275.77,330.52,330.52,385.27,434.54,Maintain Status Quo,Mongolia,MNG,2021-05-03,v8,TRUE
2021-05-19,ICU_demand,84.57,101.15,119.58,119.58,138.01,154.6,Maintain Status Quo,Mongolia,MNG,2021-05-03,v8,TRUE
2021-05-19,infections,3869.94,5085.55,6436.23,6436.23,7786.9,9002.51,Maintain Status Quo,Mongolia,MNG,2021-05-03,v8,TRUE
2021-05-19,prevalence,26317.58,34575.49,43750.95,43750.95,52926.41,61184.32,Maintain Status Quo,Mongolia,MNG,2021-05-03,v8,TRUE
2021-05-19,cumulative_infections,157522.29,180912.57,206901.78,206901.78,232890.99,256281.27,Maintain Status Quo,Mongolia,MNG,2021-05-03,v8,TRUE
2021-05-19,cumulative_deaths,210.13,226.52,244.74,244.74,262.96,279.35,Maintain Status Quo,Mongolia,MNG,2021-05-03,v8,TRUE
2021-05-19,Rt,1.24,1.29,1.34,1.34,1.39,1.43,Maintain Status Quo,Mongolia,MNG,2021-05-03,v8,TRUE
2021-05-19,Reff,1.02,1.04,1.06,1.06,1.09,1.11,Maintain Status Quo,Mongolia,MNG,2021-05-03,v8,TRUE
2021-05-19,deaths,6.23,7.48,8.88,8.88,10.28,11.54,Relax Interventions 50%,Mongolia,MNG,2021-05-03,v8,TRUE
2021-05-19,hospital_demand,338.81,419.44,509.04,509.04,598.63,679.27,Relax Interventions 50%,Mongolia,MNG,2021-05-03,v8,TRUE
2021-05-19,ICU_demand,116.88,142.46,170.88,170.88,199.3,224.88,Relax Interventions 50%,Mongolia,MNG,2021-05-03,v8,TRUE
2021-05-19,infections,10692.8,14033.85,17746.13,17746.13,21458.4,24799.45,Relax Interventions 50%,Mongolia,MNG,2021-05-03,v8,TRUE
2021-05-19,prevalence,73136.88,95988.38,121378.93,121378.93,146769.48,169620.98,Relax Interventions 50%,Mongolia,MNG,2021-05-03,v8,TRUE
2021-05-19,cumulative_infections,205864.56,243248.69,284786.63,284786.63,326324.56,363708.7,Relax Interventions 50%,Mongolia,MNG,2021-05-03,v8,TRUE
2021-05-19,cumulative_deaths,215.44,233.2,252.94,252.94,272.68,290.45,Relax Interventions 50%,Mongolia,MNG,2021-05-03,v8,TRUE
2021-05-19,Rt,1.24,1.29,1.34,1.34,1.39,1.43,Relax Interventions 50%,Mongolia,MNG,2021-05-03,v8,TRUE
2021-05-19,Reff,0.98,0.99,1,1,1.01,1.02,Relax Interventions 50%,Mongolia,MNG,2021-05-03,v8,TRUE
2021-05-19,deaths,3.95,4.61,5.34,5.34,6.06,6.72,Surged Additional 50% Reduction,Mongolia,MNG,2021-05-03,v8,TRUE
2021-05-19,hospital_demand,150.57,179.29,211.2,211.2,243.12,271.84,Surged Additional 50% Reduction,Mongolia,MNG,2021-05-03,v8,TRUE
2021-05-19,ICU_demand,62.38,72.99,84.78,84.78,96.57,107.19,Surged Additional 50% Reduction,Mongolia,MNG,2021-05-03,v8,TRUE
2021-05-19,infections,907.16,1173.38,1469.19,1469.19,1765,2031.22,Surged Additional 50% Reduction,Mongolia,MNG,2021-05-03,v8,TRUE
2021-05-19,prevalence,6324.9,8149.15,10176.1,10176.1,12203.06,14027.31,Surged Additional 50% Reduction,Mongolia,MNG,2021-05-03,v8,TRUE
2021-05-19,cumulative_infections,128603.5,143819.07,160725.25,160725.25,177631.44,192847.01,Surged Additional 50% Reduction,Mongolia,MNG,2021-05-03,v8,TRUE
2021-05-19,cumulative_deaths,205.8,221.11,238.12,238.12,255.14,270.45,Surged Additional 50% Reduction,Mongolia,MNG,2021-05-03,v8,TRUE
2021-05-19,Rt,1.24,1.29,1.34,1.34,1.39,1.43,Surged Additional 50% Reduction,Mongolia,MNG,2021-05-03,v8,TRUE
2021-05-19,Reff,0.97,1,1.03,1.03,1.06,1.09,Surged Additional 50% Reduction,Mongolia,MNG,2021-05-03,v8,TRUE
2021-05-19,deaths,4.93,5.83,6.84,6.84,7.85,8.76,Surged Maintain Status Quo,Mongolia,MNG,2021-05-03,v8,TRUE
2021-05-19,hospital_demand,226.5,275.77,330.52,330.52,385.27,434.54,Surged Maintain Status Quo,Mongolia,MNG,2021-05-03,v8,TRUE
2021-05-19,ICU_demand,84.57,101.15,119.58,119.58,138.01,154.6,Surged Maintain Status Quo,Mongolia,MNG,2021-05-03,v8,TRUE
2021-05-19,infections,3869.94,5085.55,6436.23,6436.23,7786.9,9002.51,Surged Maintain Status Quo,Mongolia,MNG,2021-05-03,v8,TRUE
2021-05-19,prevalence,26317.58,34575.49,43750.95,43750.95,52926.41,61184.32,Surged Maintain Status Quo,Mongolia,MNG,2021-05-03,v8,TRUE
2021-05-19,cumulative_infections,157522.29,180912.57,206901.78,206901.78,232890.99,256281.27,Surged Maintain Status Quo,Mongolia,MNG,2021-05-03,v8,TRUE
2021-05-19,cumulative_deaths,210.13,226.52,244.74,244.74,262.96,279.35,Surged Maintain Status Quo,Mongolia,MNG,2021-05-03,v8,TRUE
2021-05-19,Rt,1.24,1.29,1.34,1.34,1.39,1.43,Surged Maintain Status Quo,Mongolia,MNG,2021-05-03,v8,TRUE
2021-05-19,Reff,0.95,0.97,1,1,1.02,1.04,Surged Maintain Status Quo,Mongolia,MNG,2021-05-03,v8,TRUE
2021-05-19,deaths,6.23,7.48,8.88,8.88,10.28,11.54,Surged Relax Interventions 50%,Mongolia,MNG,2021-05-03,v8,TRUE
2021-05-19,hospital_demand,338.81,419.44,509.04,509.04,598.63,679.27,Surged Relax Interventions 50%,Mongolia,MNG,2021-05-03,v8,TRUE
2021-05-19,ICU_demand,116.88,142.46,170.88,170.88,199.3,224.88,Surged Relax Interventions 50%,Mongolia,MNG,2021-05-03,v8,TRUE
2021-05-19,infections,10692.8,14033.85,17746.13,17746.13,21458.4,24799.45,Surged Relax Interventions 50%,Mongolia,MNG,2021-05-03,v8,TRUE
2021-05-19,prevalence,73136.88,95988.38,121378.93,121378.93,146769.48,169620.98,Surged Relax Interventions 50%,Mongolia,MNG,2021-05-03,v8,TRUE
2021-05-19,cumulative_infections,205864.56,243248.69,284786.63,284786.63,326324.56,363708.7,Surged Relax Interventions 50%,Mongolia,MNG,2021-05-03,v8,TRUE
2021-05-19,cumulative_deaths,215.44,233.2,252.94,252.94,272.68,290.45,Surged Relax Interventions 50%,Mongolia,MNG,2021-05-03,v8,TRUE
2021-05-19,Rt,1.24,1.29,1.34,1.34,1.39,1.43,Surged Relax Interventions 50%,Mongolia,MNG,2021-05-03,v8,TRUE
2021-05-19,Reff,0.92,0.92,0.93,0.93,0.94,0.94,Surged Relax Interventions 50%,Mongolia,MNG,2021-05-03,v8,TRUE
2021-05-20,deaths,3.74,4.38,5.09,5.09,5.8,6.44,Additional 50% Reduction,Mongolia,MNG,2021-05-03,v8,TRUE
2021-05-20,hospital_demand,141.28,168.96,199.71,199.71,230.46,258.14,Additional 50% Reduction,Mongolia,MNG,2021-05-03,v8,TRUE
2021-05-20,ICU_demand,59.23,69.57,81.06,81.06,92.55,102.89,Additional 50% Reduction,Mongolia,MNG,2021-05-03,v8,TRUE
2021-05-20,infections,832.02,1082.38,1360.55,1360.55,1638.73,1889.08,Additional 50% Reduction,Mongolia,MNG,2021-05-03,v8,TRUE
2021-05-20,prevalence,5806.12,7522.78,9430.17,9430.17,11337.56,13054.22,Additional 50% Reduction,Mongolia,MNG,2021-05-03,v8,TRUE
2021-05-20,cumulative_infections,129435.52,144901.45,162085.81,162085.81,179270.17,194736.09,Additional 50% Reduction,Mongolia,MNG,2021-05-03,v8,TRUE
2021-05-20,cumulative_deaths,209.54,225.49,243.22,243.22,260.94,276.89,Additional 50% Reduction,Mongolia,MNG,2021-05-03,v8,TRUE
2021-05-20,Rt,1.24,1.29,1.34,1.34,1.39,1.43,Additional 50% Reduction,Mongolia,MNG,2021-05-03,v8,TRUE
2021-05-20,Reff,1.04,1.07,1.1,1.1,1.13,1.16,Additional 50% Reduction,Mongolia,MNG,2021-05-03,v8,TRUE
2021-05-20,deaths,4.87,5.81,6.85,6.85,7.89,8.83,Maintain Status Quo,Mongolia,MNG,2021-05-03,v8,TRUE
2021-05-20,hospital_demand,225.86,276.86,333.52,333.52,390.18,441.18,Maintain Status Quo,Mongolia,MNG,2021-05-03,v8,TRUE
2021-05-20,ICU_demand,84.17,101.34,120.42,120.42,139.5,156.67,Maintain Status Quo,Mongolia,MNG,2021-05-03,v8,TRUE
2021-05-20,infections,3886.68,5137.19,6526.64,6526.64,7916.08,9166.59,Maintain Status Quo,Mongolia,MNG,2021-05-03,v8,TRUE
2021-05-20,prevalence,26427.71,34921.05,44358.1,44358.1,53795.14,62288.48,Maintain Status Quo,Mongolia,MNG,2021-05-03,v8,TRUE
2021-05-20,cumulative_infections,161408.97,186049.76,213428.42,213428.42,240807.07,265447.86,Maintain Status Quo,Mongolia,MNG,2021-05-03,v8,TRUE
2021-05-20,cumulative_deaths,215,232.33,251.59,251.59,270.85,288.19,Maintain Status Quo,Mongolia,MNG,2021-05-03,v8,TRUE
2021-05-20,Rt,1.24,1.29,1.34,1.34,1.39,1.43,Maintain Status Quo,Mongolia,MNG,2021-05-03,v8,TRUE
2021-05-20,Reff,1.02,1.04,1.06,1.06,1.09,1.11,Maintain Status Quo,Mongolia,MNG,2021-05-03,v8,TRUE
2021-05-20,deaths,6.45,7.81,9.33,9.33,10.85,12.22,Relax Interventions 50%,Mongolia,MNG,2021-05-03,v8,TRUE
2021-05-20,hospital_demand,357.2,445.51,543.63,543.63,641.74,730.05,Relax Interventions 50%,Mongolia,MNG,2021-05-03,v8,TRUE
2021-05-20,ICU_demand,122.2,150.13,181.16,181.16,212.2,240.13,Relax Interventions 50%,Mongolia,MNG,2021-05-03,v8,TRUE
2021-05-20,infections,11389.75,14992.46,18995.47,18995.47,22998.48,26601.19,Relax Interventions 50%,Mongolia,MNG,2021-05-03,v8,TRUE
2021-05-20,prevalence,77868.47,102475.81,129817.31,129817.31,157158.81,181766.15,Relax Interventions 50%,Mongolia,MNG,2021-05-03,v8,TRUE
2021-05-20,cumulative_infections,217254.31,258241.15,303782.1,303782.1,349323.04,390309.88,Relax Interventions 50%,Mongolia,MNG,2021-05-03,v8,TRUE
2021-05-20,cumulative_deaths,221.88,241.01,262.27,262.27,283.53,302.67,Relax Interventions 50%,Mongolia,MNG,2021-05-03,v8,TRUE
2021-05-20,Rt,1.24,1.29,1.34,1.34,1.39,1.43,Relax Interventions 50%,Mongolia,MNG,2021-05-03,v8,TRUE
2021-05-20,Reff,0.98,0.98,0.99,0.99,1,1,Relax Interventions 50%,Mongolia,MNG,2021-05-03,v8,TRUE
2021-05-20,deaths,3.74,4.38,5.09,5.09,5.8,6.44,Surged Additional 50% Reduction,Mongolia,MNG,2021-05-03,v8,TRUE
2021-05-20,hospital_demand,141.28,168.96,199.71,199.71,230.46,258.14,Surged Additional 50% Reduction,Mongolia,MNG,2021-05-03,v8,TRUE
2021-05-20,ICU_demand,59.23,69.57,81.06,81.06,92.55,102.89,Surged Additional 50% Reduction,Mongolia,MNG,2021-05-03,v8,TRUE
2021-05-20,infections,832.02,1082.38,1360.55,1360.55,1638.73,1889.08,Surged Additional 50% Reduction,Mongolia,MNG,2021-05-03,v8,TRUE
2021-05-20,prevalence,5806.12,7522.78,9430.17,9430.17,11337.56,13054.22,Surged Additional 50% Reduction,Mongolia,MNG,2021-05-03,v8,TRUE
2021-05-20,cumulative_infections,129435.52,144901.45,162085.81,162085.81,179270.17,194736.09,Surged Additional 50% Reduction,Mongolia,MNG,2021-05-03,v8,TRUE
2021-05-20,cumulative_deaths,209.54,225.49,243.22,243.22,260.94,276.89,Surged Additional 50% Reduction,Mongolia,MNG,2021-05-03,v8,TRUE
2021-05-20,Rt,1.24,1.29,1.34,1.34,1.39,1.43,Surged Additional 50% Reduction,Mongolia,MNG,2021-05-03,v8,TRUE
2021-05-20,Reff,0.97,1,1.03,1.03,1.06,1.09,Surged Additional 50% Reduction,Mongolia,MNG,2021-05-03,v8,TRUE
2021-05-20,deaths,4.87,5.81,6.85,6.85,7.89,8.83,Surged Maintain Status Quo,Mongolia,MNG,2021-05-03,v8,TRUE
2021-05-20,hospital_demand,225.86,276.86,333.52,333.52,390.18,441.18,Surged Maintain Status Quo,Mongolia,MNG,2021-05-03,v8,TRUE
2021-05-20,ICU_demand,84.17,101.34,120.42,120.42,139.5,156.67,Surged Maintain Status Quo,Mongolia,MNG,2021-05-03,v8,TRUE
2021-05-20,infections,3886.68,5137.19,6526.64,6526.64,7916.08,9166.59,Surged Maintain Status Quo,Mongolia,MNG,2021-05-03,v8,TRUE
2021-05-20,prevalence,26427.71,34921.05,44358.1,44358.1,53795.14,62288.48,Surged Maintain Status Quo,Mongolia,MNG,2021-05-03,v8,TRUE
2021-05-20,cumulative_infections,161408.97,186049.76,213428.42,213428.42,240807.07,265447.86,Surged Maintain Status Quo,Mongolia,MNG,2021-05-03,v8,TRUE
2021-05-20,cumulative_deaths,215,232.33,251.59,251.59,270.85,288.19,Surged Maintain Status Quo,Mongolia,MNG,2021-05-03,v8,TRUE
2021-05-20,Rt,1.24,1.29,1.34,1.34,1.39,1.43,Surged Maintain Status Quo,Mongolia,MNG,2021-05-03,v8,TRUE
2021-05-20,Reff,0.95,0.97,0.99,0.99,1.01,1.03,Surged Maintain Status Quo,Mongolia,MNG,2021-05-03,v8,TRUE
2021-05-20,deaths,6.45,7.81,9.33,9.33,10.85,12.22,Surged Relax Interventions 50%,Mongolia,MNG,2021-05-03,v8,TRUE
2021-05-20,hospital_demand,357.2,445.51,543.63,543.63,641.74,730.05,Surged Relax Interventions 50%,Mongolia,MNG,2021-05-03,v8,TRUE
2021-05-20,ICU_demand,122.2,150.13,181.16,181.16,212.2,240.13,Surged Relax Interventions 50%,Mongolia,MNG,2021-05-03,v8,TRUE
2021-05-20,infections,11389.75,14992.46,18995.47,18995.47,22998.48,26601.19,Surged Relax Interventions 50%,Mongolia,MNG,2021-05-03,v8,TRUE
2021-05-20,prevalence,77868.47,102475.81,129817.31,129817.31,157158.81,181766.15,Surged Relax Interventions 50%,Mongolia,MNG,2021-05-03,v8,TRUE
2021-05-20,cumulative_infections,217254.31,258241.15,303782.1,303782.1,349323.04,390309.88,Surged Relax Interventions 50%,Mongolia,MNG,2021-05-03,v8,TRUE
2021-05-20,cumulative_deaths,221.88,241.01,262.27,262.27,283.53,302.67,Surged Relax Interventions 50%,Mongolia,MNG,2021-05-03,v8,TRUE
2021-05-20,Rt,1.24,1.29,1.34,1.34,1.39,1.43,Surged Relax Interventions 50%,Mongolia,MNG,2021-05-03,v8,TRUE
2021-05-20,Reff,0.91,0.91,0.92,0.92,0.92,0.93,Surged Relax Interventions 50%,Mongolia,MNG,2021-05-03,v8,TRUE
2021-05-21,deaths,3.54,4.16,4.85,4.85,5.54,6.16,Additional 50% Reduction,Mongolia,MNG,2021-05-03,v8,TRUE
2021-05-21,hospital_demand,132.25,158.84,188.39,188.39,217.94,244.54,Additional 50% Reduction,Mongolia,MNG,2021-05-03,v8,TRUE
2021-05-21,ICU_demand,56.12,66.17,77.33,77.33,88.49,98.54,Additional 50% Reduction,Mongolia,MNG,2021-05-03,v8,TRUE
2021-05-21,infections,763.08,998.42,1259.9,1259.9,1521.39,1756.73,Additional 50% Reduction,Mongolia,MNG,2021-05-03,v8,TRUE
2021-05-21,prevalence,5329.44,6944.14,8738.24,8738.24,10532.35,12147.05,Additional 50% Reduction,Mongolia,MNG,2021-05-03,v8,TRUE
2021-05-21,cumulative_infections,130198.6,145899.87,163345.71,163345.71,180791.56,196492.82,Additional 50% Reduction,Mongolia,MNG,2021-05-03,v8,TRUE
2021-05-21,cumulative_deaths,213.08,229.65,248.06,248.06,266.48,283.05,Additional 50% Reduction,Mongolia,MNG,2021-05-03,v8,TRUE
2021-05-21,Rt,1.24,1.29,1.34,1.34,1.39,1.43,Additional 50% Reduction,Mongolia,MNG,2021-05-03,v8,TRUE
2021-05-21,Reff,1.04,1.07,1.1,1.1,1.13,1.16,Additional 50% Reduction,Mongolia,MNG,2021-05-03,v8,TRUE
2021-05-21,deaths,4.82,5.79,6.87,6.87,7.94,8.91,Maintain Status Quo,Mongolia,MNG,2021-05-03,v8,TRUE
2021-05-21,hospital_demand,225.33,278.07,336.66,336.66,395.26,448,Maintain Status Quo,Mongolia,MNG,2021-05-03,v8,TRUE
2021-05-21,ICU_demand,83.81,101.58,121.31,121.31,141.05,158.81,Maintain Status Quo,Mongolia,MNG,2021-05-03,v8,TRUE
2021-05-21,infections,3902.43,5187.2,6614.72,6614.72,8042.25,9327.02,Maintain Status Quo,Mongolia,MNG,2021-05-03,v8,TRUE
2021-05-21,prevalence,26531.32,35255.75,44949.57,44949.57,54643.39,63367.83,Maintain Status Quo,Mongolia,MNG,2021-05-03,v8,TRUE
2021-05-21,cumulative_infections,165311.39,191236.96,220043.14,220043.14,248849.32,274774.88,Maintain Status Quo,Mongolia,MNG,2021-05-03,v8,TRUE
2021-05-21,cumulative_deaths,219.82,238.12,258.46,258.46,278.79,297.09,Maintain Status Quo,Mongolia,MNG,2021-05-03,v8,TRUE
2021-05-21,Rt,1.24,1.29,1.34,1.34,1.39,1.43,Maintain Status Quo,Mongolia,MNG,2021-05-03,v8,TRUE
2021-05-21,Reff,1.01,1.03,1.06,1.06,1.08,1.1,Maintain Status Quo,Mongolia,MNG,2021-05-03,v8,TRUE
2021-05-21,deaths,6.7,8.19,9.84,9.84,11.49,12.98,Relax Interventions 50%,Mongolia,MNG,2021-05-03,v8,TRUE
2021-05-21,hospital_demand,377.26,473.86,581.19,581.19,688.53,785.13,Relax Interventions 50%,Mongolia,MNG,2021-05-03,v8,TRUE
2021-05-21,ICU_demand,128.06,158.55,192.42,192.42,226.3,256.78,Relax Interventions 50%,Mongolia,MNG,2021-05-03,v8,TRUE
2021-05-21,infections,12117.79,15985.96,20283.92,20283.92,24581.88,28450.05,Relax Interventions 50%,Mongolia,MNG,2021-05-03,v8,TRUE
2021-05-21,prevalence,82807.99,109191.43,138506.38,138506.38,167821.32,194204.77,Relax Interventions 50%,Mongolia,MNG,2021-05-03,v8,TRUE
2021-05-21,cumulative_infections,229372.1,274227.11,324066.02,324066.02,373904.92,418759.93,Relax Interventions 50%,Mongolia,MNG,2021-05-03,v8,TRUE
2021-05-21,cumulative_deaths,228.58,249.2,272.11,272.11,295.03,315.65,Relax Interventions 50%,Mongolia,MNG,2021-05-03,v8,TRUE
2021-05-21,Rt,1.24,1.29,1.34,1.34,1.39,1.43,Relax Interventions 50%,Mongolia,MNG,2021-05-03,v8,TRUE
2021-05-21,Reff,0.97,0.97,0.98,0.98,0.98,0.99,Relax Interventions 50%,Mongolia,MNG,2021-05-03,v8,TRUE
2021-05-21,deaths,3.54,4.16,4.85,4.85,5.54,6.16,Surged Additional 50% Reduction,Mongolia,MNG,2021-05-03,v8,TRUE
2021-05-21,hospital_demand,132.25,158.84,188.39,188.39,217.94,244.54,Surged Additional 50% Reduction,Mongolia,MNG,2021-05-03,v8,TRUE
2021-05-21,ICU_demand,56.12,66.17,77.33,77.33,88.49,98.54,Surged Additional 50% Reduction,Mongolia,MNG,2021-05-03,v8,TRUE
2021-05-21,infections,763.08,998.42,1259.9,1259.9,1521.39,1756.73,Surged Additional 50% Reduction,Mongolia,MNG,2021-05-03,v8,TRUE
2021-05-21,prevalence,5329.44,6944.14,8738.24,8738.24,10532.35,12147.05,Surged Additional 50% Reduction,Mongolia,MNG,2021-05-03,v8,TRUE
2021-05-21,cumulative_infections,130198.6,145899.87,163345.71,163345.71,180791.56,196492.82,Surged Additional 50% Reduction,Mongolia,MNG,2021-05-03,v8,TRUE
2021-05-21,cumulative_deaths,213.08,229.65,248.06,248.06,266.48,283.05,Surged Additional 50% Reduction,Mongolia,MNG,2021-05-03,v8,TRUE
2021-05-21,Rt,1.24,1.29,1.34,1.34,1.39,1.43,Surged Additional 50% Reduction,Mongolia,MNG,2021-05-03,v8,TRUE
2021-05-21,Reff,0.97,1,1.03,1.03,1.06,1.09,Surged Additional 50% Reduction,Mongolia,MNG,2021-05-03,v8,TRUE
2021-05-21,deaths,4.82,5.79,6.87,6.87,7.94,8.91,Surged Maintain Status Quo,Mongolia,MNG,2021-05-03,v8,TRUE
2021-05-21,hospital_demand,225.33,278.07,336.66,336.66,395.26,448,Surged Maintain Status Quo,Mongolia,MNG,2021-05-03,v8,TRUE
2021-05-21,ICU_demand,83.81,101.58,121.31,121.31,141.05,158.81,Surged Maintain Status Quo,Mongolia,MNG,2021-05-03,v8,TRUE
2021-05-21,infections,3902.43,5187.2,6614.72,6614.72,8042.25,9327.02,Surged Maintain Status Quo,Mongolia,MNG,2021-05-03,v8,TRUE
2021-05-21,prevalence,26531.32,35255.75,44949.57,44949.57,54643.39,63367.83,Surged Maintain Status Quo,Mongolia,MNG,2021-05-03,v8,TRUE
2021-05-21,cumulative_infections,165311.39,191236.96,220043.14,220043.14,248849.32,274774.88,Surged Maintain Status Quo,Mongolia,MNG,2021-05-03,v8,TRUE
2021-05-21,cumulative_deaths,219.82,238.12,258.46,258.46,278.79,297.09,Surged Maintain Status Quo,Mongolia,MNG,2021-05-03,v8,TRUE
2021-05-21,Rt,1.24,1.29,1.34,1.34,1.39,1.43,Surged Maintain Status Quo,Mongolia,MNG,2021-05-03,v8,TRUE
2021-05-21,Reff,0.95,0.97,0.99,0.99,1.01,1.03,Surged Maintain Status Quo,Mongolia,MNG,2021-05-03,v8,TRUE
2021-05-21,deaths,6.7,8.19,9.84,9.84,11.49,12.98,Surged Relax Interventions 50%,Mongolia,MNG,2021-05-03,v8,TRUE
2021-05-21,hospital_demand,377.26,473.86,581.19,581.19,688.53,785.13,Surged Relax Interventions 50%,Mongolia,MNG,2021-05-03,v8,TRUE
2021-05-21,ICU_demand,128.06,158.55,192.42,192.42,226.3,256.78,Surged Relax Interventions 50%,Mongolia,MNG,2021-05-03,v8,TRUE
2021-05-21,infections,12117.79,15985.96,20283.92,20283.92,24581.88,28450.05,Surged Relax Interventions 50%,Mongolia,MNG,2021-05-03,v8,TRUE
2021-05-21,prevalence,82807.99,109191.43,138506.38,138506.38,167821.32,194204.77,Surged Relax Interventions 50%,Mongolia,MNG,2021-05-03,v8,TRUE
2021-05-21,cumulative_infections,229372.1,274227.11,324066.02,324066.02,373904.92,418759.93,Surged Relax Interventions 50%,Mongolia,MNG,2021-05-03,v8,TRUE
2021-05-21,cumulative_deaths,228.58,249.2,272.11,272.11,295.03,315.65,Surged Relax Interventions 50%,Mongolia,MNG,2021-05-03,v8,TRUE
2021-05-21,Rt,1.24,1.29,1.34,1.34,1.39,1.43,Surged Relax Interventions 50%,Mongolia,MNG,2021-05-03,v8,TRUE
2021-05-21,Reff,0.9,0.9,0.91,0.91,0.91,0.91,Surged Relax Interventions 50%,Mongolia,MNG,2021-05-03,v8,TRUE
2021-05-22,deaths,3.33,3.93,4.6,4.6,5.27,5.87,Additional 50% Reduction,Mongolia,MNG,2021-05-03,v8,TRUE
2021-05-22,hospital_demand,123.53,149.02,177.33,177.33,205.65,231.14,Additional 50% Reduction,Mongolia,MNG,2021-05-03,v8,TRUE
2021-05-22,ICU_demand,53.07,62.8,73.61,73.61,84.43,94.16,Additional 50% Reduction,Mongolia,MNG,2021-05-03,v8,TRUE
2021-05-22,infections,699.84,920.97,1166.68,1166.68,1412.39,1633.53,Additional 50% Reduction,Mongolia,MNG,2021-05-03,v8,TRUE
2021-05-22,prevalence,4891.52,6409.69,8096.54,8096.54,9783.4,11301.57,Additional 50% Reduction,Mongolia,MNG,2021-05-03,v8,TRUE
2021-05-22,cumulative_infections,130898.44,146820.84,164512.39,164512.39,182203.95,198126.34,Additional 50% Reduction,Mongolia,MNG,2021-05-03,v8,TRUE
2021-05-22,cumulative_deaths,216.41,233.58,252.66,252.66,271.75,288.92,Additional 50% Reduction,Mongolia,MNG,2021-05-03,v8,TRUE
2021-05-22,Rt,1.24,1.29,1.34,1.34,1.39,1.43,Additional 50% Reduction,Mongolia,MNG,2021-05-03,v8,TRUE
2021-05-22,Reff,1.04,1.07,1.1,1.1,1.13,1.16,Additional 50% Reduction,Mongolia,MNG,2021-05-03,v8,TRUE
2021-05-22,deaths,4.78,5.78,6.89,6.89,7.99,8.99,Maintain Status Quo,Mongolia,MNG,2021-05-03,v8,TRUE
2021-05-22,hospital_demand,224.89,279.39,339.94,339.94,400.48,454.98,Maintain Status Quo,Mongolia,MNG,2021-05-03,v8,TRUE
2021-05-22,ICU_demand,83.49,101.85,122.25,122.25,142.65,161.02,Maintain Status Quo,Mongolia,MNG,2021-05-03,v8,TRUE
2021-05-22,infections,3917.16,5235.48,6700.26,6700.26,8165.05,9483.36,Maintain Status Quo,Mongolia,MNG,2021-05-03,v8,TRUE
2021-05-22,prevalence,26628.4,35579,45524.1,45524.1,55469.21,64419.8,Maintain Status Quo,Mongolia,MNG,2021-05-03,v8,TRUE
2021-05-22,cumulative_infections,169228.56,196472.43,226743.4,226743.4,257014.37,284258.25,Maintain Status Quo,Mongolia,MNG,2021-05-03,v8,TRUE
2021-05-22,cumulative_deaths,224.6,243.9,265.34,265.34,286.79,306.08,Maintain Status Quo,Mongolia,MNG,2021-05-03,v8,TRUE
2021-05-22,Rt,1.24,1.29,1.34,1.34,1.39,1.43,Maintain Status Quo,Mongolia,MNG,2021-05-03,v8,TRUE
2021-05-22,Reff,1.01,1.03,1.05,1.05,1.08,1.1,Maintain Status Quo,Mongolia,MNG,2021-05-03,v8,TRUE
2021-05-22,deaths,6.98,8.6,10.4,10.4,12.2,13.83,Relax Interventions 50%,Mongolia,MNG,2021-05-03,v8,TRUE
2021-05-22,hospital_demand,399,504.51,621.76,621.76,739,844.52,Relax Interventions 50%,Mongolia,MNG,2021-05-03,v8,TRUE
2021-05-22,ICU_demand,134.49,167.74,204.68,204.68,241.62,274.86,Relax Interventions 50%,Mongolia,MNG,2021-05-03,v8,TRUE
2021-05-22,infections,12876.07,17010.49,21604.29,21604.29,26198.09,30332.51,Relax Interventions 50%,Mongolia,MNG,2021-05-03,v8,TRUE
2021-05-22,prevalence,87948.99,116107.84,147395.46,147395.46,178683.07,206841.93,Relax Interventions 50%,Mongolia,MNG,2021-05-03,v8,TRUE
2021-05-22,cumulative_infections,242248.17,291237.6,345670.31,345670.31,400103.01,449092.45,Relax Interventions 50%,Mongolia,MNG,2021-05-03,v8,TRUE
2021-05-22,cumulative_deaths,235.56,257.8,282.52,282.52,307.23,329.48,Relax Interventions 50%,Mongolia,MNG,2021-05-03,v8,TRUE
2021-05-22,Rt,1.24,1.29,1.34,1.34,1.39,1.43,Relax Interventions 50%,Mongolia,MNG,2021-05-03,v8,TRUE
2021-05-22,Reff,0.96,0.96,0.96,0.96,0.97,0.97,Relax Interventions 50%,Mongolia,MNG,2021-05-03,v8,TRUE
2021-05-22,deaths,3.33,3.93,4.6,4.6,5.27,5.87,Surged Additional 50% Reduction,Mongolia,MNG,2021-05-03,v8,TRUE
2021-05-22,hospital_demand,123.53,149.02,177.33,177.33,205.65,231.14,Surged Additional 50% Reduction,Mongolia,MNG,2021-05-03,v8,TRUE
2021-05-22,ICU_demand,53.07,62.8,73.61,73.61,84.43,94.16,Surged Additional 50% Reduction,Mongolia,MNG,2021-05-03,v8,TRUE
2021-05-22,infections,699.84,920.97,1166.68,1166.68,1412.39,1633.53,Surged Additional 50% Reduction,Mongolia,MNG,2021-05-03,v8,TRUE
2021-05-22,prevalence,4891.52,6409.69,8096.54,8096.54,9783.4,11301.57,Surged Additional 50% Reduction,Mongolia,MNG,2021-05-03,v8,TRUE
2021-05-22,cumulative_infections,130898.44,146820.84,164512.39,164512.39,182203.95,198126.34,Surged Additional 50% Reduction,Mongolia,MNG,2021-05-03,v8,TRUE
2021-05-22,cumulative_deaths,216.41,233.58,252.66,252.66,271.75,288.92,Surged Additional 50% Reduction,Mongolia,MNG,2021-05-03,v8,TRUE
2021-05-22,Rt,1.24,1.29,1.34,1.34,1.39,1.43,Surged Additional 50% Reduction,Mongolia,MNG,2021-05-03,v8,TRUE
2021-05-22,Reff,0.97,1,1.03,1.03,1.06,1.08,Surged Additional 50% Reduction,Mongolia,MNG,2021-05-03,v8,TRUE
2021-05-22,deaths,4.78,5.78,6.89,6.89,7.99,8.99,Surged Maintain Status Quo,Mongolia,MNG,2021-05-03,v8,TRUE
2021-05-22,hospital_demand,224.89,279.39,339.94,339.94,400.48,454.98,Surged Maintain Status Quo,Mongolia,MNG,2021-05-03,v8,TRUE
2021-05-22,ICU_demand,83.49,101.85,122.25,122.25,142.65,161.02,Surged Maintain Status Quo,Mongolia,MNG,2021-05-03,v8,TRUE
2021-05-22,infections,3917.16,5235.48,6700.26,6700.26,8165.05,9483.36,Surged Maintain Status Quo,Mongolia,MNG,2021-05-03,v8,TRUE
2021-05-22,prevalence,26628.4,35579,45524.1,45524.1,55469.21,64419.8,Surged Maintain Status Quo,Mongolia,MNG,2021-05-03,v8,TRUE
2021-05-22,cumulative_infections,169228.56,196472.43,226743.4,226743.4,257014.37,284258.25,Surged Maintain Status Quo,Mongolia,MNG,2021-05-03,v8,TRUE
2021-05-22,cumulative_deaths,224.6,243.9,265.34,265.34,286.79,306.08,Surged Maintain Status Quo,Mongolia,MNG,2021-05-03,v8,TRUE
2021-05-22,Rt,1.24,1.29,1.34,1.34,1.39,1.43,Surged Maintain Status Quo,Mongolia,MNG,2021-05-03,v8,TRUE
2021-05-22,Reff,0.95,0.97,0.98,0.98,1,1.02,Surged Maintain Status Quo,Mongolia,MNG,2021-05-03,v8,TRUE
2021-05-22,deaths,6.98,8.6,10.4,10.4,12.2,13.83,Surged Relax Interventions 50%,Mongolia,MNG,2021-05-03,v8,TRUE
2021-05-22,hospital_demand,399,504.51,621.76,621.76,739,844.52,Surged Relax Interventions 50%,Mongolia,MNG,2021-05-03,v8,TRUE
2021-05-22,ICU_demand,134.49,167.74,204.68,204.68,241.62,274.86,Surged Relax Interventions 50%,Mongolia,MNG,2021-05-03,v8,TRUE
2021-05-22,infections,12876.07,17010.49,21604.29,21604.29,26198.09,30332.51,Surged Relax Interventions 50%,Mongolia,MNG,2021-05-03,v8,TRUE
2021-05-22,prevalence,87948.99,116107.84,147395.46,147395.46,178683.07,206841.93,Surged Relax Interventions 50%,Mongolia,MNG,2021-05-03,v8,TRUE
2021-05-22,cumulative_infections,242248.17,291237.6,345670.31,345670.31,400103.01,449092.45,Surged Relax Interventions 50%,Mongolia,MNG,2021-05-03,v8,TRUE
2021-05-22,cumulative_deaths,235.56,257.8,282.52,282.52,307.23,329.48,Surged Relax Interventions 50%,Mongolia,MNG,2021-05-03,v8,TRUE
2021-05-22,Rt,1.24,1.29,1.34,1.34,1.39,1.43,Surged Relax Interventions 50%,Mongolia,MNG,2021-05-03,v8,TRUE
2021-05-22,Reff,0.89,0.89,0.89,0.89,0.89,0.9,Surged Relax Interventions 50%,Mongolia,MNG,2021-05-03,v8,TRUE
2021-05-23,deaths,3.13,3.71,4.36,4.36,5,5.58,Additional 50% Reduction,Mongolia,MNG,2021-05-03,v8,TRUE
2021-05-23,hospital_demand,115.16,139.53,166.61,166.61,193.68,218.05,Additional 50% Reduction,Mongolia,MNG,2021-05-03,v8,TRUE
2021-05-23,ICU_demand,50.08,59.49,69.94,69.94,80.39,89.8,Additional 50% Reduction,Mongolia,MNG,2021-05-03,v8,TRUE
2021-05-23,infections,641.82,849.54,1080.34,1080.34,1311.14,1518.86,Additional 50% Reduction,Mongolia,MNG,2021-05-03,v8,TRUE
2021-05-23,prevalence,4489.3,5916.15,7501.53,7501.53,9086.92,10513.77,Additional 50% Reduction,Mongolia,MNG,2021-05-03,v8,TRUE
2021-05-23,cumulative_infections,131540.26,147670.38,165592.73,165592.73,183515.09,199645.21,Additional 50% Reduction,Mongolia,MNG,2021-05-03,v8,TRUE
2021-05-23,cumulative_deaths,219.54,237.29,257.02,257.02,276.75,294.5,Additional 50% Reduction,Mongolia,MNG,2021-05-03,v8,TRUE
2021-05-23,Rt,1.24,1.29,1.34,1.34,1.39,1.43,Additional 50% Reduction,Mongolia,MNG,2021-05-03,v8,TRUE
2021-05-23,Reff,1.04,1.07,1.1,1.1,1.13,1.16,Additional 50% Reduction,Mongolia,MNG,2021-05-03,v8,TRUE
2021-05-23,deaths,4.74,5.77,6.91,6.91,8.05,9.08,Maintain Status Quo,Mongolia,MNG,2021-05-03,v8,TRUE
2021-05-23,hospital_demand,224.54,280.81,343.32,343.32,405.84,462.1,Maintain Status Quo,Mongolia,MNG,2021-05-03,v8,TRUE
2021-05-23,ICU_demand,83.19,102.16,123.23,123.23,144.31,163.28,Maintain Status Quo,Mongolia,MNG,2021-05-03,v8,TRUE
2021-05-23,infections,3930.9,5281.93,6783.09,6783.09,8284.24,9635.28,Maintain Status Quo,Mongolia,MNG,2021-05-03,v8,TRUE
2021-05-23,prevalence,26718.9,35890.12,46080.37,46080.37,56270.62,65441.85,Maintain Status Quo,Mongolia,MNG,2021-05-03,v8,TRUE
2021-05-23,cumulative_infections,173159.46,201754.37,233526.49,233526.49,265298.61,293893.52,Maintain Status Quo,Mongolia,MNG,2021-05-03,v8,TRUE
2021-05-23,cumulative_deaths,229.34,249.67,272.25,272.25,294.84,315.16,Maintain Status Quo,Mongolia,MNG,2021-05-03,v8,TRUE
2021-05-23,Rt,1.24,1.29,1.34,1.34,1.39,1.43,Maintain Status Quo,Mongolia,MNG,2021-05-03,v8,TRUE
2021-05-23,Reff,1.01,1.03,1.05,1.05,1.07,1.09,Maintain Status Quo,Mongolia,MNG,2021-05-03,v8,TRUE
2021-05-23,deaths,7.3,9.06,11.03,11.03,12.99,14.75,Relax Interventions 50%,Mongolia,MNG,2021-05-03,v8,TRUE
2021-05-23,hospital_demand,422.43,537.48,665.31,665.31,793.13,908.18,Relax Interventions 50%,Mongolia,MNG,2021-05-03,v8,TRUE
2021-05-23,ICU_demand,141.49,177.7,217.93,217.93,258.17,294.38,Relax Interventions 50%,Mongolia,MNG,2021-05-03,v8,TRUE
2021-05-23,infections,13663.45,18061.4,22948.01,22948.01,27834.62,32232.58,Relax Interventions 50%,Mongolia,MNG,2021-05-03,v8,TRUE
2021-05-23,prevalence,93284.33,123193.74,156426.41,156426.41,189659.09,219568.5,Relax Interventions 50%,Mongolia,MNG,2021-05-03,v8,TRUE
2021-05-23,cumulative_infections,255911.61,309299,368618.32,368618.32,427937.63,481325.02,Relax Interventions 50%,Mongolia,MNG,2021-05-03,v8,TRUE
2021-05-23,cumulative_deaths,242.86,266.87,293.54,293.54,320.22,344.23,Relax Interventions 50%,Mongolia,MNG,2021-05-03,v8,TRUE
2021-05-23,Rt,1.24,1.29,1.34,1.34,1.39,1.43,Relax Interventions 50%,Mongolia,MNG,2021-05-03,v8,TRUE
2021-05-23,Reff,0.95,0.95,0.95,0.95,0.95,0.95,Relax Interventions 50%,Mongolia,MNG,2021-05-03,v8,TRUE
2021-05-23,deaths,3.13,3.71,4.36,4.36,5,5.58,Surged Additional 50% Reduction,Mongolia,MNG,2021-05-03,v8,TRUE
2021-05-23,hospital_demand,115.16,139.53,166.61,166.61,193.68,218.05,Surged Additional 50% Reduction,Mongolia,MNG,2021-05-03,v8,TRUE
2021-05-23,ICU_demand,50.08,59.49,69.94,69.94,80.39,89.8,Surged Additional 50% Reduction,Mongolia,MNG,2021-05-03,v8,TRUE
2021-05-23,infections,641.82,849.54,1080.34,1080.34,1311.14,1518.86,Surged Additional 50% Reduction,Mongolia,MNG,2021-05-03,v8,TRUE
2021-05-23,prevalence,4489.3,5916.15,7501.53,7501.53,9086.92,10513.77,Surged Additional 50% Reduction,Mongolia,MNG,2021-05-03,v8,TRUE
2021-05-23,cumulative_infections,131540.26,147670.38,165592.73,165592.73,183515.09,199645.21,Surged Additional 50% Reduction,Mongolia,MNG,2021-05-03,v8,TRUE
2021-05-23,cumulative_deaths,219.54,237.29,257.02,257.02,276.75,294.5,Surged Additional 50% Reduction,Mongolia,MNG,2021-05-03,v8,TRUE
2021-05-23,Rt,1.24,1.29,1.34,1.34,1.39,1.43,Surged Additional 50% Reduction,Mongolia,MNG,2021-05-03,v8,TRUE
2021-05-23,Reff,0.97,1,1.03,1.03,1.06,1.08,Surged Additional 50% Reduction,Mongolia,MNG,2021-05-03,v8,TRUE
2021-05-23,deaths,4.74,5.77,6.91,6.91,8.05,9.08,Surged Maintain Status Quo,Mongolia,MNG,2021-05-03,v8,TRUE
2021-05-23,hospital_demand,224.54,280.81,343.32,343.32,405.84,462.1,Surged Maintain Status Quo,Mongolia,MNG,2021-05-03,v8,TRUE
2021-05-23,ICU_demand,83.19,102.16,123.23,123.23,144.31,163.28,Surged Maintain Status Quo,Mongolia,MNG,2021-05-03,v8,TRUE
2021-05-23,infections,3930.9,5281.93,6783.09,6783.09,8284.24,9635.28,Surged Maintain Status Quo,Mongolia,MNG,2021-05-03,v8,TRUE
2021-05-23,prevalence,26718.9,35890.12,46080.37,46080.37,56270.62,65441.85,Surged Maintain Status Quo,Mongolia,MNG,2021-05-03,v8,TRUE
2021-05-23,cumulative_infections,173159.46,201754.37,233526.49,233526.49,265298.61,293893.52,Surged Maintain Status Quo,Mongolia,MNG,2021-05-03,v8,TRUE
2021-05-23,cumulative_deaths,229.34,249.67,272.25,272.25,294.84,315.16,Surged Maintain Status Quo,Mongolia,MNG,2021-05-03,v8,TRUE
2021-05-23,Rt,1.24,1.29,1.34,1.34,1.39,1.43,Surged Maintain Status Quo,Mongolia,MNG,2021-05-03,v8,TRUE
2021-05-23,Reff,0.95,0.96,0.98,0.98,1,1.02,Surged Maintain Status Quo,Mongolia,MNG,2021-05-03,v8,TRUE
2021-05-23,deaths,7.3,9.06,11.03,11.03,12.99,14.75,Surged Relax Interventions 50%,Mongolia,MNG,2021-05-03,v8,TRUE
2021-05-23,hospital_demand,422.43,537.48,665.31,665.31,793.13,908.18,Surged Relax Interventions 50%,Mongolia,MNG,2021-05-03,v8,TRUE
2021-05-23,ICU_demand,141.49,177.7,217.93,217.93,258.17,294.38,Surged Relax Interventions 50%,Mongolia,MNG,2021-05-03,v8,TRUE
2021-05-23,infections,13663.45,18061.4,22948.01,22948.01,27834.62,32232.58,Surged Relax Interventions 50%,Mongolia,MNG,2021-05-03,v8,TRUE
2021-05-23,prevalence,93284.33,123193.74,156426.41,156426.41,189659.09,219568.5,Surged Relax Interventions 50%,Mongolia,MNG,2021-05-03,v8,TRUE
2021-05-23,cumulative_infections,255911.61,309299,368618.32,368618.32,427937.63,481325.02,Surged Relax Interventions 50%,Mongolia,MNG,2021-05-03,v8,TRUE
2021-05-23,cumulative_deaths,242.86,266.87,293.54,293.54,320.22,344.23,Surged Relax Interventions 50%,Mongolia,MNG,2021-05-03,v8,TRUE
2021-05-23,Rt,1.24,1.29,1.34,1.34,1.39,1.43,Surged Relax Interventions 50%,Mongolia,MNG,2021-05-03,v8,TRUE
2021-05-23,Reff,0.87,0.87,0.88,0.88,0.88,0.89,Surged Relax Interventions 50%,Mongolia,MNG,2021-05-03,v8,TRUE
2021-05-24,deaths,2.93,3.49,4.11,4.11,4.73,5.29,Additional 50% Reduction,Mongolia,MNG,2021-05-03,v8,TRUE
2021-05-24,hospital_demand,107.17,130.42,156.26,156.26,182.1,205.36,Additional 50% Reduction,Mongolia,MNG,2021-05-03,v8,TRUE
2021-05-24,ICU_demand,47.18,56.25,66.33,66.33,76.41,85.48,Additional 50% Reduction,Mongolia,MNG,2021-05-03,v8,TRUE
2021-05-24,infections,588.61,783.66,1000.39,1000.39,1217.11,1412.16,Additional 50% Reduction,Mongolia,MNG,2021-05-03,v8,TRUE
2021-05-24,prevalence,4119.91,5460.43,6949.89,6949.89,8439.35,9779.87,Additional 50% Reduction,Mongolia,MNG,2021-05-03,v8,TRUE
2021-05-24,cumulative_infections,132128.87,148454.04,166593.12,166593.12,184732.2,201057.37,Additional 50% Reduction,Mongolia,MNG,2021-05-03,v8,TRUE
2021-05-24,cumulative_deaths,222.47,240.79,261.13,261.13,281.48,299.79,Additional 50% Reduction,Mongolia,MNG,2021-05-03,v8,TRUE
2021-05-24,Rt,1.24,1.29,1.34,1.34,1.39,1.43,Additional 50% Reduction,Mongolia,MNG,2021-05-03,v8,TRUE
2021-05-24,Reff,1.04,1.06,1.1,1.1,1.13,1.16,Additional 50% Reduction,Mongolia,MNG,2021-05-03,v8,TRUE
2021-05-24,deaths,4.7,5.76,6.94,6.94,8.11,9.17,Maintain Status Quo,Mongolia,MNG,2021-05-03,v8,TRUE
2021-05-24,hospital_demand,224.27,282.32,346.81,346.81,411.3,469.35,Maintain Status Quo,Mongolia,MNG,2021-05-03,v8,TRUE
2021-05-24,ICU_demand,82.93,102.51,124.26,124.26,146.01,165.59,Maintain Status Quo,Mongolia,MNG,2021-05-03,v8,TRUE
2021-05-24,infections,3943.62,5326.48,6862.99,6862.99,8399.49,9782.35,Maintain Status Quo,Mongolia,MNG,2021-05-03,v8,TRUE
2021-05-24,prevalence,26802.72,36188.48,46617.12,46617.12,57045.75,66431.52,Maintain Status Quo,Mongolia,MNG,2021-05-03,v8,TRUE
2021-05-24,cumulative_infections,177103.08,207080.84,240389.48,240389.48,273698.11,303675.87,Maintain Status Quo,Mongolia,MNG,2021-05-03,v8,TRUE
2021-05-24,cumulative_deaths,234.04,255.43,279.19,279.19,302.95,324.34,Maintain Status Quo,Mongolia,MNG,2021-05-03,v8,TRUE
2021-05-24,Rt,1.24,1.29,1.34,1.34,1.39,1.43,Maintain Status Quo,Mongolia,MNG,2021-05-03,v8,TRUE
2021-05-24,Reff,1.01,1.03,1.05,1.05,1.07,1.09,Maintain Status Quo,Mongolia,MNG,2021-05-03,v8,TRUE
2021-05-24,deaths,7.65,9.57,11.71,11.71,13.84,15.76,Relax Interventions 50%,Mongolia,MNG,2021-05-03,v8,TRUE
2021-05-24,hospital_demand,447.57,572.74,711.81,711.81,850.89,976.05,Relax Interventions 50%,Mongolia,MNG,2021-05-03,v8,TRUE
2021-05-24,ICU_demand,149.07,188.45,232.2,232.2,275.95,315.33,Relax Interventions 50%,Mongolia,MNG,2021-05-03,v8,TRUE
2021-05-24,infections,14478.49,19133.29,24305.29,24305.29,29477.29,34132.09,Relax Interventions 50%,Mongolia,MNG,2021-05-03,v8,TRUE
2021-05-24,prevalence,98802.73,130410.8,165530.88,165530.88,200650.97,232259.04,Relax Interventions 50%,Mongolia,MNG,2021-05-03,v8,TRUE
2021-05-24,cumulative_infections,270390.1,328432.29,392923.61,392923.61,457414.92,515457.11,Relax Interventions 50%,Mongolia,MNG,2021-05-03,v8,TRUE
2021-05-24,cumulative_deaths,250.51,276.44,305.25,305.25,334.06,359.99,Relax Interventions 50%,Mongolia,MNG,2021-05-03,v8,TRUE
2021-05-24,Rt,1.24,1.29,1.34,1.34,1.39,1.43,Relax Interventions 50%,Mongolia,MNG,2021-05-03,v8,TRUE
2021-05-24,Reff,0.93,0.93,0.94,0.94,0.94,0.95,Relax Interventions 50%,Mongolia,MNG,2021-05-03,v8,TRUE
2021-05-24,deaths,2.93,3.49,4.11,4.11,4.73,5.29,Surged Additional 50% Reduction,Mongolia,MNG,2021-05-03,v8,TRUE
2021-05-24,hospital_demand,107.17,130.42,156.26,156.26,182.1,205.36,Surged Additional 50% Reduction,Mongolia,MNG,2021-05-03,v8,TRUE
2021-05-24,ICU_demand,47.18,56.25,66.33,66.33,76.41,85.48,Surged Additional 50% Reduction,Mongolia,MNG,2021-05-03,v8,TRUE
2021-05-24,infections,588.61,783.66,1000.39,1000.39,1217.11,1412.16,Surged Additional 50% Reduction,Mongolia,MNG,2021-05-03,v8,TRUE
2021-05-24,prevalence,4119.91,5460.43,6949.89,6949.89,8439.35,9779.87,Surged Additional 50% Reduction,Mongolia,MNG,2021-05-03,v8,TRUE
2021-05-24,cumulative_infections,132128.87,148454.04,166593.12,166593.12,184732.2,201057.37,Surged Additional 50% Reduction,Mongolia,MNG,2021-05-03,v8,TRUE
2021-05-24,cumulative_deaths,222.47,240.79,261.13,261.13,281.48,299.79,Surged Additional 50% Reduction,Mongolia,MNG,2021-05-03,v8,TRUE
2021-05-24,Rt,1.24,1.29,1.34,1.34,1.39,1.43,Surged Additional 50% Reduction,Mongolia,MNG,2021-05-03,v8,TRUE
2021-05-24,Reff,0.97,1,1.03,1.03,1.06,1.08,Surged Additional 50% Reduction,Mongolia,MNG,2021-05-03,v8,TRUE
2021-05-24,deaths,4.7,5.76,6.94,6.94,8.11,9.17,Surged Maintain Status Quo,Mongolia,MNG,2021-05-03,v8,TRUE
2021-05-24,hospital_demand,224.27,282.32,346.81,346.81,411.3,469.35,Surged Maintain Status Quo,Mongolia,MNG,2021-05-03,v8,TRUE
2021-05-24,ICU_demand,82.93,102.51,124.26,124.26,146.01,165.59,Surged Maintain Status Quo,Mongolia,MNG,2021-05-03,v8,TRUE
2021-05-24,infections,3943.62,5326.48,6862.99,6862.99,8399.49,9782.35,Surged Maintain Status Quo,Mongolia,MNG,2021-05-03,v8,TRUE
2021-05-24,prevalence,26802.72,36188.48,46617.12,46617.12,57045.75,66431.52,Surged Maintain Status Quo,Mongolia,MNG,2021-05-03,v8,TRUE
2021-05-24,cumulative_infections,177103.08,207080.84,240389.48,240389.48,273698.11,303675.87,Surged Maintain Status Quo,Mongolia,MNG,2021-05-03,v8,TRUE
2021-05-24,cumulative_deaths,234.04,255.43,279.19,279.19,302.95,324.34,Surged Maintain Status Quo,Mongolia,MNG,2021-05-03,v8,TRUE
2021-05-24,Rt,1.24,1.29,1.34,1.34,1.39,1.43,Surged Maintain Status Quo,Mongolia,MNG,2021-05-03,v8,TRUE
2021-05-24,Reff,0.94,0.96,0.98,0.98,1,1.01,Surged Maintain Status Quo,Mongolia,MNG,2021-05-03,v8,TRUE
2021-05-24,deaths,7.65,9.57,11.71,11.71,13.84,15.76,Surged Relax Interventions 50%,Mongolia,MNG,2021-05-03,v8,TRUE
2021-05-24,hospital_demand,447.57,572.74,711.81,711.81,850.89,976.05,Surged Relax Interventions 50%,Mongolia,MNG,2021-05-03,v8,TRUE
2021-05-24,ICU_demand,149.07,188.45,232.2,232.2,275.95,315.33,Surged Relax Interventions 50%,Mongolia,MNG,2021-05-03,v8,TRUE
2021-05-24,infections,14478.49,19133.29,24305.29,24305.29,29477.29,34132.09,Surged Relax Interventions 50%,Mongolia,MNG,2021-05-03,v8,TRUE
2021-05-24,prevalence,98802.73,130410.8,165530.88,165530.88,200650.97,232259.04,Surged Relax Interventions 50%,Mongolia,MNG,2021-05-03,v8,TRUE
2021-05-24,cumulative_infections,270390.1,328432.29,392923.61,392923.61,457414.92,515457.11,Surged Relax Interventions 50%,Mongolia,MNG,2021-05-03,v8,TRUE
2021-05-24,cumulative_deaths,250.51,276.44,305.25,305.25,334.06,359.99,Surged Relax Interventions 50%,Mongolia,MNG,2021-05-03,v8,TRUE
2021-05-24,Rt,1.24,1.29,1.34,1.34,1.39,1.43,Surged Relax Interventions 50%,Mongolia,MNG,2021-05-03,v8,TRUE
2021-05-24,Reff,0.85,0.86,0.86,0.86,0.87,0.88,Surged Relax Interventions 50%,Mongolia,MNG,2021-05-03,v8,TRUE
2021-05-25,deaths,2.74,3.28,3.88,3.88,4.47,5.01,Additional 50% Reduction,Mongolia,MNG,2021-05-03,v8,TRUE
2021-05-25,hospital_demand,99.58,121.73,146.34,146.34,170.95,193.1,Additional 50% Reduction,Mongolia,MNG,2021-05-03,v8,TRUE
2021-05-25,ICU_demand,44.37,53.1,62.8,62.8,72.5,81.23,Additional 50% Reduction,Mongolia,MNG,2021-05-03,v8,TRUE
2021-05-25,infections,539.81,722.91,926.35,926.35,1129.79,1312.88,Additional 50% Reduction,Mongolia,MNG,2021-05-03,v8,TRUE
2021-05-25,prevalence,3780.71,5039.68,6438.54,6438.54,7837.39,9096.36,Additional 50% Reduction,Mongolia,MNG,2021-05-03,v8,TRUE
2021-05-25,cumulative_infections,132668.68,149176.95,167519.47,167519.47,185861.98,202370.25,Additional 50% Reduction,Mongolia,MNG,2021-05-03,v8,TRUE
2021-05-25,cumulative_deaths,225.22,244.07,265.01,265.01,285.95,304.8,Additional 50% Reduction,Mongolia,MNG,2021-05-03,v8,TRUE
2021-05-25,Rt,1.24,1.29,1.34,1.34,1.39,1.43,Additional 50% Reduction,Mongolia,MNG,2021-05-03,v8,TRUE
2021-05-25,Reff,1.04,1.06,1.1,1.1,1.13,1.16,Additional 50% Reduction,Mongolia,MNG,2021-05-03,v8,TRUE
2021-05-25,deaths,4.67,5.76,6.97,6.97,8.18,9.27,Maintain Status Quo,Mongolia,MNG,2021-05-03,v8,TRUE
2021-05-25,hospital_demand,224.07,283.91,350.39,350.39,416.87,476.7,Maintain Status Quo,Mongolia,MNG,2021-05-03,v8,TRUE
2021-05-25,ICU_demand,82.7,102.89,125.33,125.33,147.76,167.96,Maintain Status Quo,Mongolia,MNG,2021-05-03,v8,TRUE
2021-05-25,infections,3955.32,5369.01,6939.78,6939.78,8510.55,9924.24,Maintain Status Quo,Mongolia,MNG,2021-05-03,v8,TRUE
2021-05-25,prevalence,26879.7,36473.36,47132.99,47132.99,57792.61,67386.27,Maintain Status Quo,Mongolia,MNG,2021-05-03,v8,TRUE
2021-05-25,cumulative_infections,181058.4,212449.86,247329.26,247329.26,282208.66,313600.12,Maintain Status Quo,Mongolia,MNG,2021-05-03,v8,TRUE
2021-05-25,cumulative_deaths,238.71,261.18,286.16,286.16,311.13,333.61,Maintain Status Quo,Mongolia,MNG,2021-05-03,v8,TRUE
2021-05-25,Rt,1.24,1.29,1.34,1.34,1.39,1.43,Maintain Status Quo,Mongolia,MNG,2021-05-03,v8,TRUE
2021-05-25,Reff,1.01,1.02,1.04,1.04,1.06,1.08,Maintain Status Quo,Mongolia,MNG,2021-05-03,v8,TRUE
2021-05-25,deaths,8.04,10.12,12.44,12.44,14.76,16.85,Relax Interventions 50%,Mongolia,MNG,2021-05-03,v8,TRUE
2021-05-25,hospital_demand,474.44,610.28,761.23,761.23,912.17,1048.02,Relax Interventions 50%,Mongolia,MNG,2021-05-03,v8,TRUE
2021-05-25,ICU_demand,157.23,199.98,247.47,247.47,294.96,337.7,Relax Interventions 50%,Mongolia,MNG,2021-05-03,v8,TRUE
2021-05-25,infections,15319.22,20219.78,25664.85,25664.85,31109.91,36010.47,Relax Interventions 50%,Mongolia,MNG,2021-05-03,v8,TRUE
2021-05-25,prevalence,104490.9,137716.92,174634.72,174634.72,211552.52,244778.54,Relax Interventions 50%,Mongolia,MNG,2021-05-03,v8,TRUE
2021-05-25,cumulative_infections,285709.33,348652.07,418588.45,418588.45,488524.84,551467.58,Relax Interventions 50%,Mongolia,MNG,2021-05-03,v8,TRUE
2021-05-25,cumulative_deaths,258.54,286.56,317.69,317.69,348.82,376.84,Relax Interventions 50%,Mongolia,MNG,2021-05-03,v8,TRUE
2021-05-25,Rt,1.24,1.29,1.34,1.34,1.39,1.43,Relax Interventions 50%,Mongolia,MNG,2021-05-03,v8,TRUE
2021-05-25,Reff,0.91,0.91,0.92,0.92,0.93,0.94,Relax Interventions 50%,Mongolia,MNG,2021-05-03,v8,TRUE
2021-05-25,deaths,2.74,3.28,3.88,3.88,4.47,5.01,Surged Additional 50% Reduction,Mongolia,MNG,2021-05-03,v8,TRUE
2021-05-25,hospital_demand,99.58,121.73,146.34,146.34,170.95,193.1,Surged Additional 50% Reduction,Mongolia,MNG,2021-05-03,v8,TRUE
2021-05-25,ICU_demand,44.37,53.1,62.8,62.8,72.5,81.23,Surged Additional 50% Reduction,Mongolia,MNG,2021-05-03,v8,TRUE
2021-05-25,infections,539.81,722.91,926.35,926.35,1129.79,1312.88,Surged Additional 50% Reduction,Mongolia,MNG,2021-05-03,v8,TRUE
2021-05-25,prevalence,3780.71,5039.68,6438.54,6438.54,7837.39,9096.36,Surged Additional 50% Reduction,Mongolia,MNG,2021-05-03,v8,TRUE
2021-05-25,cumulative_infections,132668.68,149176.95,167519.47,167519.47,185861.98,202370.25,Surged Additional 50% Reduction,Mongolia,MNG,2021-05-03,v8,TRUE
2021-05-25,cumulative_deaths,225.22,244.07,265.01,265.01,285.95,304.8,Surged Additional 50% Reduction,Mongolia,MNG,2021-05-03,v8,TRUE
2021-05-25,Rt,1.24,1.29,1.34,1.34,1.39,1.43,Surged Additional 50% Reduction,Mongolia,MNG,2021-05-03,v8,TRUE
2021-05-25,Reff,0.97,1,1.03,1.03,1.06,1.08,Surged Additional 50% Reduction,Mongolia,MNG,2021-05-03,v8,TRUE
2021-05-25,deaths,4.67,5.76,6.97,6.97,8.18,9.27,Surged Maintain Status Quo,Mongolia,MNG,2021-05-03,v8,TRUE
2021-05-25,hospital_demand,224.07,283.91,350.39,350.39,416.87,476.7,Surged Maintain Status Quo,Mongolia,MNG,2021-05-03,v8,TRUE
2021-05-25,ICU_demand,82.7,102.89,125.33,125.33,147.76,167.96,Surged Maintain Status Quo,Mongolia,MNG,2021-05-03,v8,TRUE
2021-05-25,infections,3955.32,5369.01,6939.78,6939.78,8510.55,9924.24,Surged Maintain Status Quo,Mongolia,MNG,2021-05-03,v8,TRUE
2021-05-25,prevalence,26879.7,36473.36,47132.99,47132.99,57792.61,67386.27,Surged Maintain Status Quo,Mongolia,MNG,2021-05-03,v8,TRUE
2021-05-25,cumulative_infections,181058.4,212449.86,247329.26,247329.26,282208.66,313600.12,Surged Maintain Status Quo,Mongolia,MNG,2021-05-03,v8,TRUE
2021-05-25,cumulative_deaths,238.71,261.18,286.16,286.16,311.13,333.61,Surged Maintain Status Quo,Mongolia,MNG,2021-05-03,v8,TRUE
2021-05-25,Rt,1.24,1.29,1.34,1.34,1.39,1.43,Surged Maintain Status Quo,Mongolia,MNG,2021-05-03,v8,TRUE
2021-05-25,Reff,0.94,0.96,0.97,0.97,0.99,1.01,Surged Maintain Status Quo,Mongolia,MNG,2021-05-03,v8,TRUE
2021-05-25,deaths,8.04,10.12,12.44,12.44,14.76,16.85,Surged Relax Interventions 50%,Mongolia,MNG,2021-05-03,v8,TRUE
2021-05-25,hospital_demand,474.44,610.28,761.23,761.23,912.17,1048.02,Surged Relax Interventions 50%,Mongolia,MNG,2021-05-03,v8,TRUE
2021-05-25,ICU_demand,157.23,199.98,247.47,247.47,294.96,337.7,Surged Relax Interventions 50%,Mongolia,MNG,2021-05-03,v8,TRUE
2021-05-25,infections,15319.22,20219.78,25664.85,25664.85,31109.91,36010.47,Surged Relax Interventions 50%,Mongolia,MNG,2021-05-03,v8,TRUE
2021-05-25,prevalence,104490.9,137716.95,174634.79,174634.79,211552.62,244778.68,Surged Relax Interventions 50%,Mongolia,MNG,2021-05-03,v8,TRUE
2021-05-25,cumulative_infections,285709.33,348652.07,418588.45,418588.45,488524.84,551467.58,Surged Relax Interventions 50%,Mongolia,MNG,2021-05-03,v8,TRUE
2021-05-25,cumulative_deaths,258.54,286.56,317.69,317.69,348.82,376.84,Surged Relax Interventions 50%,Mongolia,MNG,2021-05-03,v8,TRUE
2021-05-25,Rt,1.24,1.29,1.34,1.34,1.39,1.43,Surged Relax Interventions 50%,Mongolia,MNG,2021-05-03,v8,TRUE
2021-05-25,Reff,0.83,0.84,0.85,0.85,0.86,0.87,Surged Relax Interventions 50%,Mongolia,MNG,2021-05-03,v8,TRUE
2021-05-26,deaths,2.56,3.08,3.65,3.65,4.22,4.73,Additional 50% Reduction,Mongolia,MNG,2021-05-03,v8,TRUE
2021-05-26,hospital_demand,92.4,113.46,136.87,136.87,160.27,181.33,Additional 50% Reduction,Mongolia,MNG,2021-05-03,v8,TRUE
2021-05-26,ICU_demand,41.67,50.06,59.37,59.37,68.69,77.08,Additional 50% Reduction,Mongolia,MNG,2021-05-03,v8,TRUE
2021-05-26,infections,495.05,666.87,857.79,857.79,1048.7,1220.53,Additional 50% Reduction,Mongolia,MNG,2021-05-03,v8,TRUE
2021-05-26,prevalence,3469.26,4651.27,5964.61,5964.61,7277.95,8459.95,Additional 50% Reduction,Mongolia,MNG,2021-05-03,v8,TRUE
2021-05-26,cumulative_infections,133163.73,149843.82,168377.26,168377.26,186910.69,203590.78,Additional 50% Reduction,Mongolia,MNG,2021-05-03,v8,TRUE
2021-05-26,cumulative_deaths,227.78,247.14,268.66,268.66,290.17,309.53,Additional 50% Reduction,Mongolia,MNG,2021-05-03,v8,TRUE
2021-05-26,Rt,1.24,1.29,1.34,1.34,1.39,1.43,Additional 50% Reduction,Mongolia,MNG,2021-05-03,v8,TRUE
2021-05-26,Reff,1.04,1.06,1.1,1.1,1.13,1.16,Additional 50% Reduction,Mongolia,MNG,2021-05-03,v8,TRUE
2021-05-26,deaths,4.64,5.76,7.01,7.01,8.25,9.37,Maintain Status Quo,Mongolia,MNG,2021-05-03,v8,TRUE
2021-05-26,hospital_demand,223.94,285.57,354.04,354.04,422.51,484.13,Maintain Status Quo,Mongolia,MNG,2021-05-03,v8,TRUE
2021-05-26,ICU_demand,82.49,103.3,126.43,126.43,149.55,170.36,Maintain Status Quo,Mongolia,MNG,2021-05-03,v8,TRUE
2021-05-26,infections,3965.96,5409.43,7013.28,7013.28,8617.13,10060.59,Maintain Status Quo,Mongolia,MNG,2021-05-03,v8,TRUE
2021-05-26,prevalence,26949.56,36743.9,47626.51,47626.51,58509.12,68303.47,Maintain Status Quo,Mongolia,MNG,2021-05-03,v8,TRUE
2021-05-26,cumulative_infections,185024.36,217859.29,254342.54,254342.54,290825.79,323660.71,Maintain Status Quo,Mongolia,MNG,2021-05-03,v8,TRUE
2021-05-26,cumulative_deaths,243.35,266.94,293.16,293.16,319.38,342.98,Maintain Status Quo,Mongolia,MNG,2021-05-03,v8,TRUE
2021-05-26,Rt,1.24,1.29,1.34,1.34,1.39,1.43,Maintain Status Quo,Mongolia,MNG,2021-05-03,v8,TRUE
2021-05-26,Reff,1.01,1.02,1.04,1.04,1.06,1.08,Maintain Status Quo,Mongolia,MNG,2021-05-03,v8,TRUE
2021-05-26,deaths,8.46,10.75,13.29,13.29,15.84,18.13,Relax Interventions 50%,Mongolia,MNG,2021-05-03,v8,TRUE
2021-05-26,hospital_demand,503.02,650.07,813.45,813.45,976.84,1123.88,Relax Interventions 50%,Mongolia,MNG,2021-05-03,v8,TRUE
2021-05-26,ICU_demand,165.99,212.27,263.68,263.68,315.09,361.37,Relax Interventions 50%,Mongolia,MNG,2021-05-03,v8,TRUE
2021-05-26,infections,16183.31,21313.95,27014.66,27014.66,32715.38,37846.02,Relax Interventions 50%,Mongolia,MNG,2021-05-03,v8,TRUE
2021-05-26,prevalence,110332.22,145064.44,183655.79,183655.79,222247.14,256979.36,Relax Interventions 50%,Mongolia,MNG,2021-05-03,v8,TRUE
2021-05-26,cumulative_infections,301892.64,369966.02,445603.12,445603.12,521240.21,589313.6,Relax Interventions 50%,Mongolia,MNG,2021-05-03,v8,TRUE
2021-05-26,cumulative_deaths,267,297.31,330.98,330.98,364.66,394.97,Relax Interventions 50%,Mongolia,MNG,2021-05-03,v8,TRUE
2021-05-26,Rt,1.24,1.29,1.34,1.34,1.39,1.43,Relax Interventions 50%,Mongolia,MNG,2021-05-03,v8,TRUE
2021-05-26,Reff,0.89,0.9,0.91,0.91,0.92,0.93,Relax Interventions 50%,Mongolia,MNG,2021-05-03,v8,TRUE
2021-05-26,deaths,2.56,3.08,3.65,3.65,4.22,4.73,Surged Additional 50% Reduction,Mongolia,MNG,2021-05-03,v8,TRUE
2021-05-26,hospital_demand,92.4,113.46,136.87,136.87,160.27,181.33,Surged Additional 50% Reduction,Mongolia,MNG,2021-05-03,v8,TRUE
2021-05-26,ICU_demand,41.67,50.06,59.37,59.37,68.69,77.08,Surged Additional 50% Reduction,Mongolia,MNG,2021-05-03,v8,TRUE
2021-05-26,infections,495.05,666.87,857.79,857.79,1048.7,1220.53,Surged Additional 50% Reduction,Mongolia,MNG,2021-05-03,v8,TRUE
2021-05-26,prevalence,3469.26,4651.27,5964.61,5964.61,7277.95,8459.95,Surged Additional 50% Reduction,Mongolia,MNG,2021-05-03,v8,TRUE
2021-05-26,cumulative_infections,133163.73,149843.82,168377.26,168377.26,186910.69,203590.78,Surged Additional 50% Reduction,Mongolia,MNG,2021-05-03,v8,TRUE
2021-05-26,cumulative_deaths,227.78,247.14,268.66,268.66,290.17,309.53,Surged Additional 50% Reduction,Mongolia,MNG,2021-05-03,v8,TRUE
2021-05-26,Rt,1.24,1.29,1.34,1.34,1.39,1.43,Surged Additional 50% Reduction,Mongolia,MNG,2021-05-03,v8,TRUE
2021-05-26,Reff,0.97,1,1.03,1.03,1.06,1.08,Surged Additional 50% Reduction,Mongolia,MNG,2021-05-03,v8,TRUE
2021-05-26,deaths,4.64,5.76,7.01,7.01,8.25,9.37,Surged Maintain Status Quo,Mongolia,MNG,2021-05-03,v8,TRUE
2021-05-26,hospital_demand,223.94,285.57,354.04,354.04,422.51,484.13,Surged Maintain Status Quo,Mongolia,MNG,2021-05-03,v8,TRUE
2021-05-26,ICU_demand,82.49,103.3,126.43,126.43,149.55,170.36,Surged Maintain Status Quo,Mongolia,MNG,2021-05-03,v8,TRUE
2021-05-26,infections,3965.96,5409.43,7013.28,7013.28,8617.13,10060.59,Surged Maintain Status Quo,Mongolia,MNG,2021-05-03,v8,TRUE
2021-05-26,prevalence,26949.56,36743.9,47626.51,47626.51,58509.12,68303.47,Surged Maintain Status Quo,Mongolia,MNG,2021-05-03,v8,TRUE
2021-05-26,cumulative_infections,185024.36,217859.29,254342.54,254342.54,290825.79,323660.71,Surged Maintain Status Quo,Mongolia,MNG,2021-05-03,v8,TRUE
2021-05-26,cumulative_deaths,243.35,266.94,293.16,293.16,319.38,342.98,Surged Maintain Status Quo,Mongolia,MNG,2021-05-03,v8,TRUE
2021-05-26,Rt,1.24,1.29,1.34,1.34,1.39,1.43,Surged Maintain Status Quo,Mongolia,MNG,2021-05-03,v8,TRUE
2021-05-26,Reff,0.94,0.96,0.97,0.97,0.99,1,Surged Maintain Status Quo,Mongolia,MNG,2021-05-03,v8,TRUE
2021-05-26,deaths,8.45,10.72,13.24,13.24,15.76,18.03,Surged Relax Interventions 50%,Mongolia,MNG,2021-05-03,v8,TRUE
2021-05-26,hospital_demand,503.02,650.07,813.45,813.45,976.84,1123.88,Surged Relax Interventions 50%,Mongolia,MNG,2021-05-03,v8,TRUE
2021-05-26,ICU_demand,165.99,212.29,263.73,263.73,315.17,361.46,Surged Relax Interventions 50%,Mongolia,MNG,2021-05-03,v8,TRUE
2021-05-26,infections,16183.31,21313.97,27014.7,27014.7,32715.43,37846.09,Surged Relax Interventions 50%,Mongolia,MNG,2021-05-03,v8,TRUE
2021-05-26,prevalence,110332.24,145064.67,183656.25,183656.25,222247.83,256980.26,Surged Relax Interventions 50%,Mongolia,MNG,2021-05-03,v8,TRUE
2021-05-26,cumulative_infections,301892.64,369966.04,445603.15,445603.15,521240.26,589313.66,Surged Relax Interventions 50%,Mongolia,MNG,2021-05-03,v8,TRUE
2021-05-26,cumulative_deaths,267,297.28,330.93,330.93,364.58,394.87,Surged Relax Interventions 50%,Mongolia,MNG,2021-05-03,v8,TRUE
2021-05-26,Rt,1.24,1.29,1.34,1.34,1.39,1.43,Surged Relax Interventions 50%,Mongolia,MNG,2021-05-03,v8,TRUE
2021-05-26,Reff,0.81,0.82,0.83,0.83,0.85,0.86,Surged Relax Interventions 50%,Mongolia,MNG,2021-05-03,v8,TRUE
2021-05-27,deaths,2.39,2.88,3.42,3.42,3.97,4.46,Additional 50% Reduction,Mongolia,MNG,2021-05-03,v8,TRUE
2021-05-27,hospital_demand,85.63,105.63,127.86,127.86,150.08,170.08,Additional 50% Reduction,Mongolia,MNG,2021-05-03,v8,TRUE
2021-05-27,ICU_demand,39.08,47.12,56.05,56.05,64.99,73.03,Additional 50% Reduction,Mongolia,MNG,2021-05-03,v8,TRUE
2021-05-27,infections,454,615.2,794.31,794.31,973.42,1134.62,Additional 50% Reduction,Mongolia,MNG,2021-05-03,v8,TRUE
2021-05-27,prevalence,3183.34,4292.74,5525.39,5525.39,6758.05,7867.45,Additional 50% Reduction,Mongolia,MNG,2021-05-03,v8,TRUE
2021-05-27,cumulative_infections,133617.73,150459.02,169171.57,169171.57,187884.11,204725.4,Additional 50% Reduction,Mongolia,MNG,2021-05-03,v8,TRUE
2021-05-27,cumulative_deaths,230.17,250.02,272.08,272.08,294.14,313.99,Additional 50% Reduction,Mongolia,MNG,2021-05-03,v8,TRUE
2021-05-27,Rt,1.24,1.29,1.34,1.34,1.39,1.43,Additional 50% Reduction,Mongolia,MNG,2021-05-03,v8,TRUE
2021-05-27,Reff,1.04,1.06,1.1,1.1,1.13,1.16,Additional 50% Reduction,Mongolia,MNG,2021-05-03,v8,TRUE
2021-05-27,deaths,4.61,5.76,7.05,7.05,8.33,9.48,Maintain Status Quo,Mongolia,MNG,2021-05-03,v8,TRUE
2021-05-27,hospital_demand,223.87,287.29,357.75,357.75,428.21,491.62,Maintain Status Quo,Mongolia,MNG,2021-05-03,v8,TRUE
2021-05-27,ICU_demand,82.31,103.75,127.56,127.56,151.38,172.81,Maintain Status Quo,Mongolia,MNG,2021-05-03,v8,TRUE
2021-05-27,infections,3975.52,5447.59,7083.23,7083.23,8718.87,10190.95,Maintain Status Quo,Mongolia,MNG,2021-05-03,v8,TRUE
2021-05-27,prevalence,27012.43,36999.5,48096.25,48096.25,59192.99,69180.07,Maintain Status Quo,Mongolia,MNG,2021-05-03,v8,TRUE
2021-05-27,cumulative_infections,188999.88,223306.88,261425.77,261425.77,299544.66,333851.66,Maintain Status Quo,Mongolia,MNG,2021-05-03,v8,TRUE
2021-05-27,cumulative_deaths,247.95,272.71,300.21,300.21,327.71,352.46,Maintain Status Quo,Mongolia,MNG,2021-05-03,v8,TRUE
2021-05-27,Rt,1.24,1.29,1.34,1.34,1.39,1.43,Maintain Status Quo,Mongolia,MNG,2021-05-03,v8,TRUE
2021-05-27,Reff,1,1.02,1.04,1.04,1.05,1.07,Maintain Status Quo,Mongolia,MNG,2021-05-03,v8,TRUE
2021-05-27,deaths,9.02,12.54,16.45,16.45,20.35,23.87,Relax Interventions 50%,Mongolia,MNG,2021-05-03,v8,TRUE
2021-05-27,hospital_demand,533.34,692.03,868.36,868.36,1044.69,1203.38,Relax Interventions 50%,Mongolia,MNG,2021-05-03,v8,TRUE
2021-05-27,ICU_demand,175.24,224.18,278.57,278.57,332.95,381.9,Relax Interventions 50%,Mongolia,MNG,2021-05-03,v8,TRUE
2021-05-27,infections,17067.93,22408.12,28341.68,28341.68,34275.23,39615.42,Relax Interventions 50%,Mongolia,MNG,2021-05-03,v8,TRUE
2021-05-27,prevalence,116306.78,152400.4,192504.43,192504.43,232608.46,268702.09,Relax Interventions 50%,Mongolia,MNG,2021-05-03,v8,TRUE
2021-05-27,cumulative_infections,318960.56,392374.14,473944.79,473944.79,555515.44,628929.02,Relax Interventions 50%,Mongolia,MNG,2021-05-03,v8,TRUE
2021-05-27,cumulative_deaths,276.03,309.85,347.43,347.43,385.01,418.84,Relax Interventions 50%,Mongolia,MNG,2021-05-03,v8,TRUE
2021-05-27,Rt,1.24,1.29,1.34,1.34,1.39,1.43,Relax Interventions 50%,Mongolia,MNG,2021-05-03,v8,TRUE
2021-05-27,Reff,0.86,0.88,0.89,0.89,0.91,0.92,Relax Interventions 50%,Mongolia,MNG,2021-05-03,v8,TRUE
2021-05-27,deaths,2.39,2.88,3.42,3.42,3.97,4.46,Surged Additional 50% Reduction,Mongolia,MNG,2021-05-03,v8,TRUE
2021-05-27,hospital_demand,85.63,105.63,127.86,127.86,150.08,170.08,Surged Additional 50% Reduction,Mongolia,MNG,2021-05-03,v8,TRUE
2021-05-27,ICU_demand,39.08,47.12,56.05,56.05,64.99,73.03,Surged Additional 50% Reduction,Mongolia,MNG,2021-05-03,v8,TRUE
2021-05-27,infections,454,615.2,794.31,794.31,973.42,1134.62,Surged Additional 50% Reduction,Mongolia,MNG,2021-05-03,v8,TRUE
2021-05-27,prevalence,3183.34,4292.74,5525.39,5525.39,6758.05,7867.45,Surged Additional 50% Reduction,Mongolia,MNG,2021-05-03,v8,TRUE
2021-05-27,cumulative_infections,133617.73,150459.02,169171.57,169171.57,187884.11,204725.4,Surged Additional 50% Reduction,Mongolia,MNG,2021-05-03,v8,TRUE
2021-05-27,cumulative_deaths,230.17,250.02,272.08,272.08,294.14,313.99,Surged Additional 50% Reduction,Mongolia,MNG,2021-05-03,v8,TRUE
2021-05-27,Rt,1.24,1.29,1.34,1.34,1.39,1.43,Surged Additional 50% Reduction,Mongolia,MNG,2021-05-03,v8,TRUE
2021-05-27,Reff,0.97,1,1.03,1.03,1.06,1.08,Surged Additional 50% Reduction,Mongolia,MNG,2021-05-03,v8,TRUE
2021-05-27,deaths,4.61,5.76,7.05,7.05,8.33,9.48,Surged Maintain Status Quo,Mongolia,MNG,2021-05-03,v8,TRUE
2021-05-27,hospital_demand,223.87,287.29,357.75,357.75,428.21,491.62,Surged Maintain Status Quo,Mongolia,MNG,2021-05-03,v8,TRUE
2021-05-27,ICU_demand,82.31,103.75,127.56,127.56,151.38,172.81,Surged Maintain Status Quo,Mongolia,MNG,2021-05-03,v8,TRUE
2021-05-27,infections,3975.52,5447.59,7083.23,7083.23,8718.87,10190.95,Surged Maintain Status Quo,Mongolia,MNG,2021-05-03,v8,TRUE
2021-05-27,prevalence,27012.43,36999.5,48096.25,48096.25,59192.99,69180.07,Surged Maintain Status Quo,Mongolia,MNG,2021-05-03,v8,TRUE
2021-05-27,cumulative_infections,188999.88,223306.88,261425.77,261425.77,299544.66,333851.66,Surged Maintain Status Quo,Mongolia,MNG,2021-05-03,v8,TRUE
2021-05-27,cumulative_deaths,247.95,272.71,300.21,300.21,327.71,352.46,Surged Maintain Status Quo,Mongolia,MNG,2021-05-03,v8,TRUE
2021-05-27,Rt,1.24,1.29,1.34,1.34,1.39,1.43,Surged Maintain Status Quo,Mongolia,MNG,2021-05-03,v8,TRUE
2021-05-27,Reff,0.94,0.95,0.97,0.97,0.98,0.99,Surged Maintain Status Quo,Mongolia,MNG,2021-05-03,v8,TRUE
2021-05-27,deaths,8.91,11.37,14.1,14.1,16.83,19.29,Surged Relax Interventions 50%,Mongolia,MNG,2021-05-03,v8,TRUE
2021-05-27,hospital_demand,533.34,692.04,868.38,868.38,1044.71,1203.41,Surged Relax Interventions 50%,Mongolia,MNG,2021-05-03,v8,TRUE
2021-05-27,ICU_demand,175.36,225.38,280.96,280.96,336.54,386.56,Surged Relax Interventions 50%,Mongolia,MNG,2021-05-03,v8,TRUE
2021-05-27,infections,17067.93,22408.19,28341.8,28341.8,34275.42,39615.67,Surged Relax Interventions 50%,Mongolia,MNG,2021-05-03,v8,TRUE
2021-05-27,prevalence,116306.93,152401.91,192507.45,192507.45,232612.99,268707.98,Surged Relax Interventions 50%,Mongolia,MNG,2021-05-03,v8,TRUE
2021-05-27,cumulative_infections,318960.57,392374.22,473944.95,473944.95,555515.68,628929.34,Surged Relax Interventions 50%,Mongolia,MNG,2021-05-03,v8,TRUE
2021-05-27,cumulative_deaths,275.91,308.65,345.03,345.03,381.41,414.15,Surged Relax Interventions 50%,Mongolia,MNG,2021-05-03,v8,TRUE
2021-05-27,Rt,1.24,1.29,1.34,1.34,1.39,1.43,Surged Relax Interventions 50%,Mongolia,MNG,2021-05-03,v8,TRUE
2021-05-27,Reff,0.79,0.8,0.82,0.82,0.84,0.85,Surged Relax Interventions 50%,Mongolia,MNG,2021-05-03,v8,TRUE
2021-05-28,deaths,2.22,2.69,3.21,3.21,3.73,4.2,Additional 50% Reduction,Mongolia,MNG,2021-05-03,v8,TRUE
2021-05-28,hospital_demand,79.27,98.24,119.31,119.31,140.39,159.36,Additional 50% Reduction,Mongolia,MNG,2021-05-03,v8,TRUE
2021-05-28,ICU_demand,36.6,44.3,52.85,52.85,61.41,69.11,Additional 50% Reduction,Mongolia,MNG,2021-05-03,v8,TRUE
2021-05-28,infections,416.36,567.55,735.54,735.54,903.53,1054.72,Additional 50% Reduction,Mongolia,MNG,2021-05-03,v8,TRUE
2021-05-28,prevalence,2920.89,3961.82,5118.4,5118.4,6274.99,7315.91,Additional 50% Reduction,Mongolia,MNG,2021-05-03,v8,TRUE
2021-05-28,cumulative_infections,134034.09,151026.57,169907.1,169907.1,188787.64,205780.12,Additional 50% Reduction,Mongolia,MNG,2021-05-03,v8,TRUE
2021-05-28,cumulative_deaths,232.39,252.71,275.29,275.29,297.87,318.19,Additional 50% Reduction,Mongolia,MNG,2021-05-03,v8,TRUE
2021-05-28,Rt,1.24,1.29,1.34,1.34,1.39,1.43,Additional 50% Reduction,Mongolia,MNG,2021-05-03,v8,TRUE
2021-05-28,Reff,1.04,1.06,1.1,1.1,1.13,1.16,Additional 50% Reduction,Mongolia,MNG,2021-05-03,v8,TRUE
2021-05-28,deaths,4.58,5.77,7.09,7.09,8.41,9.6,Maintain Status Quo,Mongolia,MNG,2021-05-03,v8,TRUE
2021-05-28,hospital_demand,223.85,289.06,361.5,361.5,433.95,499.15,Maintain Status Quo,Mongolia,MNG,2021-05-03,v8,TRUE
2021-05-28,ICU_demand,82.16,104.22,128.72,128.72,153.23,175.29,Maintain Status Quo,Mongolia,MNG,2021-05-03,v8,TRUE
2021-05-28,infections,3984.01,5483.44,7149.47,7149.47,8815.5,10314.93,Maintain Status Quo,Mongolia,MNG,2021-05-03,v8,TRUE
2021-05-28,prevalence,27068.16,37239.53,48541.06,48541.06,59842.59,70013.96,Maintain Status Quo,Mongolia,MNG,2021-05-03,v8,TRUE
2021-05-28,cumulative_infections,192983.88,228790.31,268575.24,268575.24,308360.16,344166.59,Maintain Status Quo,Mongolia,MNG,2021-05-03,v8,TRUE
2021-05-28,cumulative_deaths,252.54,278.48,307.3,307.3,336.12,362.06,Maintain Status Quo,Mongolia,MNG,2021-05-03,v8,TRUE
2021-05-28,Rt,1.24,1.29,1.34,1.34,1.39,1.43,Maintain Status Quo,Mongolia,MNG,2021-05-03,v8,TRUE
2021-05-28,Reff,1,1.02,1.03,1.03,1.05,1.07,Maintain Status Quo,Mongolia,MNG,2021-05-03,v8,TRUE
2021-05-28,deaths,9.75,15.57,22.03,22.03,28.5,34.32,Relax Interventions 50%,Mongolia,MNG,2021-05-03,v8,TRUE
2021-05-28,hospital_demand,565.38,736.07,925.73,925.73,1115.39,1286.08,Relax Interventions 50%,Mongolia,MNG,2021-05-03,v8,TRUE
2021-05-28,ICU_demand,184.86,234.55,289.76,289.76,344.98,394.67,Relax Interventions 50%,Mongolia,MNG,2021-05-03,v8,TRUE
2021-05-28,infections,17969.59,23493.92,29632.07,29632.07,35770.21,41294.54,Relax Interventions 50%,Mongolia,MNG,2021-05-03,v8,TRUE
2021-05-28,prevalence,122390.36,159667.79,201087.16,201087.16,242506.53,279783.97,Relax Interventions 50%,Mongolia,MNG,2021-05-03,v8,TRUE
2021-05-28,cumulative_infections,336930.15,415868.07,503576.86,503576.86,591285.65,670223.57,Relax Interventions 50%,Mongolia,MNG,2021-05-03,v8,TRUE
2021-05-28,cumulative_deaths,285.77,325.42,369.46,369.46,413.51,453.16,Relax Interventions 50%,Mongolia,MNG,2021-05-03,v8,TRUE
2021-05-28,Rt,1.24,1.29,1.34,1.34,1.39,1.43,Relax Interventions 50%,Mongolia,MNG,2021-05-03,v8,TRUE
2021-05-28,Reff,0.84,0.86,0.88,0.88,0.89,0.91,Relax Interventions 50%,Mongolia,MNG,2021-05-03,v8,TRUE
2021-05-28,deaths,2.22,2.69,3.21,3.21,3.73,4.2,Surged Additional 50% Reduction,Mongolia,MNG,2021-05-03,v8,TRUE
2021-05-28,hospital_demand,79.27,98.24,119.31,119.31,140.39,159.36,Surged Additional 50% Reduction,Mongolia,MNG,2021-05-03,v8,TRUE
2021-05-28,ICU_demand,36.6,44.3,52.85,52.85,61.41,69.11,Surged Additional 50% Reduction,Mongolia,MNG,2021-05-03,v8,TRUE
2021-05-28,infections,416.36,567.55,735.54,735.54,903.53,1054.72,Surged Additional 50% Reduction,Mongolia,MNG,2021-05-03,v8,TRUE
2021-05-28,prevalence,2920.89,3961.82,5118.4,5118.4,6274.99,7315.91,Surged Additional 50% Reduction,Mongolia,MNG,2021-05-03,v8,TRUE
2021-05-28,cumulative_infections,134034.09,151026.57,169907.1,169907.1,188787.64,205780.12,Surged Additional 50% Reduction,Mongolia,MNG,2021-05-03,v8,TRUE
2021-05-28,cumulative_deaths,232.39,252.71,275.29,275.29,297.87,318.19,Surged Additional 50% Reduction,Mongolia,MNG,2021-05-03,v8,TRUE
2021-05-28,Rt,1.24,1.29,1.34,1.34,1.39,1.43,Surged Additional 50% Reduction,Mongolia,MNG,2021-05-03,v8,TRUE
2021-05-28,Reff,0.97,1,1.03,1.03,1.06,1.08,Surged Additional 50% Reduction,Mongolia,MNG,2021-05-03,v8,TRUE
2021-05-28,deaths,4.58,5.77,7.09,7.09,8.41,9.6,Surged Maintain Status Quo,Mongolia,MNG,2021-05-03,v8,TRUE
2021-05-28,hospital_demand,223.85,289.06,361.5,361.5,433.95,499.15,Surged Maintain Status Quo,Mongolia,MNG,2021-05-03,v8,TRUE
2021-05-28,ICU_demand,82.16,104.22,128.72,128.72,153.23,175.29,Surged Maintain Status Quo,Mongolia,MNG,2021-05-03,v8,TRUE
2021-05-28,infections,3984.01,5483.44,7149.47,7149.47,8815.5,10314.93,Surged Maintain Status Quo,Mongolia,MNG,2021-05-03,v8,TRUE
2021-05-28,prevalence,27068.16,37239.53,48541.06,48541.06,59842.59,70013.96,Surged Maintain Status Quo,Mongolia,MNG,2021-05-03,v8,TRUE
2021-05-28,cumulative_infections,192983.88,228790.31,268575.24,268575.24,308360.16,344166.59,Surged Maintain Status Quo,Mongolia,MNG,2021-05-03,v8,TRUE
2021-05-28,cumulative_deaths,252.54,278.48,307.3,307.3,336.12,362.06,Surged Maintain Status Quo,Mongolia,MNG,2021-05-03,v8,TRUE
2021-05-28,Rt,1.24,1.29,1.34,1.34,1.39,1.43,Surged Maintain Status Quo,Mongolia,MNG,2021-05-03,v8,TRUE
2021-05-28,Reff,0.94,0.95,0.96,0.96,0.98,0.99,Surged Maintain Status Quo,Mongolia,MNG,2021-05-03,v8,TRUE
2021-05-28,deaths,9.4,12.05,15.01,15.01,17.96,20.62,Surged Relax Interventions 50%,Mongolia,MNG,2021-05-03,v8,TRUE
2021-05-28,hospital_demand,565.38,736.12,925.83,925.83,1115.54,1286.28,Surged Relax Interventions 50%,Mongolia,MNG,2021-05-03,v8,TRUE
2021-05-28,ICU_demand,185.32,239.23,299.12,299.12,359.01,412.92,Surged Relax Interventions 50%,Mongolia,MNG,2021-05-03,v8,TRUE
2021-05-28,infections,17969.6,23493.98,29632.18,29632.18,35770.38,41294.76,Surged Relax Interventions 50%,Mongolia,MNG,2021-05-03,v8,TRUE
2021-05-28,prevalence,122390.85,159672.69,201096.96,201096.96,242521.22,279803.06,Surged Relax Interventions 50%,Mongolia,MNG,2021-05-03,v8,TRUE
2021-05-28,cumulative_infections,336930.17,415868.2,503577.13,503577.13,591286.06,670224.1,Surged Relax Interventions 50%,Mongolia,MNG,2021-05-03,v8,TRUE
2021-05-28,cumulative_deaths,285.3,320.7,360.04,360.04,399.38,434.78,Surged Relax Interventions 50%,Mongolia,MNG,2021-05-03,v8,TRUE
2021-05-28,Rt,1.24,1.29,1.34,1.34,1.39,1.43,Surged Relax Interventions 50%,Mongolia,MNG,2021-05-03,v8,TRUE
2021-05-28,Reff,0.76,0.78,0.8,0.8,0.82,0.84,Surged Relax Interventions 50%,Mongolia,MNG,2021-05-03,v8,TRUE
2021-05-29,deaths,2.06,2.51,3.01,3.01,3.5,3.95,Additional 50% Reduction,Mongolia,MNG,2021-05-03,v8,TRUE
2021-05-29,hospital_demand,73.32,91.28,111.24,111.24,131.2,149.17,Additional 50% Reduction,Mongolia,MNG,2021-05-03,v8,TRUE
2021-05-29,ICU_demand,34.23,41.59,49.77,49.77,57.95,65.31,Additional 50% Reduction,Mongolia,MNG,2021-05-03,v8,TRUE
2021-05-29,infections,381.84,523.6,681.12,681.12,838.64,980.41,Additional 50% Reduction,Mongolia,MNG,2021-05-03,v8,TRUE
2021-05-29,prevalence,2680.01,3656.42,4741.32,4741.32,5826.23,6802.64,Additional 50% Reduction,Mongolia,MNG,2021-05-03,v8,TRUE
2021-05-29,cumulative_infections,134415.93,151550.17,170588.23,170588.23,189626.28,206760.53,Additional 50% Reduction,Mongolia,MNG,2021-05-03,v8,TRUE
2021-05-29,cumulative_deaths,234.46,255.22,278.3,278.3,301.37,322.14,Additional 50% Reduction,Mongolia,MNG,2021-05-03,v8,TRUE
2021-05-29,Rt,1.24,1.29,1.34,1.34,1.39,1.43,Additional 50% Reduction,Mongolia,MNG,2021-05-03,v8,TRUE
2021-05-29,Reff,1.04,1.06,1.1,1.1,1.13,1.16,Additional 50% Reduction,Mongolia,MNG,2021-05-03,v8,TRUE
2021-05-29,deaths,4.56,5.78,7.14,7.14,8.49,9.71,Maintain Status Quo,Mongolia,MNG,2021-05-03,v8,TRUE
2021-05-29,hospital_demand,223.88,290.86,365.29,365.29,439.71,506.69,Maintain Status Quo,Mongolia,MNG,2021-05-03,v8,TRUE
2021-05-29,ICU_demand,82.04,104.71,129.91,129.91,155.11,177.79,Maintain Status Quo,Mongolia,MNG,2021-05-03,v8,TRUE
2021-05-29,infections,3991.4,5516.86,7211.81,7211.81,8906.77,10432.22,Maintain Status Quo,Mongolia,MNG,2021-05-03,v8,TRUE
2021-05-29,prevalence,27116.62,37463.38,48959.79,48959.79,60456.2,70802.97,Maintain Status Quo,Mongolia,MNG,2021-05-03,v8,TRUE
2021-05-29,cumulative_infections,196975.29,234307.18,275787.05,275787.05,317266.92,354598.81,Maintain Status Quo,Mongolia,MNG,2021-05-03,v8,TRUE
2021-05-29,cumulative_deaths,257.1,284.26,314.44,314.44,344.61,371.77,Maintain Status Quo,Mongolia,MNG,2021-05-03,v8,TRUE
2021-05-29,Rt,1.24,1.29,1.34,1.34,1.39,1.43,Maintain Status Quo,Mongolia,MNG,2021-05-03,v8,TRUE
2021-05-29,Reff,1,1.01,1.03,1.03,1.05,1.06,Maintain Status Quo,Mongolia,MNG,2021-05-03,v8,TRUE
2021-05-29,deaths,10.44,17.99,26.38,26.38,34.77,42.32,Relax Interventions 50%,Mongolia,MNG,2021-05-03,v8,TRUE
2021-05-29,hospital_demand,599.12,782.05,985.3,985.3,1188.55,1371.47,Relax Interventions 50%,Mongolia,MNG,2021-05-03,v8,TRUE
2021-05-29,ICU_demand,194.92,244.02,298.57,298.57,353.13,402.23,Relax Interventions 50%,Mongolia,MNG,2021-05-03,v8,TRUE
2021-05-29,infections,18884.5,24562.73,30871.87,30871.87,37181,42859.23,Relax Interventions 50%,Mongolia,MNG,2021-05-03,v8,TRUE
2021-05-29,prevalence,128558.49,166810.91,209313.6,209313.6,251816.29,290068.71,Relax Interventions 50%,Mongolia,MNG,2021-05-03,v8,TRUE
2021-05-29,cumulative_infections,355814.66,440430.8,534448.73,534448.73,628466.66,713082.79,Relax Interventions 50%,Mongolia,MNG,2021-05-03,v8,TRUE
2021-05-29,cumulative_deaths,296.21,343.41,395.84,395.84,448.28,495.48,Relax Interventions 50%,Mongolia,MNG,2021-05-03,v8,TRUE
2021-05-29,Rt,1.24,1.29,1.34,1.34,1.39,1.43,Relax Interventions 50%,Mongolia,MNG,2021-05-03,v8,TRUE
2021-05-29,Reff,0.82,0.84,0.86,0.86,0.88,0.9,Relax Interventions 50%,Mongolia,MNG,2021-05-03,v8,TRUE
2021-05-29,deaths,2.06,2.51,3.01,3.01,3.5,3.95,Surged Additional 50% Reduction,Mongolia,MNG,2021-05-03,v8,TRUE
2021-05-29,hospital_demand,73.32,91.28,111.24,111.24,131.2,149.17,Surged Additional 50% Reduction,Mongolia,MNG,2021-05-03,v8,TRUE
2021-05-29,ICU_demand,34.23,41.59,49.77,49.77,57.95,65.31,Surged Additional 50% Reduction,Mongolia,MNG,2021-05-03,v8,TRUE
2021-05-29,infections,381.84,523.6,681.12,681.12,838.64,980.41,Surged Additional 50% Reduction,Mongolia,MNG,2021-05-03,v8,TRUE
2021-05-29,prevalence,2680.01,3656.42,4741.32,4741.32,5826.23,6802.64,Surged Additional 50% Reduction,Mongolia,MNG,2021-05-03,v8,TRUE
2021-05-29,cumulative_infections,134415.93,151550.17,170588.23,170588.23,189626.28,206760.53,Surged Additional 50% Reduction,Mongolia,MNG,2021-05-03,v8,TRUE
2021-05-29,cumulative_deaths,234.46,255.22,278.3,278.3,301.37,322.14,Surged Additional 50% Reduction,Mongolia,MNG,2021-05-03,v8,TRUE
2021-05-29,Rt,1.24,1.29,1.34,1.34,1.39,1.43,Surged Additional 50% Reduction,Mongolia,MNG,2021-05-03,v8,TRUE
2021-05-29,Reff,0.97,1,1.03,1.03,1.06,1.08,Surged Additional 50% Reduction,Mongolia,MNG,2021-05-03,v8,TRUE
2021-05-29,deaths,4.56,5.78,7.14,7.14,8.49,9.71,Surged Maintain Status Quo,Mongolia,MNG,2021-05-03,v8,TRUE
2021-05-29,hospital_demand,223.88,290.86,365.29,365.29,439.71,506.69,Surged Maintain Status Quo,Mongolia,MNG,2021-05-03,v8,TRUE
2021-05-29,ICU_demand,82.04,104.71,129.91,129.91,155.11,177.79,Surged Maintain Status Quo,Mongolia,MNG,2021-05-03,v8,TRUE
2021-05-29,infections,3991.4,5516.86,7211.81,7211.81,8906.77,10432.22,Surged Maintain Status Quo,Mongolia,MNG,2021-05-03,v8,TRUE
2021-05-29,prevalence,27116.62,37463.38,48959.79,48959.79,60456.2,70802.97,Surged Maintain Status Quo,Mongolia,MNG,2021-05-03,v8,TRUE
2021-05-29,cumulative_infections,196975.29,234307.18,275787.05,275787.05,317266.92,354598.81,Surged Maintain Status Quo,Mongolia,MNG,2021-05-03,v8,TRUE
2021-05-29,cumulative_deaths,257.1,284.26,314.44,314.44,344.61,371.77,Surged Maintain Status Quo,Mongolia,MNG,2021-05-03,v8,TRUE
2021-05-29,Rt,1.24,1.29,1.34,1.34,1.39,1.43,Surged Maintain Status Quo,Mongolia,MNG,2021-05-03,v8,TRUE
2021-05-29,Reff,0.94,0.95,0.96,0.96,0.97,0.98,Surged Maintain Status Quo,Mongolia,MNG,2021-05-03,v8,TRUE
2021-05-29,deaths,9.92,12.79,15.98,15.98,19.17,22.04,Surged Relax Interventions 50%,Mongolia,MNG,2021-05-03,v8,TRUE
2021-05-29,hospital_demand,599.14,782.2,985.61,985.61,1189.02,1372.08,Surged Relax Interventions 50%,Mongolia,MNG,2021-05-03,v8,TRUE
2021-05-29,ICU_demand,195.9,253.81,318.16,318.16,382.52,440.43,Surged Relax Interventions 50%,Mongolia,MNG,2021-05-03,v8,TRUE
2021-05-29,infections,18884.51,24562.76,30871.92,30871.92,37181.09,42859.34,Surged Relax Interventions 50%,Mongolia,MNG,2021-05-03,v8,TRUE
2021-05-29,prevalence,128559.51,166821.12,209334.02,209334.02,251846.91,290108.52,Surged Relax Interventions 50%,Mongolia,MNG,2021-05-03,v8,TRUE
2021-05-29,cumulative_infections,355814.68,440430.96,534449.05,534449.05,628467.15,713083.43,Surged Relax Interventions 50%,Mongolia,MNG,2021-05-03,v8,TRUE
2021-05-29,cumulative_deaths,295.22,333.49,376.02,376.02,418.54,456.82,Surged Relax Interventions 50%,Mongolia,MNG,2021-05-03,v8,TRUE
2021-05-29,Rt,1.24,1.29,1.34,1.34,1.39,1.43,Surged Relax Interventions 50%,Mongolia,MNG,2021-05-03,v8,TRUE
2021-05-29,Reff,0.74,0.76,0.79,0.79,0.81,0.83,Surged Relax Interventions 50%,Mongolia,MNG,2021-05-03,v8,TRUE
2021-05-30,deaths,1.92,2.34,2.81,2.81,3.28,3.7,Additional 50% Reduction,Mongolia,MNG,2021-05-03,v8,TRUE
2021-05-30,hospital_demand,67.75,84.74,103.63,103.63,122.52,139.52,Additional 50% Reduction,Mongolia,MNG,2021-05-03,v8,TRUE
2021-05-30,ICU_demand,31.99,39.01,46.82,46.82,54.63,61.66,Additional 50% Reduction,Mongolia,MNG,2021-05-03,v8,TRUE
2021-05-30,infections,350.18,483.08,630.74,630.74,778.41,911.31,Additional 50% Reduction,Mongolia,MNG,2021-05-03,v8,TRUE
2021-05-30,prevalence,2458.93,3374.59,4391.99,4391.99,5409.39,6325.06,Additional 50% Reduction,Mongolia,MNG,2021-05-03,v8,TRUE
2021-05-30,cumulative_infections,134766.11,152033.25,171218.97,171218.97,190404.69,207671.83,Additional 50% Reduction,Mongolia,MNG,2021-05-03,v8,TRUE
2021-05-30,cumulative_deaths,236.37,257.56,281.11,281.11,304.65,325.84,Additional 50% Reduction,Mongolia,MNG,2021-05-03,v8,TRUE
2021-05-30,Rt,1.24,1.29,1.34,1.34,1.39,1.43,Additional 50% Reduction,Mongolia,MNG,2021-05-03,v8,TRUE
2021-05-30,Reff,1.04,1.06,1.1,1.1,1.13,1.16,Additional 50% Reduction,Mongolia,MNG,2021-05-03,v8,TRUE
2021-05-30,deaths,4.54,5.8,7.19,7.19,8.58,9.83,Maintain Status Quo,Mongolia,MNG,2021-05-03,v8,TRUE
2021-05-30,hospital_demand,223.95,292.7,369.08,369.08,445.47,514.22,Maintain Status Quo,Mongolia,MNG,2021-05-03,v8,TRUE
2021-05-30,ICU_demand,81.93,105.23,131.12,131.12,157.01,180.31,Maintain Status Quo,Mongolia,MNG,2021-05-03,v8,TRUE
2021-05-30,infections,3997.7,5547.79,7270.1,7270.1,8992.42,10542.51,Maintain Status Quo,Mongolia,MNG,2021-05-03,v8,TRUE
2021-05-30,prevalence,27157.81,37670.55,49351.37,49351.37,61032.2,71544.94,Maintain Status Quo,Mongolia,MNG,2021-05-03,v8,TRUE
2021-05-30,cumulative_infections,200972.99,239854.96,283057.15,283057.15,326259.35,365141.32,Maintain Status Quo,Mongolia,MNG,2021-05-03,v8,TRUE
2021-05-30,cumulative_deaths,261.65,290.06,321.62,321.62,353.19,381.6,Maintain Status Quo,Mongolia,MNG,2021-05-03,v8,TRUE
2021-05-30,Rt,1.24,1.29,1.34,1.34,1.39,1.43,Maintain Status Quo,Mongolia,MNG,2021-05-03,v8,TRUE
2021-05-30,Reff,1,1.01,1.03,1.03,1.04,1.05,Maintain Status Quo,Mongolia,MNG,2021-05-03,v8,TRUE
2021-05-30,deaths,11.09,19.72,29.32,29.32,38.91,47.54,Relax Interventions 50%,Mongolia,MNG,2021-05-03,v8,TRUE
2021-05-30,hospital_demand,634.55,829.82,1046.77,1046.77,1263.73,1459,Relax Interventions 50%,Mongolia,MNG,2021-05-03,v8,TRUE
2021-05-30,ICU_demand,205.49,253.32,306.46,306.46,359.6,407.43,Relax Interventions 50%,Mongolia,MNG,2021-05-03,v8,TRUE
2021-05-30,infections,19808.5,25605.72,32047.08,32047.08,38488.43,44285.66,Relax Interventions 50%,Mongolia,MNG,2021-05-03,v8,TRUE
2021-05-30,prevalence,134782.04,173772.1,217094.39,217094.39,260416.69,299406.75,Relax Interventions 50%,Mongolia,MNG,2021-05-03,v8,TRUE
2021-05-30,cumulative_infections,375623.15,466036.51,566495.8,566495.8,666955.09,757368.45,Relax Interventions 50%,Mongolia,MNG,2021-05-03,v8,TRUE
2021-05-30,cumulative_deaths,307.3,363.13,425.16,425.16,487.19,543.02,Relax Interventions 50%,Mongolia,MNG,2021-05-03,v8,TRUE
2021-05-30,Rt,1.24,1.29,1.34,1.34,1.39,1.43,Relax Interventions 50%,Mongolia,MNG,2021-05-03,v8,TRUE
2021-05-30,Reff,0.8,0.82,0.84,0.84,0.87,0.89,Relax Interventions 50%,Mongolia,MNG,2021-05-03,v8,TRUE
2021-05-30,deaths,1.92,2.34,2.81,2.81,3.28,3.7,Surged Additional 50% Reduction,Mongolia,MNG,2021-05-03,v8,TRUE
2021-05-30,hospital_demand,67.75,84.74,103.63,103.63,122.52,139.52,Surged Additional 50% Reduction,Mongolia,MNG,2021-05-03,v8,TRUE
2021-05-30,ICU_demand,31.99,39.01,46.82,46.82,54.63,61.66,Surged Additional 50% Reduction,Mongolia,MNG,2021-05-03,v8,TRUE
2021-05-30,infections,350.18,483.08,630.74,630.74,778.41,911.31,Surged Additional 50% Reduction,Mongolia,MNG,2021-05-03,v8,TRUE
2021-05-30,prevalence,2458.93,3374.59,4391.99,4391.99,5409.39,6325.06,Surged Additional 50% Reduction,Mongolia,MNG,2021-05-03,v8,TRUE
2021-05-30,cumulative_infections,134766.11,152033.25,171218.97,171218.97,190404.69,207671.83,Surged Additional 50% Reduction,Mongolia,MNG,2021-05-03,v8,TRUE
2021-05-30,cumulative_deaths,236.37,257.56,281.11,281.11,304.65,325.84,Surged Additional 50% Reduction,Mongolia,MNG,2021-05-03,v8,TRUE
2021-05-30,Rt,1.24,1.29,1.34,1.34,1.39,1.43,Surged Additional 50% Reduction,Mongolia,MNG,2021-05-03,v8,TRUE
2021-05-30,Reff,0.97,1,1.03,1.03,1.06,1.08,Surged Additional 50% Reduction,Mongolia,MNG,2021-05-03,v8,TRUE
2021-05-30,deaths,4.54,5.8,7.19,7.19,8.58,9.83,Surged Maintain Status Quo,Mongolia,MNG,2021-05-03,v8,TRUE
2021-05-30,hospital_demand,223.95,292.7,369.08,369.08,445.47,514.22,Surged Maintain Status Quo,Mongolia,MNG,2021-05-03,v8,TRUE
2021-05-30,ICU_demand,81.93,105.23,131.12,131.12,157.01,180.31,Surged Maintain Status Quo,Mongolia,MNG,2021-05-03,v8,TRUE
2021-05-30,infections,3997.7,5547.79,7270.1,7270.1,8992.42,10542.51,Surged Maintain Status Quo,Mongolia,MNG,2021-05-03,v8,TRUE
2021-05-30,prevalence,27157.81,37670.55,49351.37,49351.37,61032.2,71544.94,Surged Maintain Status Quo,Mongolia,MNG,2021-05-03,v8,TRUE
2021-05-30,cumulative_infections,200972.99,239854.96,283057.15,283057.15,326259.35,365141.32,Surged Maintain Status Quo,Mongolia,MNG,2021-05-03,v8,TRUE
2021-05-30,cumulative_deaths,261.65,290.06,321.62,321.62,353.19,381.6,Surged Maintain Status Quo,Mongolia,MNG,2021-05-03,v8,TRUE
2021-05-30,Rt,1.24,1.29,1.34,1.34,1.39,1.43,Surged Maintain Status Quo,Mongolia,MNG,2021-05-03,v8,TRUE
2021-05-30,Reff,0.93,0.94,0.96,0.96,0.97,0.98,Surged Maintain Status Quo,Mongolia,MNG,2021-05-03,v8,TRUE
2021-05-30,deaths,10.47,13.57,17,17,20.44,23.53,Surged Relax Interventions 50%,Mongolia,MNG,2021-05-03,v8,TRUE
2021-05-30,hospital_demand,634.59,830.16,1047.46,1047.46,1264.77,1460.34,Surged Relax Interventions 50%,Mongolia,MNG,2021-05-03,v8,TRUE
2021-05-30,ICU_demand,207.07,269.1,338.03,338.03,406.95,468.99,Surged Relax Interventions 50%,Mongolia,MNG,2021-05-03,v8,TRUE
2021-05-30,infections,19808.5,25605.76,32047.15,32047.15,38488.55,44285.81,Surged Relax Interventions 50%,Mongolia,MNG,2021-05-03,v8,TRUE
2021-05-30,prevalence,134783.67,173788.38,217126.94,217126.94,260465.5,299470.21,Surged Relax Interventions 50%,Mongolia,MNG,2021-05-03,v8,TRUE
2021-05-30,cumulative_infections,375623.17,466036.72,566496.21,566496.21,666955.7,757369.24,Surged Relax Interventions 50%,Mongolia,MNG,2021-05-03,v8,TRUE
2021-05-30,cumulative_deaths,305.69,347.06,393.02,393.02,438.98,480.35,Surged Relax Interventions 50%,Mongolia,MNG,2021-05-03,v8,TRUE
2021-05-30,Rt,1.24,1.29,1.34,1.34,1.39,1.43,Surged Relax Interventions 50%,Mongolia,MNG,2021-05-03,v8,TRUE
2021-05-30,Reff,0.72,0.74,0.77,0.77,0.8,0.82,Surged Relax Interventions 50%,Mongolia,MNG,2021-05-03,v8,TRUE
2021-05-31,deaths,1.78,2.18,2.62,2.62,3.07,3.47,Additional 50% Reduction,Mongolia,MNG,2021-05-03,v8,TRUE
2021-05-31,hospital_demand,62.55,78.62,96.48,96.48,114.33,130.4,Additional 50% Reduction,Mongolia,MNG,2021-05-03,v8,TRUE
2021-05-31,ICU_demand,29.86,36.56,44,44,51.45,58.15,Additional 50% Reduction,Mongolia,MNG,2021-05-03,v8,TRUE
2021-05-31,infections,321.16,445.71,584.11,584.11,722.5,847.05,Additional 50% Reduction,Mongolia,MNG,2021-05-03,v8,TRUE
2021-05-31,prevalence,2256.04,3114.51,4068.37,4068.37,5022.24,5880.71,Additional 50% Reduction,Mongolia,MNG,2021-05-03,v8,TRUE
2021-05-31,cumulative_infections,135087.27,152478.97,171803.08,171803.08,191127.19,208518.89,Additional 50% Reduction,Mongolia,MNG,2021-05-03,v8,TRUE
2021-05-31,cumulative_deaths,238.15,259.74,283.73,283.73,307.72,329.31,Additional 50% Reduction,Mongolia,MNG,2021-05-03,v8,TRUE
2021-05-31,Rt,1.24,1.29,1.34,1.34,1.39,1.43,Additional 50% Reduction,Mongolia,MNG,2021-05-03,v8,TRUE
2021-05-31,Reff,1.04,1.06,1.1,1.1,1.13,1.16,Additional 50% Reduction,Mongolia,MNG,2021-05-03,v8,TRUE
2021-05-31,deaths,4.53,5.81,7.24,7.24,8.67,9.95,Maintain Status Quo,Mongolia,MNG,2021-05-03,v8,TRUE
2021-05-31,hospital_demand,224.04,294.54,372.88,372.88,451.21,521.71,Maintain Status Quo,Mongolia,MNG,2021-05-03,v8,TRUE
2021-05-31,ICU_demand,81.84,105.77,132.34,132.34,158.92,182.84,Maintain Status Quo,Mongolia,MNG,2021-05-03,v8,TRUE
2021-05-31,infections,4002.9,5576.14,7324.19,7324.19,9072.25,10645.49,Maintain Status Quo,Mongolia,MNG,2021-05-03,v8,TRUE
2021-05-31,prevalence,27191.69,37860.5,49714.72,49714.72,61568.95,72237.75,Maintain Status Quo,Mongolia,MNG,2021-05-03,v8,TRUE
2021-05-31,cumulative_infections,204975.89,245431.1,290381.35,290381.35,335331.59,375786.81,Maintain Status Quo,Mongolia,MNG,2021-05-03,v8,TRUE
2021-05-31,cumulative_deaths,266.18,295.87,328.87,328.87,361.86,391.56,Maintain Status Quo,Mongolia,MNG,2021-05-03,v8,TRUE
2021-05-31,Rt,1.24,1.29,1.34,1.34,1.39,1.43,Maintain Status Quo,Mongolia,MNG,2021-05-03,v8,TRUE
2021-05-31,Reff,1,1.01,1.02,1.02,1.04,1.05,Maintain Status Quo,Mongolia,MNG,2021-05-03,v8,TRUE
2021-05-31,deaths,11.74,21.12,31.54,31.54,41.96,51.34,Relax Interventions 50%,Mongolia,MNG,2021-05-03,v8,TRUE
2021-05-31,hospital_demand,671.63,879.2,1109.84,1109.84,1340.48,1548.05,Relax Interventions 50%,Mongolia,MNG,2021-05-03,v8,TRUE
2021-05-31,ICU_demand,216.62,262.82,314.16,314.16,365.5,411.7,Relax Interventions 50%,Mongolia,MNG,2021-05-03,v8,TRUE
2021-05-31,infections,20736.89,26614.07,33144.28,33144.28,39674.49,45551.68,Relax Interventions 50%,Mongolia,MNG,2021-05-03,v8,TRUE
2021-05-31,prevalence,141028.64,180493.14,224342.59,224342.59,268192.03,307656.53,Relax Interventions 50%,Mongolia,MNG,2021-05-03,v8,TRUE
2021-05-31,cumulative_infections,396360.04,492650.59,599640.08,599640.08,706629.58,802920.12,Relax Interventions 50%,Mongolia,MNG,2021-05-03,v8,TRUE
2021-05-31,cumulative_deaths,319.04,384.25,456.7,456.7,529.15,594.36,Relax Interventions 50%,Mongolia,MNG,2021-05-03,v8,TRUE
2021-05-31,Rt,1.24,1.29,1.34,1.34,1.39,1.43,Relax Interventions 50%,Mongolia,MNG,2021-05-03,v8,TRUE
2021-05-31,Reff,0.78,0.8,0.83,0.83,0.86,0.88,Relax Interventions 50%,Mongolia,MNG,2021-05-03,v8,TRUE
2021-05-31,deaths,1.78,2.18,2.62,2.62,3.07,3.47,Surged Additional 50% Reduction,Mongolia,MNG,2021-05-03,v8,TRUE
2021-05-31,hospital_demand,62.55,78.62,96.48,96.48,114.33,130.4,Surged Additional 50% Reduction,Mongolia,MNG,2021-05-03,v8,TRUE
2021-05-31,ICU_demand,29.86,36.56,44,44,51.45,58.15,Surged Additional 50% Reduction,Mongolia,MNG,2021-05-03,v8,TRUE
2021-05-31,infections,321.16,445.71,584.11,584.11,722.5,847.05,Surged Additional 50% Reduction,Mongolia,MNG,2021-05-03,v8,TRUE
2021-05-31,prevalence,2256.04,3114.51,4068.37,4068.37,5022.24,5880.71,Surged Additional 50% Reduction,Mongolia,MNG,2021-05-03,v8,TRUE
2021-05-31,cumulative_infections,135087.27,152478.97,171803.08,171803.08,191127.19,208518.89,Surged Additional 50% Reduction,Mongolia,MNG,2021-05-03,v8,TRUE
2021-05-31,cumulative_deaths,238.15,259.74,283.73,283.73,307.72,329.31,Surged Additional 50% Reduction,Mongolia,MNG,2021-05-03,v8,TRUE
2021-05-31,Rt,1.24,1.29,1.34,1.34,1.39,1.43,Surged Additional 50% Reduction,Mongolia,MNG,2021-05-03,v8,TRUE
2021-05-31,Reff,0.97,1,1.03,1.03,1.06,1.08,Surged Additional 50% Reduction,Mongolia,MNG,2021-05-03,v8,TRUE
2021-05-31,deaths,4.53,5.81,7.24,7.24,8.67,9.95,Surged Maintain Status Quo,Mongolia,MNG,2021-05-03,v8,TRUE
2021-05-31,hospital_demand,224.04,294.54,372.88,372.88,451.21,521.71,Surged Maintain Status Quo,Mongolia,MNG,2021-05-03,v8,TRUE
2021-05-31,ICU_demand,81.84,105.77,132.34,132.34,158.92,182.84,Surged Maintain Status Quo,Mongolia,MNG,2021-05-03,v8,TRUE
2021-05-31,infections,4002.9,5576.14,7324.19,7324.19,9072.25,10645.49,Surged Maintain Status Quo,Mongolia,MNG,2021-05-03,v8,TRUE
2021-05-31,prevalence,27191.69,37860.5,49714.72,49714.72,61568.95,72237.75,Surged Maintain Status Quo,Mongolia,MNG,2021-05-03,v8,TRUE
2021-05-31,cumulative_infections,204975.89,245431.1,290381.35,290381.35,335331.59,375786.81,Surged Maintain Status Quo,Mongolia,MNG,2021-05-03,v8,TRUE
2021-05-31,cumulative_deaths,266.18,295.87,328.87,328.87,361.86,391.56,Surged Maintain Status Quo,Mongolia,MNG,2021-05-03,v8,TRUE
2021-05-31,Rt,1.24,1.29,1.34,1.34,1.39,1.43,Surged Maintain Status Quo,Mongolia,MNG,2021-05-03,v8,TRUE
2021-05-31,Reff,0.93,0.94,0.95,0.95,0.96,0.97,Surged Maintain Status Quo,Mongolia,MNG,2021-05-03,v8,TRUE
2021-05-31,deaths,11.07,14.39,18.08,18.08,21.77,25.09,Surged Relax Interventions 50%,Mongolia,MNG,2021-05-03,v8,TRUE
2021-05-31,hospital_demand,671.69,879.82,1111.09,1111.09,1342.35,1550.48,Surged Relax Interventions 50%,Mongolia,MNG,2021-05-03,v8,TRUE
2021-05-31,ICU_demand,218.84,285.06,358.63,358.63,432.21,498.43,Surged Relax Interventions 50%,Mongolia,MNG,2021-05-03,v8,TRUE
2021-05-31,infections,20736.89,26614.08,33144.29,33144.29,39674.5,45551.69,Surged Relax Interventions 50%,Mongolia,MNG,2021-05-03,v8,TRUE
2021-05-31,prevalence,141030.91,180515.84,224387.98,224387.98,268260.13,307745.06,Surged Relax Interventions 50%,Mongolia,MNG,2021-05-03,v8,TRUE
2021-05-31,cumulative_infections,396360.06,492650.79,599640.5,599640.5,706630.2,802920.93,Surged Relax Interventions 50%,Mongolia,MNG,2021-05-03,v8,TRUE
2021-05-31,cumulative_deaths,316.76,361.45,411.1,411.1,460.75,505.43,Surged Relax Interventions 50%,Mongolia,MNG,2021-05-03,v8,TRUE
2021-05-31,Rt,1.24,1.29,1.34,1.34,1.39,1.43,Surged Relax Interventions 50%,Mongolia,MNG,2021-05-03,v8,TRUE
2021-05-31,Reff,0.7,0.72,0.75,0.75,0.78,0.81,Surged Relax Interventions 50%,Mongolia,MNG,2021-05-03,v8,TRUE
2021-06-01,deaths,1.64,2.02,2.45,2.45,2.87,3.25,Additional 50% Reduction,Mongolia,MNG,2021-05-03,v8,TRUE
2021-06-01,hospital_demand,57.72,72.89,89.76,89.76,106.62,121.8,Additional 50% Reduction,Mongolia,MNG,2021-05-03,v8,TRUE
2021-06-01,ICU_demand,27.84,34.22,41.31,41.31,48.41,54.79,Additional 50% Reduction,Mongolia,MNG,2021-05-03,v8,TRUE
2021-06-01,infections,294.54,411.25,540.93,540.93,670.61,787.32,Additional 50% Reduction,Mongolia,MNG,2021-05-03,v8,TRUE
2021-06-01,prevalence,2069.85,2874.53,3768.61,3768.61,4662.69,5467.36,Additional 50% Reduction,Mongolia,MNG,2021-05-03,v8,TRUE
2021-06-01,cumulative_infections,135381.81,152890.22,172344,172344,191797.79,209306.2,Additional 50% Reduction,Mongolia,MNG,2021-05-03,v8,TRUE
2021-06-01,cumulative_deaths,239.79,261.76,286.18,286.18,310.59,332.57,Additional 50% Reduction,Mongolia,MNG,2021-05-03,v8,TRUE
2021-06-01,Rt,1.24,1.29,1.34,1.34,1.39,1.43,Additional 50% Reduction,Mongolia,MNG,2021-05-03,v8,TRUE
2021-06-01,Reff,1.04,1.06,1.1,1.1,1.13,1.16,Additional 50% Reduction,Mongolia,MNG,2021-05-03,v8,TRUE
2021-06-01,deaths,4.51,5.83,7.3,7.3,8.76,10.08,Maintain Status Quo,Mongolia,MNG,2021-05-03,v8,TRUE
2021-06-01,hospital_demand,224.17,296.4,376.66,376.66,456.92,529.15,Maintain Status Quo,Mongolia,MNG,2021-05-03,v8,TRUE
2021-06-01,ICU_demand,81.78,106.31,133.58,133.58,160.84,185.38,Maintain Status Quo,Mongolia,MNG,2021-05-03,v8,TRUE
2021-06-01,infections,4006.99,5601.86,7373.94,7373.94,9146.02,10740.89,Maintain Status Quo,Mongolia,MNG,2021-05-03,v8,TRUE
2021-06-01,prevalence,27218.16,38032.66,50048.78,50048.78,62064.89,72879.4,Maintain Status Quo,Mongolia,MNG,2021-05-03,v8,TRUE
2021-06-01,cumulative_infections,208982.88,251032.97,297755.29,297755.29,344477.61,386527.7,Maintain Status Quo,Mongolia,MNG,2021-05-03,v8,TRUE
2021-06-01,cumulative_deaths,270.69,301.7,336.16,336.16,370.62,401.63,Maintain Status Quo,Mongolia,MNG,2021-05-03,v8,TRUE
2021-06-01,Rt,1.24,1.29,1.34,1.34,1.39,1.43,Maintain Status Quo,Mongolia,MNG,2021-05-03,v8,TRUE
2021-06-01,Reff,1,1.01,1.02,1.02,1.03,1.04,Maintain Status Quo,Mongolia,MNG,2021-05-03,v8,TRUE
2021-06-01,deaths,12.41,22.39,33.48,33.48,44.57,54.56,Relax Interventions 50%,Mongolia,MNG,2021-05-03,v8,TRUE
2021-06-01,hospital_demand,710.3,930.02,1174.15,1174.15,1418.28,1637.99,Relax Interventions 50%,Mongolia,MNG,2021-05-03,v8,TRUE
2021-06-01,ICU_demand,228.31,272.67,321.97,321.97,371.26,415.63,Relax Interventions 50%,Mongolia,MNG,2021-05-03,v8,TRUE
2021-06-01,infections,21664.47,27578.99,34150.68,34150.68,40722.37,46636.89,Relax Interventions 50%,Mongolia,MNG,2021-05-03,v8,TRUE
2021-06-01,prevalence,147264.15,186916.89,230975.5,230975.5,275034.1,314686.84,Relax Interventions 50%,Mongolia,MNG,2021-05-03,v8,TRUE
2021-06-01,cumulative_infections,418024.51,520229.58,633790.76,633790.76,747351.94,849557.01,Relax Interventions 50%,Mongolia,MNG,2021-05-03,v8,TRUE
2021-06-01,cumulative_deaths,331.45,406.64,490.18,490.18,573.73,648.91,Relax Interventions 50%,Mongolia,MNG,2021-05-03,v8,TRUE
2021-06-01,Rt,1.24,1.29,1.34,1.34,1.39,1.43,Relax Interventions 50%,Mongolia,MNG,2021-05-03,v8,TRUE
2021-06-01,Reff,0.75,0.78,0.81,0.81,0.84,0.87,Relax Interventions 50%,Mongolia,MNG,2021-05-03,v8,TRUE
2021-06-01,deaths,1.64,2.02,2.45,2.45,2.87,3.25,Surged Additional 50% Reduction,Mongolia,MNG,2021-05-03,v8,TRUE
2021-06-01,hospital_demand,57.72,72.89,89.76,89.76,106.62,121.8,Surged Additional 50% Reduction,Mongolia,MNG,2021-05-03,v8,TRUE
2021-06-01,ICU_demand,27.84,34.22,41.31,41.31,48.41,54.79,Surged Additional 50% Reduction,Mongolia,MNG,2021-05-03,v8,TRUE
2021-06-01,infections,294.54,411.25,540.93,540.93,670.61,787.32,Surged Additional 50% Reduction,Mongolia,MNG,2021-05-03,v8,TRUE
2021-06-01,prevalence,2069.85,2874.53,3768.61,3768.61,4662.69,5467.36,Surged Additional 50% Reduction,Mongolia,MNG,2021-05-03,v8,TRUE
2021-06-01,cumulative_infections,135381.81,152890.22,172344,172344,191797.79,209306.2,Surged Additional 50% Reduction,Mongolia,MNG,2021-05-03,v8,TRUE
2021-06-01,cumulative_deaths,239.79,261.76,286.18,286.18,310.59,332.57,Surged Additional 50% Reduction,Mongolia,MNG,2021-05-03,v8,TRUE
2021-06-01,Rt,1.24,1.29,1.34,1.34,1.39,1.43,Surged Additional 50% Reduction,Mongolia,MNG,2021-05-03,v8,TRUE
2021-06-01,Reff,0.97,1,1.03,1.03,1.06,1.08,Surged Additional 50% Reduction,Mongolia,MNG,2021-05-03,v8,TRUE
2021-06-01,deaths,4.51,5.83,7.3,7.3,8.76,10.08,Surged Maintain Status Quo,Mongolia,MNG,2021-05-03,v8,TRUE
2021-06-01,hospital_demand,224.17,296.4,376.66,376.66,456.92,529.15,Surged Maintain Status Quo,Mongolia,MNG,2021-05-03,v8,TRUE
2021-06-01,ICU_demand,81.78,106.31,133.58,133.58,160.84,185.38,Surged Maintain Status Quo,Mongolia,MNG,2021-05-03,v8,TRUE
2021-06-01,infections,4006.99,5601.86,7373.94,7373.94,9146.02,10740.89,Surged Maintain Status Quo,Mongolia,MNG,2021-05-03,v8,TRUE
2021-06-01,prevalence,27218.16,38032.66,50048.78,50048.78,62064.89,72879.4,Surged Maintain Status Quo,Mongolia,MNG,2021-05-03,v8,TRUE
2021-06-01,cumulative_infections,208982.88,251032.97,297755.29,297755.29,344477.61,386527.7,Surged Maintain Status Quo,Mongolia,MNG,2021-05-03,v8,TRUE
2021-06-01,cumulative_deaths,270.69,301.7,336.16,336.16,370.62,401.63,Surged Maintain Status Quo,Mongolia,MNG,2021-05-03,v8,TRUE
2021-06-01,Rt,1.24,1.29,1.34,1.34,1.39,1.43,Surged Maintain Status Quo,Mongolia,MNG,2021-05-03,v8,TRUE
2021-06-01,Reff,0.93,0.94,0.95,0.95,0.96,0.97,Surged Maintain Status Quo,Mongolia,MNG,2021-05-03,v8,TRUE
2021-06-01,deaths,11.69,15.25,19.2,19.2,23.15,26.7,Surged Relax Interventions 50%,Mongolia,MNG,2021-05-03,v8,TRUE
2021-06-01,hospital_demand,710.4,931.01,1176.13,1176.13,1421.25,1641.85,Surged Relax Interventions 50%,Mongolia,MNG,2021-05-03,v8,TRUE
2021-06-01,ICU_demand,231.2,301.63,379.89,379.89,458.15,528.58,Surged Relax Interventions 50%,Mongolia,MNG,2021-05-03,v8,TRUE
2021-06-01,infections,21664.46,27578.94,34150.58,34150.58,40722.22,46636.69,Surged Relax Interventions 50%,Mongolia,MNG,2021-05-03,v8,TRUE
2021-06-01,prevalence,147267.16,186946.94,231035.58,231035.58,275124.23,314804.01,Surged Relax Interventions 50%,Mongolia,MNG,2021-05-03,v8,TRUE
2021-06-01,cumulative_infections,418024.53,520229.73,633791.08,633791.08,747352.42,849557.63,Surged Relax Interventions 50%,Mongolia,MNG,2021-05-03,v8,TRUE
2021-06-01,cumulative_deaths,328.45,376.7,430.3,430.3,483.9,532.14,Surged Relax Interventions 50%,Mongolia,MNG,2021-05-03,v8,TRUE
2021-06-01,Rt,1.24,1.29,1.34,1.34,1.39,1.43,Surged Relax Interventions 50%,Mongolia,MNG,2021-05-03,v8,TRUE
2021-06-01,Reff,0.67,0.7,0.74,0.74,0.77,0.8,Surged Relax Interventions 50%,Mongolia,MNG,2021-05-03,v8,TRUE
2021-06-02,deaths,1.52,1.88,2.28,2.28,2.68,3.05,Additional 50% Reduction,Mongolia,MNG,2021-05-03,v8,TRUE
2021-06-02,hospital_demand,53.22,67.55,83.46,83.46,99.38,113.7,Additional 50% Reduction,Mongolia,MNG,2021-05-03,v8,TRUE
2021-06-02,ICU_demand,25.94,32.01,38.76,38.76,45.5,51.58,Additional 50% Reduction,Mongolia,MNG,2021-05-03,v8,TRUE
2021-06-02,infections,270.13,379.47,500.96,500.96,622.44,731.78,Additional 50% Reduction,Mongolia,MNG,2021-05-03,v8,TRUE
2021-06-02,prevalence,1899.01,2653.08,3490.93,3490.93,4328.78,5082.85,Additional 50% Reduction,Mongolia,MNG,2021-05-03,v8,TRUE
2021-06-02,cumulative_infections,135651.94,153269.69,172844.96,172844.96,192420.24,210037.98,Additional 50% Reduction,Mongolia,MNG,2021-05-03,v8,TRUE
2021-06-02,cumulative_deaths,241.31,263.64,288.46,288.46,313.28,335.61,Additional 50% Reduction,Mongolia,MNG,2021-05-03,v8,TRUE
2021-06-02,Rt,1.24,1.29,1.34,1.34,1.39,1.43,Additional 50% Reduction,Mongolia,MNG,2021-05-03,v8,TRUE
2021-06-02,Reff,1.04,1.06,1.1,1.1,1.13,1.16,Additional 50% Reduction,Mongolia,MNG,2021-05-03,v8,TRUE
2021-06-02,deaths,4.5,5.85,7.35,7.35,8.85,10.2,Maintain Status Quo,Mongolia,MNG,2021-05-03,v8,TRUE
2021-06-02,hospital_demand,224.31,298.25,380.41,380.41,462.56,536.5,Maintain Status Quo,Mongolia,MNG,2021-05-03,v8,TRUE
2021-06-02,ICU_demand,81.73,106.87,134.82,134.82,162.76,187.91,Maintain Status Quo,Mongolia,MNG,2021-05-03,v8,TRUE
2021-06-02,infections,4009.94,5624.85,7419.18,7419.18,9213.52,10828.42,Maintain Status Quo,Mongolia,MNG,2021-05-03,v8,TRUE
2021-06-02,prevalence,27236.93,38186.38,50352.42,50352.42,62518.47,73467.91,Maintain Status Quo,Mongolia,MNG,2021-05-03,v8,TRUE
2021-06-02,cumulative_infections,212992.82,256657.81,305174.47,305174.47,353691.13,397356.12,Maintain Status Quo,Mongolia,MNG,2021-05-03,v8,TRUE
2021-06-02,cumulative_deaths,275.19,307.55,343.51,343.51,379.47,411.84,Maintain Status Quo,Mongolia,MNG,2021-05-03,v8,TRUE
2021-06-02,Rt,1.24,1.29,1.34,1.34,1.39,1.43,Maintain Status Quo,Mongolia,MNG,2021-05-03,v8,TRUE
2021-06-02,Reff,0.99,1,1.02,1.02,1.03,1.04,Maintain Status Quo,Mongolia,MNG,2021-05-03,v8,TRUE
2021-06-02,deaths,13.1,23.63,35.32,35.32,47.01,57.54,Relax Interventions 50%,Mongolia,MNG,2021-05-03,v8,TRUE
2021-06-02,hospital_demand,750.52,982.05,1239.31,1239.31,1496.57,1728.11,Relax Interventions 50%,Mongolia,MNG,2021-05-03,v8,TRUE
2021-06-02,ICU_demand,240.55,282.9,329.96,329.96,377.02,419.37,Relax Interventions 50%,Mongolia,MNG,2021-05-03,v8,TRUE
2021-06-02,infections,22585.81,28492.02,35054.48,35054.48,41616.95,47523.16,Relax Interventions 50%,Mongolia,MNG,2021-05-03,v8,TRUE
2021-06-02,prevalence,153450.94,192989.01,236920.2,236920.2,280851.38,320389.45,Relax Interventions 50%,Mongolia,MNG,2021-05-03,v8,TRUE
2021-06-02,cumulative_infections,440610.32,548721.6,668845.24,668845.24,788968.89,897080.17,Relax Interventions 50%,Mongolia,MNG,2021-05-03,v8,TRUE
2021-06-02,cumulative_deaths,344.55,430.27,525.5,525.5,620.74,706.45,Relax Interventions 50%,Mongolia,MNG,2021-05-03,v8,TRUE
2021-06-02,Rt,1.24,1.29,1.34,1.34,1.39,1.43,Relax Interventions 50%,Mongolia,MNG,2021-05-03,v8,TRUE
2021-06-02,Reff,0.73,0.76,0.8,0.8,0.83,0.86,Relax Interventions 50%,Mongolia,MNG,2021-05-03,v8,TRUE
2021-06-02,deaths,1.52,1.88,2.28,2.28,2.68,3.05,Surged Additional 50% Reduction,Mongolia,MNG,2021-05-03,v8,TRUE
2021-06-02,hospital_demand,53.22,67.55,83.46,83.46,99.38,113.7,Surged Additional 50% Reduction,Mongolia,MNG,2021-05-03,v8,TRUE
2021-06-02,ICU_demand,25.94,32.01,38.76,38.76,45.5,51.58,Surged Additional 50% Reduction,Mongolia,MNG,2021-05-03,v8,TRUE
2021-06-02,infections,270.13,379.47,500.96,500.96,622.44,731.78,Surged Additional 50% Reduction,Mongolia,MNG,2021-05-03,v8,TRUE
2021-06-02,prevalence,1899.01,2653.08,3490.93,3490.93,4328.78,5082.85,Surged Additional 50% Reduction,Mongolia,MNG,2021-05-03,v8,TRUE
2021-06-02,cumulative_infections,135651.94,153269.69,172844.96,172844.96,192420.24,210037.98,Surged Additional 50% Reduction,Mongolia,MNG,2021-05-03,v8,TRUE
2021-06-02,cumulative_deaths,241.31,263.64,288.46,288.46,313.28,335.61,Surged Additional 50% Reduction,Mongolia,MNG,2021-05-03,v8,TRUE
2021-06-02,Rt,1.24,1.29,1.34,1.34,1.39,1.43,Surged Additional 50% Reduction,Mongolia,MNG,2021-05-03,v8,TRUE
2021-06-02,Reff,0.97,1,1.03,1.03,1.06,1.08,Surged Additional 50% Reduction,Mongolia,MNG,2021-05-03,v8,TRUE
2021-06-02,deaths,4.5,5.85,7.35,7.35,8.85,10.2,Surged Maintain Status Quo,Mongolia,MNG,2021-05-03,v8,TRUE
2021-06-02,hospital_demand,224.31,298.25,380.41,380.41,462.56,536.5,Surged Maintain Status Quo,Mongolia,MNG,2021-05-03,v8,TRUE
2021-06-02,ICU_demand,81.73,106.87,134.82,134.82,162.76,187.91,Surged Maintain Status Quo,Mongolia,MNG,2021-05-03,v8,TRUE
2021-06-02,infections,4009.94,5624.85,7419.18,7419.18,9213.52,10828.42,Surged Maintain Status Quo,Mongolia,MNG,2021-05-03,v8,TRUE
2021-06-02,prevalence,27236.93,38186.38,50352.42,50352.42,62518.47,73467.91,Surged Maintain Status Quo,Mongolia,MNG,2021-05-03,v8,TRUE
2021-06-02,cumulative_infections,212992.82,256657.81,305174.47,305174.47,353691.13,397356.12,Surged Maintain Status Quo,Mongolia,MNG,2021-05-03,v8,TRUE
2021-06-02,cumulative_deaths,275.19,307.55,343.51,343.51,379.47,411.84,Surged Maintain Status Quo,Mongolia,MNG,2021-05-03,v8,TRUE
2021-06-02,Rt,1.24,1.29,1.34,1.34,1.39,1.43,Surged Maintain Status Quo,Mongolia,MNG,2021-05-03,v8,TRUE
2021-06-02,Reff,0.93,0.94,0.95,0.95,0.95,0.96,Surged Maintain Status Quo,Mongolia,MNG,2021-05-03,v8,TRUE
2021-06-02,deaths,12.35,16.15,20.37,20.37,24.58,28.38,Surged Relax Interventions 50%,Mongolia,MNG,2021-05-03,v8,TRUE
2021-06-02,hospital_demand,750.66,983.49,1242.2,1242.2,1500.9,1733.73,Surged Relax Interventions 50%,Mongolia,MNG,2021-05-03,v8,TRUE
2021-06-02,ICU_demand,244.14,318.77,401.69,401.69,484.61,559.25,Surged Relax Interventions 50%,Mongolia,MNG,2021-05-03,v8,TRUE
2021-06-02,infections,22585.81,28492.03,35054.5,35054.5,41616.98,47523.2,Surged Relax Interventions 50%,Mongolia,MNG,2021-05-03,v8,TRUE
2021-06-02,prevalence,153454.67,193026.25,236994.68,236994.68,280963.11,320534.7,Surged Relax Interventions 50%,Mongolia,MNG,2021-05-03,v8,TRUE
2021-06-02,cumulative_infections,440610.33,548721.77,668845.58,668845.58,788969.4,897080.83,Surged Relax Interventions 50%,Mongolia,MNG,2021-05-03,v8,TRUE
2021-06-02,cumulative_deaths,340.81,392.84,450.66,450.66,508.48,560.51,Surged Relax Interventions 50%,Mongolia,MNG,2021-05-03,v8,TRUE
2021-06-02,Rt,1.24,1.29,1.34,1.34,1.39,1.43,Surged Relax Interventions 50%,Mongolia,MNG,2021-05-03,v8,TRUE
2021-06-02,Reff,0.65,0.69,0.72,0.72,0.76,0.79,Surged Relax Interventions 50%,Mongolia,MNG,2021-05-03,v8,TRUE
2021-06-03,deaths,1.4,1.75,2.13,2.13,2.51,2.85,Additional 50% Reduction,Mongolia,MNG,2021-05-03,v8,TRUE
2021-06-03,hospital_demand,49.05,62.56,77.57,77.57,92.58,106.09,Additional 50% Reduction,Mongolia,MNG,2021-05-03,v8,TRUE
2021-06-03,ICU_demand,24.14,29.92,36.33,36.33,42.74,48.51,Additional 50% Reduction,Mongolia,MNG,2021-05-03,v8,TRUE
2021-06-03,infections,247.75,350.16,463.95,463.95,577.74,680.15,Additional 50% Reduction,Mongolia,MNG,2021-05-03,v8,TRUE
2021-06-03,prevalence,1742.26,2448.75,3233.74,3233.74,4018.73,4725.22,Additional 50% Reduction,Mongolia,MNG,2021-05-03,v8,TRUE
2021-06-03,cumulative_infections,135899.69,153619.84,173308.91,173308.91,192997.97,210718.13,Additional 50% Reduction,Mongolia,MNG,2021-05-03,v8,TRUE
2021-06-03,cumulative_deaths,242.71,265.39,290.59,290.59,315.78,338.46,Additional 50% Reduction,Mongolia,MNG,2021-05-03,v8,TRUE
2021-06-03,Rt,1.24,1.29,1.34,1.34,1.39,1.43,Additional 50% Reduction,Mongolia,MNG,2021-05-03,v8,TRUE
2021-06-03,Reff,1.04,1.06,1.1,1.1,1.13,1.16,Additional 50% Reduction,Mongolia,MNG,2021-05-03,v8,TRUE
2021-06-03,deaths,4.49,5.87,7.41,7.41,8.95,10.33,Maintain Status Quo,Mongolia,MNG,2021-05-03,v8,TRUE
2021-06-03,hospital_demand,224.47,300.09,384.11,384.11,468.13,543.74,Maintain Status Quo,Mongolia,MNG,2021-05-03,v8,TRUE
2021-06-03,ICU_demand,81.69,107.44,136.06,136.06,164.67,190.43,Maintain Status Quo,Mongolia,MNG,2021-05-03,v8,TRUE
2021-06-03,infections,4011.75,5645.01,7459.74,7459.74,9274.47,10907.72,Maintain Status Quo,Mongolia,MNG,2021-05-03,v8,TRUE
2021-06-03,prevalence,27248.25,38321.27,50624.63,50624.63,62928,74001.02,Maintain Status Quo,Mongolia,MNG,2021-05-03,v8,TRUE
2021-06-03,cumulative_infections,217004.57,262302.82,312634.21,312634.21,362965.59,408263.84,Maintain Status Quo,Mongolia,MNG,2021-05-03,v8,TRUE
2021-06-03,cumulative_deaths,279.68,313.43,350.93,350.93,388.42,422.17,Maintain Status Quo,Mongolia,MNG,2021-05-03,v8,TRUE
2021-06-03,Rt,1.24,1.29,1.34,1.34,1.39,1.43,Maintain Status Quo,Mongolia,MNG,2021-05-03,v8,TRUE
2021-06-03,Reff,0.99,1,1.01,1.01,1.02,1.03,Maintain Status Quo,Mongolia,MNG,2021-05-03,v8,TRUE
2021-06-03,deaths,13.83,24.85,37.11,37.11,49.36,60.38,Relax Interventions 50%,Mongolia,MNG,2021-05-03,v8,TRUE
2021-06-03,hospital_demand,792.19,1035.06,1304.91,1304.91,1574.76,1817.62,Relax Interventions 50%,Mongolia,MNG,2021-05-03,v8,TRUE
2021-06-03,ICU_demand,253.34,293.51,338.15,338.15,382.79,422.97,Relax Interventions 50%,Mongolia,MNG,2021-05-03,v8,TRUE
2021-06-03,infections,23494.97,29345.37,35845.81,35845.81,42346.25,48196.65,Relax Interventions 50%,Mongolia,MNG,2021-05-03,v8,TRUE
2021-06-03,prevalence,159550.41,198659.19,242113.4,242113.4,285567.6,324676.39,Relax Interventions 50%,Mongolia,MNG,2021-05-03,v8,TRUE
2021-06-03,cumulative_infections,464105.28,578066.96,704691.05,704691.05,831315.14,945276.82,Relax Interventions 50%,Mongolia,MNG,2021-05-03,v8,TRUE
2021-06-03,cumulative_deaths,358.38,455.12,562.61,562.61,670.1,766.84,Relax Interventions 50%,Mongolia,MNG,2021-05-03,v8,TRUE
2021-06-03,Rt,1.24,1.29,1.34,1.34,1.39,1.43,Relax Interventions 50%,Mongolia,MNG,2021-05-03,v8,TRUE
2021-06-03,Reff,0.71,0.74,0.78,0.78,0.81,0.85,Relax Interventions 50%,Mongolia,MNG,2021-05-03,v8,TRUE
2021-06-03,deaths,1.4,1.75,2.13,2.13,2.51,2.85,Surged Additional 50% Reduction,Mongolia,MNG,2021-05-03,v8,TRUE
2021-06-03,hospital_demand,49.05,62.56,77.57,77.57,92.58,106.09,Surged Additional 50% Reduction,Mongolia,MNG,2021-05-03,v8,TRUE
2021-06-03,ICU_demand,24.14,29.92,36.33,36.33,42.74,48.51,Surged Additional 50% Reduction,Mongolia,MNG,2021-05-03,v8,TRUE
2021-06-03,infections,247.75,350.16,463.95,463.95,577.74,680.15,Surged Additional 50% Reduction,Mongolia,MNG,2021-05-03,v8,TRUE
2021-06-03,prevalence,1742.26,2448.75,3233.74,3233.74,4018.73,4725.22,Surged Additional 50% Reduction,Mongolia,MNG,2021-05-03,v8,TRUE
2021-06-03,cumulative_infections,135899.69,153619.84,173308.91,173308.91,192997.97,210718.13,Surged Additional 50% Reduction,Mongolia,MNG,2021-05-03,v8,TRUE
2021-06-03,cumulative_deaths,242.71,265.39,290.59,290.59,315.78,338.46,Surged Additional 50% Reduction,Mongolia,MNG,2021-05-03,v8,TRUE
2021-06-03,Rt,1.24,1.29,1.34,1.34,1.39,1.43,Surged Additional 50% Reduction,Mongolia,MNG,2021-05-03,v8,TRUE
2021-06-03,Reff,0.97,1,1.03,1.03,1.06,1.08,Surged Additional 50% Reduction,Mongolia,MNG,2021-05-03,v8,TRUE
2021-06-03,deaths,4.49,5.87,7.41,7.41,8.95,10.33,Surged Maintain Status Quo,Mongolia,MNG,2021-05-03,v8,TRUE
2021-06-03,hospital_demand,224.47,300.09,384.11,384.11,468.13,543.74,Surged Maintain Status Quo,Mongolia,MNG,2021-05-03,v8,TRUE
2021-06-03,ICU_demand,81.69,107.44,136.06,136.06,164.67,190.43,Surged Maintain Status Quo,Mongolia,MNG,2021-05-03,v8,TRUE
2021-06-03,infections,4011.75,5645.01,7459.74,7459.74,9274.47,10907.72,Surged Maintain Status Quo,Mongolia,MNG,2021-05-03,v8,TRUE
2021-06-03,prevalence,27248.25,38321.27,50624.63,50624.63,62928,74001.02,Surged Maintain Status Quo,Mongolia,MNG,2021-05-03,v8,TRUE
2021-06-03,cumulative_infections,217004.57,262302.82,312634.21,312634.21,362965.59,408263.84,Surged Maintain Status Quo,Mongolia,MNG,2021-05-03,v8,TRUE
2021-06-03,cumulative_deaths,279.68,313.43,350.93,350.93,388.42,422.17,Surged Maintain Status Quo,Mongolia,MNG,2021-05-03,v8,TRUE
2021-06-03,Rt,1.24,1.29,1.34,1.34,1.39,1.43,Surged Maintain Status Quo,Mongolia,MNG,2021-05-03,v8,TRUE
2021-06-03,Reff,0.93,0.93,0.94,0.94,0.95,0.96,Surged Maintain Status Quo,Mongolia,MNG,2021-05-03,v8,TRUE
2021-06-03,deaths,13.05,17.09,21.57,21.57,26.05,30.09,Surged Relax Interventions 50%,Mongolia,MNG,2021-05-03,v8,TRUE
2021-06-03,hospital_demand,792.39,1037.03,1308.85,1308.85,1580.67,1825.31,Surged Relax Interventions 50%,Mongolia,MNG,2021-05-03,v8,TRUE
2021-06-03,ICU_demand,257.62,336.39,423.91,423.91,511.43,590.19,Surged Relax Interventions 50%,Mongolia,MNG,2021-05-03,v8,TRUE
2021-06-03,infections,23494.97,29345.35,35845.77,35845.77,42346.19,48196.57,Surged Relax Interventions 50%,Mongolia,MNG,2021-05-03,v8,TRUE
2021-06-03,prevalence,159554.87,198703.79,242202.6,242202.6,285701.41,324850.34,Surged Relax Interventions 50%,Mongolia,MNG,2021-05-03,v8,TRUE
2021-06-03,cumulative_infections,464105.3,578067.11,704691.35,704691.35,831315.59,945277.4,Surged Relax Interventions 50%,Mongolia,MNG,2021-05-03,v8,TRUE
2021-06-03,cumulative_deaths,353.86,409.93,472.23,472.23,534.53,590.6,Surged Relax Interventions 50%,Mongolia,MNG,2021-05-03,v8,TRUE
2021-06-03,Rt,1.24,1.29,1.34,1.34,1.39,1.43,Surged Relax Interventions 50%,Mongolia,MNG,2021-05-03,v8,TRUE
2021-06-03,Reff,0.63,0.67,0.7,0.7,0.74,0.78,Surged Relax Interventions 50%,Mongolia,MNG,2021-05-03,v8,TRUE
2021-06-04,deaths,1.3,1.62,1.98,1.98,2.34,2.66,Additional 50% Reduction,Mongolia,MNG,2021-05-03,v8,TRUE
2021-06-04,hospital_demand,45.19,57.92,72.07,72.07,86.22,98.95,Additional 50% Reduction,Mongolia,MNG,2021-05-03,v8,TRUE
2021-06-04,ICU_demand,22.46,27.94,34.03,34.03,40.12,45.6,Additional 50% Reduction,Mongolia,MNG,2021-05-03,v8,TRUE
2021-06-04,infections,227.23,323.13,429.69,429.69,536.25,632.15,Additional 50% Reduction,Mongolia,MNG,2021-05-03,v8,TRUE
2021-06-04,prevalence,1598.43,2260.22,2995.54,2995.54,3730.86,4392.65,Additional 50% Reduction,Mongolia,MNG,2021-05-03,v8,TRUE
2021-06-04,cumulative_infections,136126.91,153942.97,173738.6,173738.6,193534.22,211350.28,Additional 50% Reduction,Mongolia,MNG,2021-05-03,v8,TRUE
2021-06-04,cumulative_deaths,244.01,267.01,292.57,292.57,318.12,341.12,Additional 50% Reduction,Mongolia,MNG,2021-05-03,v8,TRUE
2021-06-04,Rt,1.24,1.29,1.34,1.34,1.39,1.43,Additional 50% Reduction,Mongolia,MNG,2021-05-03,v8,TRUE
2021-06-04,Reff,1.04,1.06,1.1,1.1,1.13,1.16,Additional 50% Reduction,Mongolia,MNG,2021-05-03,v8,TRUE
2021-06-04,deaths,4.48,5.9,7.47,7.47,9.05,10.46,Maintain Status Quo,Mongolia,MNG,2021-05-03,v8,TRUE
2021-06-04,hospital_demand,224.64,301.9,387.75,387.75,473.59,550.86,Maintain Status Quo,Mongolia,MNG,2021-05-03,v8,TRUE
2021-06-04,ICU_demand,81.66,108.01,137.29,137.29,166.58,192.93,Maintain Status Quo,Mongolia,MNG,2021-05-03,v8,TRUE
2021-06-04,infections,4012.44,5662.33,7495.54,7495.54,9328.75,10978.64,Maintain Status Quo,Mongolia,MNG,2021-05-03,v8,TRUE
2021-06-04,prevalence,27251.98,38437.05,50864.91,50864.91,63292.76,74477.84,Maintain Status Quo,Mongolia,MNG,2021-05-03,v8,TRUE
2021-06-04,cumulative_infections,221017,267965.14,320129.75,320129.75,372294.35,419242.49,Maintain Status Quo,Mongolia,MNG,2021-05-03,v8,TRUE
2021-06-04,cumulative_deaths,284.16,319.33,358.4,358.4,397.47,432.63,Maintain Status Quo,Mongolia,MNG,2021-05-03,v8,TRUE
2021-06-04,Rt,1.24,1.29,1.34,1.34,1.39,1.43,Maintain Status Quo,Mongolia,MNG,2021-05-03,v8,TRUE
2021-06-04,Reff,0.99,1,1.01,1.01,1.02,1.03,Maintain Status Quo,Mongolia,MNG,2021-05-03,v8,TRUE
2021-06-04,deaths,14.58,26.07,38.84,38.84,51.61,63.11,Relax Interventions 50%,Mongolia,MNG,2021-05-03,v8,TRUE
2021-06-04,hospital_demand,835.23,1088.77,1370.47,1370.47,1652.18,1905.72,Relax Interventions 50%,Mongolia,MNG,2021-05-03,v8,TRUE
2021-06-04,ICU_demand,266.65,304.48,346.52,346.52,388.56,426.4,Relax Interventions 50%,Mongolia,MNG,2021-05-03,v8,TRUE
2021-06-04,infections,24385.94,30131.95,36516.4,36516.4,42900.86,48646.87,Relax Interventions 50%,Mongolia,MNG,2021-05-03,v8,TRUE
2021-06-04,prevalence,165520.88,203880.56,246502.43,246502.43,289124.3,327483.98,Relax Interventions 50%,Mongolia,MNG,2021-05-03,v8,TRUE
2021-06-04,cumulative_infections,488491.22,608198.91,741207.45,741207.45,874216,993923.69,Relax Interventions 50%,Mongolia,MNG,2021-05-03,v8,TRUE
2021-06-04,cumulative_deaths,372.96,481.19,601.45,601.45,721.71,829.94,Relax Interventions 50%,Mongolia,MNG,2021-05-03,v8,TRUE
2021-06-04,Rt,1.24,1.29,1.34,1.34,1.39,1.43,Relax Interventions 50%,Mongolia,MNG,2021-05-03,v8,TRUE
2021-06-04,Reff,0.69,0.72,0.76,0.76,0.8,0.84,Relax Interventions 50%,Mongolia,MNG,2021-05-03,v8,TRUE
2021-06-04,deaths,1.3,1.62,1.98,1.98,2.34,2.66,Surged Additional 50% Reduction,Mongolia,MNG,2021-05-03,v8,TRUE
2021-06-04,hospital_demand,45.19,57.92,72.07,72.07,86.22,98.95,Surged Additional 50% Reduction,Mongolia,MNG,2021-05-03,v8,TRUE
2021-06-04,ICU_demand,22.46,27.94,34.03,34.03,40.12,45.6,Surged Additional 50% Reduction,Mongolia,MNG,2021-05-03,v8,TRUE
2021-06-04,infections,227.23,323.13,429.69,429.69,536.25,632.15,Surged Additional 50% Reduction,Mongolia,MNG,2021-05-03,v8,TRUE
2021-06-04,prevalence,1598.43,2260.22,2995.54,2995.54,3730.86,4392.65,Surged Additional 50% Reduction,Mongolia,MNG,2021-05-03,v8,TRUE
2021-06-04,cumulative_infections,136126.91,153942.97,173738.6,173738.6,193534.22,211350.28,Surged Additional 50% Reduction,Mongolia,MNG,2021-05-03,v8,TRUE
2021-06-04,cumulative_deaths,244.01,267.01,292.57,292.57,318.12,341.12,Surged Additional 50% Reduction,Mongolia,MNG,2021-05-03,v8,TRUE
2021-06-04,Rt,1.24,1.29,1.34,1.34,1.39,1.43,Surged Additional 50% Reduction,Mongolia,MNG,2021-05-03,v8,TRUE
2021-06-04,Reff,0.97,1,1.03,1.03,1.06,1.08,Surged Additional 50% Reduction,Mongolia,MNG,2021-05-03,v8,TRUE
2021-06-04,deaths,4.48,5.9,7.47,7.47,9.05,10.46,Surged Maintain Status Quo,Mongolia,MNG,2021-05-03,v8,TRUE
2021-06-04,hospital_demand,224.64,301.9,387.75,387.75,473.59,550.86,Surged Maintain Status Quo,Mongolia,MNG,2021-05-03,v8,TRUE
2021-06-04,ICU_demand,81.66,108.01,137.29,137.29,166.58,192.93,Surged Maintain Status Quo,Mongolia,MNG,2021-05-03,v8,TRUE
2021-06-04,infections,4012.44,5662.33,7495.54,7495.54,9328.75,10978.64,Surged Maintain Status Quo,Mongolia,MNG,2021-05-03,v8,TRUE
2021-06-04,prevalence,27251.98,38437.05,50864.91,50864.91,63292.76,74477.84,Surged Maintain Status Quo,Mongolia,MNG,2021-05-03,v8,TRUE
2021-06-04,cumulative_infections,221017,267965.14,320129.75,320129.75,372294.35,419242.49,Surged Maintain Status Quo,Mongolia,MNG,2021-05-03,v8,TRUE
2021-06-04,cumulative_deaths,284.16,319.33,358.4,358.4,397.47,432.63,Surged Maintain Status Quo,Mongolia,MNG,2021-05-03,v8,TRUE
2021-06-04,Rt,1.24,1.29,1.34,1.34,1.39,1.43,Surged Maintain Status Quo,Mongolia,MNG,2021-05-03,v8,TRUE
2021-06-04,Reff,0.93,0.93,0.94,0.94,0.94,0.95,Surged Maintain Status Quo,Mongolia,MNG,2021-05-03,v8,TRUE
2021-06-04,deaths,13.78,18.05,22.81,22.81,27.56,31.83,Surged Relax Interventions 50%,Mongolia,MNG,2021-05-03,v8,TRUE
2021-06-04,hospital_demand,835.48,1091.33,1375.61,1375.61,1659.89,1915.74,Surged Relax Interventions 50%,Mongolia,MNG,2021-05-03,v8,TRUE
2021-06-04,ICU_demand,271.64,354.43,446.41,446.41,538.39,621.17,Surged Relax Interventions 50%,Mongolia,MNG,2021-05-03,v8,TRUE
2021-06-04,infections,24385.93,30131.89,36516.28,36516.28,42900.68,48646.64,Surged Relax Interventions 50%,Mongolia,MNG,2021-05-03,v8,TRUE
2021-06-04,prevalence,165526.09,203932.64,246606.59,246606.59,289280.54,327687.09,Surged Relax Interventions 50%,Mongolia,MNG,2021-05-03,v8,TRUE
2021-06-04,cumulative_infections,488491.23,608199,741207.64,741207.64,874216.27,993924.04,Surged Relax Interventions 50%,Mongolia,MNG,2021-05-03,v8,TRUE
2021-06-04,cumulative_deaths,367.64,427.98,495.04,495.04,562.09,622.44,Surged Relax Interventions 50%,Mongolia,MNG,2021-05-03,v8,TRUE
2021-06-04,Rt,1.24,1.29,1.34,1.34,1.39,1.43,Surged Relax Interventions 50%,Mongolia,MNG,2021-05-03,v8,TRUE
2021-06-04,Reff,0.61,0.65,0.69,0.69,0.73,0.77,Surged Relax Interventions 50%,Mongolia,MNG,2021-05-03,v8,TRUE
2021-06-05,deaths,1.2,1.5,1.84,1.84,2.18,2.48,Additional 50% Reduction,Mongolia,MNG,2021-05-03,v8,TRUE
2021-06-05,hospital_demand,41.61,53.61,66.93,66.93,80.26,92.26,Additional 50% Reduction,Mongolia,MNG,2021-05-03,v8,TRUE
2021-06-05,ICU_demand,20.87,26.07,31.85,31.85,37.63,42.83,Additional 50% Reduction,Mongolia,MNG,2021-05-03,v8,TRUE
2021-06-05,infections,208.41,298.2,397.97,397.97,497.74,587.53,Additional 50% Reduction,Mongolia,MNG,2021-05-03,v8,TRUE
2021-06-05,prevalence,1466.48,2086.27,2774.93,2774.93,3463.58,4083.37,Additional 50% Reduction,Mongolia,MNG,2021-05-03,v8,TRUE
2021-06-05,cumulative_infections,136335.32,154241.17,174136.56,174136.56,194031.96,211937.81,Additional 50% Reduction,Mongolia,MNG,2021-05-03,v8,TRUE
2021-06-05,cumulative_deaths,245.21,268.51,294.41,294.41,320.3,343.61,Additional 50% Reduction,Mongolia,MNG,2021-05-03,v8,TRUE
2021-06-05,Rt,1.24,1.29,1.34,1.34,1.39,1.43,Additional 50% Reduction,Mongolia,MNG,2021-05-03,v8,TRUE
2021-06-05,Reff,1.04,1.06,1.1,1.1,1.13,1.16,Additional 50% Reduction,Mongolia,MNG,2021-05-03,v8,TRUE
2021-06-05,deaths,4.48,5.92,7.53,7.53,9.14,10.59,Maintain Status Quo,Mongolia,MNG,2021-05-03,v8,TRUE
2021-06-05,hospital_demand,224.81,303.68,391.31,391.31,478.94,557.81,Maintain Status Quo,Mongolia,MNG,2021-05-03,v8,TRUE
2021-06-05,ICU_demand,81.65,108.59,138.52,138.52,168.46,195.4,Maintain Status Quo,Mongolia,MNG,2021-05-03,v8,TRUE
2021-06-05,infections,4011.98,5676.73,7526.45,7526.45,9376.17,11040.92,Maintain Status Quo,Mongolia,MNG,2021-05-03,v8,TRUE
2021-06-05,prevalence,27248.07,38533.2,51072.24,51072.24,63611.27,74896.41,Maintain Status Quo,Mongolia,MNG,2021-05-03,v8,TRUE
2021-06-05,cumulative_infections,225028.98,273641.87,327656.19,327656.19,381670.52,430283.41,Maintain Status Quo,Mongolia,MNG,2021-05-03,v8,TRUE
2021-06-05,cumulative_deaths,288.64,325.25,365.93,365.93,406.61,443.22,Maintain Status Quo,Mongolia,MNG,2021-05-03,v8,TRUE
2021-06-05,Rt,1.24,1.29,1.34,1.34,1.39,1.43,Maintain Status Quo,Mongolia,MNG,2021-05-03,v8,TRUE
2021-06-05,Reff,0.99,1,1.01,1.01,1.01,1.02,Maintain Status Quo,Mongolia,MNG,2021-05-03,v8,TRUE
2021-06-05,deaths,15.36,27.28,40.52,40.52,53.76,65.68,Relax Interventions 50%,Mongolia,MNG,2021-05-03,v8,TRUE
2021-06-05,hospital_demand,879.51,1142.89,1435.52,1435.52,1728.16,1991.54,Relax Interventions 50%,Mongolia,MNG,2021-05-03,v8,TRUE
2021-06-05,ICU_demand,280.46,315.79,355.04,355.04,394.29,429.61,Relax Interventions 50%,Mongolia,MNG,2021-05-03,v8,TRUE
2021-06-05,infections,25252.3,30845.31,37059.78,37059.78,43274.25,48867.27,Relax Interventions 50%,Mongolia,MNG,2021-05-03,v8,TRUE
2021-06-05,prevalence,171321.17,208613.19,250048.78,250048.78,291484.36,328776.38,Relax Interventions 50%,Mongolia,MNG,2021-05-03,v8,TRUE
2021-06-05,cumulative_infections,513743.52,639044.23,778267.24,778267.24,917490.25,1042790.96,Relax Interventions 50%,Mongolia,MNG,2021-05-03,v8,TRUE
2021-06-05,cumulative_deaths,388.32,508.47,641.97,641.97,775.47,895.62,Relax Interventions 50%,Mongolia,MNG,2021-05-03,v8,TRUE
2021-06-05,Rt,1.24,1.29,1.34,1.34,1.39,1.43,Relax Interventions 50%,Mongolia,MNG,2021-05-03,v8,TRUE
2021-06-05,Reff,0.67,0.71,0.75,0.75,0.79,0.82,Relax Interventions 50%,Mongolia,MNG,2021-05-03,v8,TRUE
2021-06-05,deaths,1.2,1.5,1.84,1.84,2.18,2.48,Surged Additional 50% Reduction,Mongolia,MNG,2021-05-03,v8,TRUE
2021-06-05,hospital_demand,41.61,53.61,66.93,66.93,80.26,92.26,Surged Additional 50% Reduction,Mongolia,MNG,2021-05-03,v8,TRUE
2021-06-05,ICU_demand,20.87,26.07,31.85,31.85,37.63,42.83,Surged Additional 50% Reduction,Mongolia,MNG,2021-05-03,v8,TRUE
2021-06-05,infections,208.41,298.2,397.97,397.97,497.74,587.53,Surged Additional 50% Reduction,Mongolia,MNG,2021-05-03,v8,TRUE
2021-06-05,prevalence,1466.48,2086.27,2774.93,2774.93,3463.58,4083.37,Surged Additional 50% Reduction,Mongolia,MNG,2021-05-03,v8,TRUE
2021-06-05,cumulative_infections,136335.32,154241.17,174136.56,174136.56,194031.96,211937.81,Surged Additional 50% Reduction,Mongolia,MNG,2021-05-03,v8,TRUE
2021-06-05,cumulative_deaths,245.21,268.51,294.41,294.41,320.3,343.61,Surged Additional 50% Reduction,Mongolia,MNG,2021-05-03,v8,TRUE
2021-06-05,Rt,1.24,1.29,1.34,1.34,1.39,1.43,Surged Additional 50% Reduction,Mongolia,MNG,2021-05-03,v8,TRUE
2021-06-05,Reff,0.97,1,1.03,1.03,1.06,1.08,Surged Additional 50% Reduction,Mongolia,MNG,2021-05-03,v8,TRUE
2021-06-05,deaths,4.48,5.92,7.53,7.53,9.14,10.59,Surged Maintain Status Quo,Mongolia,MNG,2021-05-03,v8,TRUE
2021-06-05,hospital_demand,224.81,303.68,391.31,391.31,478.94,557.81,Surged Maintain Status Quo,Mongolia,MNG,2021-05-03,v8,TRUE
2021-06-05,ICU_demand,81.65,108.59,138.52,138.52,168.46,195.4,Surged Maintain Status Quo,Mongolia,MNG,2021-05-03,v8,TRUE
2021-06-05,infections,4011.98,5676.73,7526.45,7526.45,9376.17,11040.92,Surged Maintain Status Quo,Mongolia,MNG,2021-05-03,v8,TRUE
2021-06-05,prevalence,27248.07,38533.2,51072.24,51072.24,63611.27,74896.41,Surged Maintain Status Quo,Mongolia,MNG,2021-05-03,v8,TRUE
2021-06-05,cumulative_infections,225028.98,273641.87,327656.19,327656.19,381670.52,430283.41,Surged Maintain Status Quo,Mongolia,MNG,2021-05-03,v8,TRUE
2021-06-05,cumulative_deaths,288.64,325.25,365.93,365.93,406.61,443.22,Surged Maintain Status Quo,Mongolia,MNG,2021-05-03,v8,TRUE
2021-06-05,Rt,1.24,1.29,1.34,1.34,1.39,1.43,Surged Maintain Status Quo,Mongolia,MNG,2021-05-03,v8,TRUE
2021-06-05,Reff,0.92,0.93,0.93,0.93,0.94,0.95,Surged Maintain Status Quo,Mongolia,MNG,2021-05-03,v8,TRUE
2021-06-05,deaths,14.54,19.05,24.07,24.07,29.08,33.6,Surged Relax Interventions 50%,Mongolia,MNG,2021-05-03,v8,TRUE
2021-06-05,hospital_demand,879.83,1146.11,1441.97,1441.97,1737.83,2004.1,Surged Relax Interventions 50%,Mongolia,MNG,2021-05-03,v8,TRUE
2021-06-05,ICU_demand,286.16,372.79,469.04,469.04,565.3,651.92,Surged Relax Interventions 50%,Mongolia,MNG,2021-05-03,v8,TRUE
2021-06-05,infections,25252.29,30845.25,37059.65,37059.65,43274.05,48867.01,Surged Relax Interventions 50%,Mongolia,MNG,2021-05-03,v8,TRUE
2021-06-05,prevalence,171327.16,208673.09,250168.57,250168.57,291664.05,329009.98,Surged Relax Interventions 50%,Mongolia,MNG,2021-05-03,v8,TRUE
2021-06-05,cumulative_infections,513743.52,639044.25,778267.29,778267.29,917490.32,1042791.05,Surged Relax Interventions 50%,Mongolia,MNG,2021-05-03,v8,TRUE
2021-06-05,cumulative_deaths,382.17,447.04,519.1,519.1,591.17,656.04,Surged Relax Interventions 50%,Mongolia,MNG,2021-05-03,v8,TRUE
2021-06-05,Rt,1.24,1.29,1.34,1.34,1.39,1.43,Surged Relax Interventions 50%,Mongolia,MNG,2021-05-03,v8,TRUE
2021-06-05,Reff,0.59,0.63,0.67,0.67,0.72,0.75,Surged Relax Interventions 50%,Mongolia,MNG,2021-05-03,v8,TRUE
2021-06-06,deaths,1.1,1.39,1.71,1.71,2.03,2.32,Additional 50% Reduction,Mongolia,MNG,2021-05-03,v8,TRUE
2021-06-06,hospital_demand,38.3,49.6,62.15,62.15,74.69,85.99,Additional 50% Reduction,Mongolia,MNG,2021-05-03,v8,TRUE
2021-06-06,ICU_demand,19.39,24.32,29.79,29.79,35.27,40.2,Additional 50% Reduction,Mongolia,MNG,2021-05-03,v8,TRUE
2021-06-06,infections,191.15,275.21,368.6,368.6,462,546.06,Additional 50% Reduction,Mongolia,MNG,2021-05-03,v8,TRUE
2021-06-06,prevalence,1345.42,1925.76,2570.6,2570.6,3215.43,3795.77,Additional 50% Reduction,Mongolia,MNG,2021-05-03,v8,TRUE
2021-06-06,cumulative_infections,136526.47,154516.38,174505.17,174505.17,194493.96,212483.87,Additional 50% Reduction,Mongolia,MNG,2021-05-03,v8,TRUE
2021-06-06,cumulative_deaths,246.31,269.9,296.12,296.12,322.33,345.92,Additional 50% Reduction,Mongolia,MNG,2021-05-03,v8,TRUE
2021-06-06,Rt,1.24,1.29,1.34,1.34,1.39,1.43,Additional 50% Reduction,Mongolia,MNG,2021-05-03,v8,TRUE
2021-06-06,Reff,1.04,1.06,1.1,1.1,1.13,1.16,Additional 50% Reduction,Mongolia,MNG,2021-05-03,v8,TRUE
2021-06-06,deaths,4.47,5.95,7.6,7.6,9.24,10.72,Maintain Status Quo,Mongolia,MNG,2021-05-03,v8,TRUE
2021-06-06,hospital_demand,224.99,305.42,394.79,394.79,484.16,564.59,Maintain Status Quo,Mongolia,MNG,2021-05-03,v8,TRUE
2021-06-06,ICU_demand,81.64,109.16,139.74,139.74,170.31,197.83,Maintain Status Quo,Mongolia,MNG,2021-05-03,v8,TRUE
2021-06-06,infections,4010.38,5688.17,7552.38,7552.38,9416.59,11094.38,Maintain Status Quo,Mongolia,MNG,2021-05-03,v8,TRUE
2021-06-06,prevalence,27236.59,38609.55,51246.18,51246.18,63882.8,75255.77,Maintain Status Quo,Mongolia,MNG,2021-05-03,v8,TRUE
2021-06-06,cumulative_infections,229039.36,279330.04,335208.57,335208.57,391087.11,441377.78,Maintain Status Quo,Mongolia,MNG,2021-05-03,v8,TRUE
2021-06-06,cumulative_deaths,293.11,331.2,373.53,373.53,415.85,453.94,Maintain Status Quo,Mongolia,MNG,2021-05-03,v8,TRUE
2021-06-06,Rt,1.24,1.29,1.34,1.34,1.39,1.43,Maintain Status Quo,Mongolia,MNG,2021-05-03,v8,TRUE
2021-06-06,Reff,0.99,0.99,1,1,1.01,1.02,Maintain Status Quo,Mongolia,MNG,2021-05-03,v8,TRUE
2021-06-06,deaths,16.17,28.46,42.11,42.11,55.77,68.06,Relax Interventions 50%,Mongolia,MNG,2021-05-03,v8,TRUE
2021-06-06,hospital_demand,924.91,1197.1,1499.54,1499.54,1801.98,2074.17,Relax Interventions 50%,Mongolia,MNG,2021-05-03,v8,TRUE
2021-06-06,ICU_demand,294.75,327.39,363.66,363.66,399.93,432.57,Relax Interventions 50%,Mongolia,MNG,2021-05-03,v8,TRUE
2021-06-06,infections,26087.73,31480.23,37471.9,37471.9,43463.57,48856.08,Relax Interventions 50%,Mongolia,MNG,2021-05-03,v8,TRUE
2021-06-06,prevalence,176907.78,212822.38,252727.48,252727.48,292632.58,328547.17,Relax Interventions 50%,Mongolia,MNG,2021-05-03,v8,TRUE
2021-06-06,cumulative_infections,539831.24,670524.46,815739.14,815739.14,960953.82,1091647.04,Relax Interventions 50%,Mongolia,MNG,2021-05-03,v8,TRUE
2021-06-06,cumulative_deaths,404.48,536.92,684.08,684.08,831.24,963.68,Relax Interventions 50%,Mongolia,MNG,2021-05-03,v8,TRUE
2021-06-06,Rt,1.24,1.29,1.34,1.34,1.39,1.43,Relax Interventions 50%,Mongolia,MNG,2021-05-03,v8,TRUE
2021-06-06,Reff,0.65,0.69,0.73,0.73,0.77,0.81,Relax Interventions 50%,Mongolia,MNG,2021-05-03,v8,TRUE
2021-06-06,deaths,1.1,1.39,1.71,1.71,2.03,2.32,Surged Additional 50% Reduction,Mongolia,MNG,2021-05-03,v8,TRUE
2021-06-06,hospital_demand,38.3,49.6,62.15,62.15,74.69,85.99,Surged Additional 50% Reduction,Mongolia,MNG,2021-05-03,v8,TRUE
2021-06-06,ICU_demand,19.39,24.32,29.79,29.79,35.27,40.2,Surged Additional 50% Reduction,Mongolia,MNG,2021-05-03,v8,TRUE
2021-06-06,infections,191.15,275.21,368.6,368.6,462,546.06,Surged Additional 50% Reduction,Mongolia,MNG,2021-05-03,v8,TRUE
2021-06-06,prevalence,1345.42,1925.76,2570.6,2570.6,3215.43,3795.77,Surged Additional 50% Reduction,Mongolia,MNG,2021-05-03,v8,TRUE
2021-06-06,cumulative_infections,136526.47,154516.38,174505.17,174505.17,194493.96,212483.87,Surged Additional 50% Reduction,Mongolia,MNG,2021-05-03,v8,TRUE
2021-06-06,cumulative_deaths,246.31,269.9,296.12,296.12,322.33,345.92,Surged Additional 50% Reduction,Mongolia,MNG,2021-05-03,v8,TRUE
2021-06-06,Rt,1.24,1.29,1.34,1.34,1.39,1.43,Surged Additional 50% Reduction,Mongolia,MNG,2021-05-03,v8,TRUE
2021-06-06,Reff,0.97,1,1.03,1.03,1.06,1.08,Surged Additional 50% Reduction,Mongolia,MNG,2021-05-03,v8,TRUE
2021-06-06,deaths,4.47,5.95,7.6,7.6,9.24,10.72,Surged Maintain Status Quo,Mongolia,MNG,2021-05-03,v8,TRUE
2021-06-06,hospital_demand,224.99,305.42,394.79,394.79,484.16,564.59,Surged Maintain Status Quo,Mongolia,MNG,2021-05-03,v8,TRUE
2021-06-06,ICU_demand,81.64,109.16,139.74,139.74,170.31,197.83,Surged Maintain Status Quo,Mongolia,MNG,2021-05-03,v8,TRUE
2021-06-06,infections,4010.38,5688.17,7552.38,7552.38,9416.59,11094.38,Surged Maintain Status Quo,Mongolia,MNG,2021-05-03,v8,TRUE
2021-06-06,prevalence,27236.59,38609.55,51246.18,51246.18,63882.8,75255.77,Surged Maintain Status Quo,Mongolia,MNG,2021-05-03,v8,TRUE
2021-06-06,cumulative_infections,229039.36,279330.04,335208.57,335208.57,391087.11,441377.78,Surged Maintain Status Quo,Mongolia,MNG,2021-05-03,v8,TRUE
2021-06-06,cumulative_deaths,293.11,331.2,373.53,373.53,415.85,453.94,Surged Maintain Status Quo,Mongolia,MNG,2021-05-03,v8,TRUE
2021-06-06,Rt,1.24,1.29,1.34,1.34,1.39,1.43,Surged Maintain Status Quo,Mongolia,MNG,2021-05-03,v8,TRUE
2021-06-06,Reff,0.92,0.93,0.93,0.93,0.94,0.94,Surged Maintain Status Quo,Mongolia,MNG,2021-05-03,v8,TRUE
2021-06-06,deaths,15.33,20.07,25.35,25.35,30.62,35.37,Surged Relax Interventions 50%,Mongolia,MNG,2021-05-03,v8,TRUE
2021-06-06,hospital_demand,925.3,1201.02,1507.38,1507.38,1813.74,2089.46,Surged Relax Interventions 50%,Mongolia,MNG,2021-05-03,v8,TRUE
2021-06-06,ICU_demand,301.15,391.39,491.65,491.65,591.92,682.16,Surged Relax Interventions 50%,Mongolia,MNG,2021-05-03,v8,TRUE
2021-06-06,infections,26087.72,31480.18,37471.8,37471.8,43463.43,48855.89,Surged Relax Interventions 50%,Mongolia,MNG,2021-05-03,v8,TRUE
2021-06-06,prevalence,176914.53,212889.87,252862.47,252862.47,292835.07,328810.41,Surged Relax Interventions 50%,Mongolia,MNG,2021-05-03,v8,TRUE
2021-06-06,cumulative_infections,539831.24,670524.43,815739.09,815739.09,960953.75,1091646.94,Surged Relax Interventions 50%,Mongolia,MNG,2021-05-03,v8,TRUE
2021-06-06,cumulative_deaths,397.5,467.11,544.45,544.45,621.79,691.4,Surged Relax Interventions 50%,Mongolia,MNG,2021-05-03,v8,TRUE
2021-06-06,Rt,1.24,1.29,1.34,1.34,1.39,1.43,Surged Relax Interventions 50%,Mongolia,MNG,2021-05-03,v8,TRUE
2021-06-06,Reff,0.57,0.61,0.66,0.66,0.7,0.74,Surged Relax Interventions 50%,Mongolia,MNG,2021-05-03,v8,TRUE
2021-06-07,deaths,1.02,1.29,1.59,1.59,1.89,2.16,Additional 50% Reduction,Mongolia,MNG,2021-05-03,v8,TRUE
2021-06-07,hospital_demand,35.25,45.88,57.68,57.68,69.49,80.12,Additional 50% Reduction,Mongolia,MNG,2021-05-03,v8,TRUE
2021-06-07,ICU_demand,17.99,22.66,27.85,27.85,33.04,37.71,Additional 50% Reduction,Mongolia,MNG,2021-05-03,v8,TRUE
2021-06-07,infections,175.32,254,341.42,341.42,428.83,507.51,Additional 50% Reduction,Mongolia,MNG,2021-05-03,v8,TRUE
2021-06-07,prevalence,1234.36,1777.68,2381.37,2381.37,2985.05,3528.38,Additional 50% Reduction,Mongolia,MNG,2021-05-03,v8,TRUE
2021-06-07,cumulative_infections,136701.79,154770.38,174846.58,174846.58,194922.79,212991.38,Additional 50% Reduction,Mongolia,MNG,2021-05-03,v8,TRUE
2021-06-07,cumulative_deaths,247.33,271.19,297.71,297.71,324.22,348.09,Additional 50% Reduction,Mongolia,MNG,2021-05-03,v8,TRUE
2021-06-07,Rt,1.24,1.29,1.34,1.34,1.39,1.43,Additional 50% Reduction,Mongolia,MNG,2021-05-03,v8,TRUE
2021-06-07,Reff,1.04,1.06,1.1,1.1,1.13,1.16,Additional 50% Reduction,Mongolia,MNG,2021-05-03,v8,TRUE
2021-06-07,deaths,4.47,5.98,7.66,7.66,9.34,10.85,Maintain Status Quo,Mongolia,MNG,2021-05-03,v8,TRUE
2021-06-07,hospital_demand,225.15,307.1,398.16,398.16,489.22,571.17,Maintain Status Quo,Mongolia,MNG,2021-05-03,v8,TRUE
2021-06-07,ICU_demand,81.64,109.72,140.93,140.93,172.14,200.22,Maintain Status Quo,Mongolia,MNG,2021-05-03,v8,TRUE
2021-06-07,infections,4007.65,5696.63,7573.27,7573.27,9449.91,11138.89,Maintain Status Quo,Mongolia,MNG,2021-05-03,v8,TRUE
2021-06-07,prevalence,27217.57,38665.91,51386.28,51386.28,64106.66,75555,Maintain Status Quo,Mongolia,MNG,2021-05-03,v8,TRUE
2021-06-07,cumulative_infections,233047.02,285026.67,342781.85,342781.85,400537.02,452516.67,Maintain Status Quo,Mongolia,MNG,2021-05-03,v8,TRUE
2021-06-07,cumulative_deaths,297.58,337.18,381.18,381.18,425.19,464.79,Maintain Status Quo,Mongolia,MNG,2021-05-03,v8,TRUE
2021-06-07,Rt,1.24,1.29,1.34,1.34,1.39,1.43,Maintain Status Quo,Mongolia,MNG,2021-05-03,v8,TRUE
2021-06-07,Reff,0.99,0.99,1,1,1.01,1.01,Maintain Status Quo,Mongolia,MNG,2021-05-03,v8,TRUE
2021-06-07,deaths,16.99,29.6,43.6,43.6,57.61,70.21,Relax Interventions 50%,Mongolia,MNG,2021-05-03,v8,TRUE
2021-06-07,hospital_demand,971.27,1251.08,1561.99,1561.99,1872.89,2152.71,Relax Interventions 50%,Mongolia,MNG,2021-05-03,v8,TRUE
2021-06-07,ICU_demand,309.47,339.26,372.35,372.35,405.44,435.23,Relax Interventions 50%,Mongolia,MNG,2021-05-03,v8,TRUE
2021-06-07,infections,26885.68,32032.28,37750.74,37750.74,43469.19,48615.8,Relax Interventions 50%,Mongolia,MNG,2021-05-03,v8,TRUE
2021-06-07,prevalence,182238.5,216480.76,254527.73,254527.73,292574.7,326816.96,Relax Interventions 50%,Mongolia,MNG,2021-05-03,v8,TRUE
2021-06-07,cumulative_infections,566716.92,702556.74,853489.88,853489.88,1004423.01,1140262.83,Relax Interventions 50%,Mongolia,MNG,2021-05-03,v8,TRUE
2021-06-07,cumulative_deaths,421.48,566.52,727.68,727.68,888.85,1033.89,Relax Interventions 50%,Mongolia,MNG,2021-05-03,v8,TRUE
2021-06-07,Rt,1.24,1.29,1.34,1.34,1.39,1.43,Relax Interventions 50%,Mongolia,MNG,2021-05-03,v8,TRUE
2021-06-07,Reff,0.63,0.67,0.71,0.71,0.76,0.8,Relax Interventions 50%,Mongolia,MNG,2021-05-03,v8,TRUE
2021-06-07,deaths,1.02,1.29,1.59,1.59,1.89,2.16,Surged Additional 50% Reduction,Mongolia,MNG,2021-05-03,v8,TRUE
2021-06-07,hospital_demand,35.25,45.88,57.68,57.68,69.49,80.12,Surged Additional 50% Reduction,Mongolia,MNG,2021-05-03,v8,TRUE
2021-06-07,ICU_demand,17.99,22.66,27.85,27.85,33.04,37.71,Surged Additional 50% Reduction,Mongolia,MNG,2021-05-03,v8,TRUE
2021-06-07,infections,175.32,254,341.42,341.42,428.83,507.51,Surged Additional 50% Reduction,Mongolia,MNG,2021-05-03,v8,TRUE
2021-06-07,prevalence,1234.36,1777.68,2381.37,2381.37,2985.05,3528.38,Surged Additional 50% Reduction,Mongolia,MNG,2021-05-03,v8,TRUE
2021-06-07,cumulative_infections,136701.79,154770.38,174846.58,174846.58,194922.79,212991.38,Surged Additional 50% Reduction,Mongolia,MNG,2021-05-03,v8,TRUE
2021-06-07,cumulative_deaths,247.33,271.19,297.71,297.71,324.22,348.09,Surged Additional 50% Reduction,Mongolia,MNG,2021-05-03,v8,TRUE
2021-06-07,Rt,1.24,1.29,1.34,1.34,1.39,1.43,Surged Additional 50% Reduction,Mongolia,MNG,2021-05-03,v8,TRUE
2021-06-07,Reff,0.97,1,1.03,1.03,1.06,1.08,Surged Additional 50% Reduction,Mongolia,MNG,2021-05-03,v8,TRUE
2021-06-07,deaths,4.47,5.98,7.66,7.66,9.34,10.85,Surged Maintain Status Quo,Mongolia,MNG,2021-05-03,v8,TRUE
2021-06-07,hospital_demand,225.15,307.1,398.16,398.16,489.22,571.17,Surged Maintain Status Quo,Mongolia,MNG,2021-05-03,v8,TRUE
2021-06-07,ICU_demand,81.64,109.72,140.93,140.93,172.14,200.22,Surged Maintain Status Quo,Mongolia,MNG,2021-05-03,v8,TRUE
2021-06-07,infections,4007.65,5696.63,7573.27,7573.27,9449.91,11138.89,Surged Maintain Status Quo,Mongolia,MNG,2021-05-03,v8,TRUE
2021-06-07,prevalence,27217.57,38665.91,51386.28,51386.28,64106.66,75555,Surged Maintain Status Quo,Mongolia,MNG,2021-05-03,v8,TRUE
2021-06-07,cumulative_infections,233047.02,285026.67,342781.85,342781.85,400537.02,452516.67,Surged Maintain Status Quo,Mongolia,MNG,2021-05-03,v8,TRUE
2021-06-07,cumulative_deaths,297.58,337.18,381.18,381.18,425.19,464.79,Surged Maintain Status Quo,Mongolia,MNG,2021-05-03,v8,TRUE
2021-06-07,Rt,1.24,1.29,1.34,1.34,1.39,1.43,Surged Maintain Status Quo,Mongolia,MNG,2021-05-03,v8,TRUE
2021-06-07,Reff,0.92,0.92,0.93,0.93,0.93,0.93,Surged Maintain Status Quo,Mongolia,MNG,2021-05-03,v8,TRUE
2021-06-07,deaths,16.15,21.11,26.64,26.64,32.16,37.13,Surged Relax Interventions 50%,Mongolia,MNG,2021-05-03,v8,TRUE
2021-06-07,hospital_demand,971.73,1255.74,1571.31,1571.31,1886.88,2170.89,Surged Relax Interventions 50%,Mongolia,MNG,2021-05-03,v8,TRUE
2021-06-07,ICU_demand,316.56,410.12,514.07,514.07,618.03,711.59,Surged Relax Interventions 50%,Mongolia,MNG,2021-05-03,v8,TRUE
2021-06-07,infections,26885.67,32032.21,37750.58,37750.58,43468.96,48615.5,Surged Relax Interventions 50%,Mongolia,MNG,2021-05-03,v8,TRUE
2021-06-07,prevalence,182245.98,216555.65,254677.51,254677.51,292799.36,327109.03,Surged Relax Interventions 50%,Mongolia,MNG,2021-05-03,v8,TRUE
2021-06-07,cumulative_infections,566716.91,702556.64,853489.67,853489.67,1004422.71,1140262.44,Surged Relax Interventions 50%,Mongolia,MNG,2021-05-03,v8,TRUE
2021-06-07,cumulative_deaths,413.65,488.22,571.09,571.09,653.95,728.53,Surged Relax Interventions 50%,Mongolia,MNG,2021-05-03,v8,TRUE
2021-06-07,Rt,1.24,1.29,1.34,1.34,1.39,1.43,Surged Relax Interventions 50%,Mongolia,MNG,2021-05-03,v8,TRUE
2021-06-07,Reff,0.55,0.59,0.64,0.64,0.69,0.73,Surged Relax Interventions 50%,Mongolia,MNG,2021-05-03,v8,TRUE
2021-06-08,deaths,0.94,1.19,1.48,1.48,1.76,2.02,Additional 50% Reduction,Mongolia,MNG,2021-05-03,v8,TRUE
2021-06-08,hospital_demand,32.43,42.42,53.53,53.53,64.64,74.63,Additional 50% Reduction,Mongolia,MNG,2021-05-03,v8,TRUE
2021-06-08,ICU_demand,16.69,21.11,26.02,26.02,30.93,35.35,Additional 50% Reduction,Mongolia,MNG,2021-05-03,v8,TRUE
2021-06-08,infections,160.81,234.44,316.25,316.25,398.05,471.68,Additional 50% Reduction,Mongolia,MNG,2021-05-03,v8,TRUE
2021-06-08,prevalence,1132.47,1641.04,2206.13,2206.13,2771.21,3279.78,Additional 50% Reduction,Mongolia,MNG,2021-05-03,v8,TRUE
2021-06-08,cumulative_infections,136862.6,155004.81,175162.83,175162.83,195320.84,213463.06,Additional 50% Reduction,Mongolia,MNG,2021-05-03,v8,TRUE
2021-06-08,cumulative_deaths,248.26,272.38,299.18,299.18,325.98,350.1,Additional 50% Reduction,Mongolia,MNG,2021-05-03,v8,TRUE
2021-06-08,Rt,1.24,1.29,1.34,1.34,1.39,1.43,Additional 50% Reduction,Mongolia,MNG,2021-05-03,v8,TRUE
2021-06-08,Reff,1.04,1.06,1.1,1.1,1.13,1.16,Additional 50% Reduction,Mongolia,MNG,2021-05-03,v8,TRUE
2021-06-08,deaths,4.46,6,7.72,7.72,9.43,10.98,Maintain Status Quo,Mongolia,MNG,2021-05-03,v8,TRUE
2021-06-08,hospital_demand,225.31,308.73,401.41,401.41,494.1,577.51,Maintain Status Quo,Mongolia,MNG,2021-05-03,v8,TRUE
2021-06-08,ICU_demand,81.64,110.28,142.1,142.1,173.92,202.56,Maintain Status Quo,Mongolia,MNG,2021-05-03,v8,TRUE
2021-06-08,infections,4003.81,5702.1,7589.08,7589.08,9476.06,11174.35,Maintain Status Quo,Mongolia,MNG,2021-05-03,v8,TRUE
2021-06-08,prevalence,27191.02,38702.1,51492.19,51492.19,64282.28,75793.36,Maintain Status Quo,Mongolia,MNG,2021-05-03,v8,TRUE
2021-06-08,cumulative_infections,237050.83,290728.77,350370.93,350370.93,410013.08,463691.02,Maintain Status Quo,Mongolia,MNG,2021-05-03,v8,TRUE
2021-06-08,cumulative_deaths,302.04,343.18,388.9,388.9,434.62,475.77,Maintain Status Quo,Mongolia,MNG,2021-05-03,v8,TRUE
2021-06-08,Rt,1.24,1.29,1.34,1.34,1.39,1.43,Maintain Status Quo,Mongolia,MNG,2021-05-03,v8,TRUE
2021-06-08,Reff,0.98,0.99,0.99,0.99,1,1.01,Maintain Status Quo,Mongolia,MNG,2021-05-03,v8,TRUE
2021-06-08,deaths,17.84,30.7,44.98,44.98,59.26,72.11,Relax Interventions 50%,Mongolia,MNG,2021-05-03,v8,TRUE
2021-06-08,hospital_demand,1018.41,1304.48,1622.34,1622.34,1940.19,2226.26,Relax Interventions 50%,Mongolia,MNG,2021-05-03,v8,TRUE
2021-06-08,ICU_demand,324.59,351.35,381.07,381.07,410.8,437.55,Relax Interventions 50%,Mongolia,MNG,2021-05-03,v8,TRUE
2021-06-08,infections,27639.83,32498.25,37896.5,37896.5,43294.74,48153.16,Relax Interventions 50%,Mongolia,MNG,2021-05-03,v8,TRUE
2021-06-08,prevalence,187270.84,219567.23,255452.1,255452.1,291336.98,323633.37,Relax Interventions 50%,Mongolia,MNG,2021-05-03,v8,TRUE
2021-06-08,cumulative_infections,594356.75,735054.99,891386.37,891386.37,1047717.76,1188416,Relax Interventions 50%,Mongolia,MNG,2021-05-03,v8,TRUE
2021-06-08,cumulative_deaths,439.32,597.22,772.66,772.66,948.1,1106,Relax Interventions 50%,Mongolia,MNG,2021-05-03,v8,TRUE
2021-06-08,Rt,1.24,1.29,1.34,1.34,1.39,1.43,Relax Interventions 50%,Mongolia,MNG,2021-05-03,v8,TRUE
2021-06-08,Reff,0.61,0.65,0.7,0.7,0.75,0.79,Relax Interventions 50%,Mongolia,MNG,2021-05-03,v8,TRUE
2021-06-08,deaths,0.94,1.19,1.48,1.48,1.76,2.02,Surged Additional 50% Reduction,Mongolia,MNG,2021-05-03,v8,TRUE
2021-06-08,hospital_demand,32.43,42.42,53.53,53.53,64.64,74.63,Surged Additional 50% Reduction,Mongolia,MNG,2021-05-03,v8,TRUE
2021-06-08,ICU_demand,16.69,21.11,26.02,26.02,30.93,35.35,Surged Additional 50% Reduction,Mongolia,MNG,2021-05-03,v8,TRUE
2021-06-08,infections,160.81,234.44,316.25,316.25,398.05,471.68,Surged Additional 50% Reduction,Mongolia,MNG,2021-05-03,v8,TRUE
2021-06-08,prevalence,1132.47,1641.04,2206.13,2206.13,2771.21,3279.78,Surged Additional 50% Reduction,Mongolia,MNG,2021-05-03,v8,TRUE
2021-06-08,cumulative_infections,136862.6,155004.81,175162.83,175162.83,195320.84,213463.06,Surged Additional 50% Reduction,Mongolia,MNG,2021-05-03,v8,TRUE
2021-06-08,cumulative_deaths,248.26,272.38,299.18,299.18,325.98,350.1,Surged Additional 50% Reduction,Mongolia,MNG,2021-05-03,v8,TRUE
2021-06-08,Rt,1.24,1.29,1.34,1.34,1.39,1.43,Surged Additional 50% Reduction,Mongolia,MNG,2021-05-03,v8,TRUE
2021-06-08,Reff,0.97,1,1.03,1.03,1.06,1.08,Surged Additional 50% Reduction,Mongolia,MNG,2021-05-03,v8,TRUE
2021-06-08,deaths,4.46,6,7.72,7.72,9.43,10.98,Surged Maintain Status Quo,Mongolia,MNG,2021-05-03,v8,TRUE
2021-06-08,hospital_demand,225.31,308.73,401.41,401.41,494.1,577.51,Surged Maintain Status Quo,Mongolia,MNG,2021-05-03,v8,TRUE
2021-06-08,ICU_demand,81.64,110.28,142.1,142.1,173.92,202.56,Surged Maintain Status Quo,Mongolia,MNG,2021-05-03,v8,TRUE
2021-06-08,infections,4003.81,5702.1,7589.08,7589.08,9476.06,11174.35,Surged Maintain Status Quo,Mongolia,MNG,2021-05-03,v8,TRUE
2021-06-08,prevalence,27191.02,38702.1,51492.19,51492.19,64282.28,75793.36,Surged Maintain Status Quo,Mongolia,MNG,2021-05-03,v8,TRUE
2021-06-08,cumulative_infections,237050.83,290728.77,350370.93,350370.93,410013.08,463691.02,Surged Maintain Status Quo,Mongolia,MNG,2021-05-03,v8,TRUE
2021-06-08,cumulative_deaths,302.04,343.18,388.9,388.9,434.62,475.77,Surged Maintain Status Quo,Mongolia,MNG,2021-05-03,v8,TRUE
2021-06-08,Rt,1.24,1.29,1.34,1.34,1.39,1.43,Surged Maintain Status Quo,Mongolia,MNG,2021-05-03,v8,TRUE
2021-06-08,Reff,0.92,0.92,0.92,0.92,0.93,0.93,Surged Maintain Status Quo,Mongolia,MNG,2021-05-03,v8,TRUE
2021-06-08,deaths,16.99,22.17,27.93,27.93,33.68,38.86,Surged Relax Interventions 50%,Mongolia,MNG,2021-05-03,v8,TRUE
2021-06-08,hospital_demand,1018.95,1309.91,1633.19,1633.19,1956.48,2247.43,Surged Relax Interventions 50%,Mongolia,MNG,2021-05-03,v8,TRUE
2021-06-08,ICU_demand,332.34,428.88,536.13,536.13,643.39,739.92,Surged Relax Interventions 50%,Mongolia,MNG,2021-05-03,v8,TRUE
2021-06-08,infections,27639.82,32498.14,37896.27,37896.27,43294.41,48152.73,Surged Relax Interventions 50%,Mongolia,MNG,2021-05-03,v8,TRUE
2021-06-08,prevalence,187279.05,219649.31,255616.28,255616.28,291583.24,323953.5,Surged Relax Interventions 50%,Mongolia,MNG,2021-05-03,v8,TRUE
2021-06-08,cumulative_infections,594356.73,735054.78,891385.95,891385.95,1047717.11,1188415.17,Surged Relax Interventions 50%,Mongolia,MNG,2021-05-03,v8,TRUE
2021-06-08,cumulative_deaths,430.64,510.39,599.01,599.01,687.63,767.39,Surged Relax Interventions 50%,Mongolia,MNG,2021-05-03,v8,TRUE
2021-06-08,Rt,1.24,1.29,1.34,1.34,1.39,1.43,Surged Relax Interventions 50%,Mongolia,MNG,2021-05-03,v8,TRUE
2021-06-08,Reff,0.53,0.58,0.63,0.63,0.67,0.72,Surged Relax Interventions 50%,Mongolia,MNG,2021-05-03,v8,TRUE
2021-06-09,deaths,0.86,1.1,1.37,1.37,1.64,1.88,Additional 50% Reduction,Mongolia,MNG,2021-05-03,v8,TRUE
2021-06-09,hospital_demand,29.83,39.22,49.67,49.67,60.11,69.51,Additional 50% Reduction,Mongolia,MNG,2021-05-03,v8,TRUE
2021-06-09,ICU_demand,15.48,19.66,24.3,24.3,28.95,33.13,Additional 50% Reduction,Mongolia,MNG,2021-05-03,v8,TRUE
2021-06-09,infections,147.51,216.4,292.94,292.94,369.49,438.38,Additional 50% Reduction,Mongolia,MNG,2021-05-03,v8,TRUE
2021-06-09,prevalence,1039.01,1514.98,2043.83,2043.83,2572.69,3048.66,Additional 50% Reduction,Mongolia,MNG,2021-05-03,v8,TRUE
2021-06-09,cumulative_infections,137010.11,155221.21,175455.77,175455.77,195690.33,213901.44,Additional 50% Reduction,Mongolia,MNG,2021-05-03,v8,TRUE
2021-06-09,cumulative_deaths,249.12,273.48,300.55,300.55,327.62,351.98,Additional 50% Reduction,Mongolia,MNG,2021-05-03,v8,TRUE
2021-06-09,Rt,1.24,1.29,1.34,1.34,1.39,1.43,Additional 50% Reduction,Mongolia,MNG,2021-05-03,v8,TRUE
2021-06-09,Reff,1.04,1.07,1.1,1.1,1.13,1.16,Additional 50% Reduction,Mongolia,MNG,2021-05-03,v8,TRUE
2021-06-09,deaths,4.46,6.03,7.78,7.78,9.53,11.1,Maintain Status Quo,Mongolia,MNG,2021-05-03,v8,TRUE
2021-06-09,hospital_demand,225.46,310.29,404.54,404.54,498.79,583.62,Maintain Status Quo,Mongolia,MNG,2021-05-03,v8,TRUE
2021-06-09,ICU_demand,81.65,110.83,143.24,143.24,175.66,204.84,Maintain Status Quo,Mongolia,MNG,2021-05-03,v8,TRUE
2021-06-09,infections,3998.84,5704.53,7599.74,7599.74,9494.95,11200.64,Maintain Status Quo,Mongolia,MNG,2021-05-03,v8,TRUE
2021-06-09,prevalence,27156.87,38717.8,51563.28,51563.28,64408.76,75969.69,Maintain Status Quo,Mongolia,MNG,2021-05-03,v8,TRUE
2021-06-09,cumulative_infections,241049.67,296433.3,357970.66,357970.66,419508.03,474891.66,Maintain Status Quo,Mongolia,MNG,2021-05-03,v8,TRUE
2021-06-09,cumulative_deaths,306.5,349.22,396.68,396.68,444.15,486.87,Maintain Status Quo,Mongolia,MNG,2021-05-03,v8,TRUE
2021-06-09,Rt,1.24,1.29,1.34,1.34,1.39,1.43,Maintain Status Quo,Mongolia,MNG,2021-05-03,v8,TRUE
2021-06-09,Reff,0.98,0.99,0.99,0.99,1,1,Maintain Status Quo,Mongolia,MNG,2021-05-03,v8,TRUE
2021-06-09,deaths,18.71,31.74,46.21,46.21,60.69,73.71,Relax Interventions 50%,Mongolia,MNG,2021-05-03,v8,TRUE
2021-06-09,hospital_demand,1066.14,1356.94,1680.06,1680.06,2003.17,2293.97,Relax Interventions 50%,Mongolia,MNG,2021-05-03,v8,TRUE
2021-06-09,ICU_demand,340.06,363.61,389.78,389.78,415.96,439.51,Relax Interventions 50%,Mongolia,MNG,2021-05-03,v8,TRUE
2021-06-09,infections,28344.01,32875.94,37911.42,37911.42,42946.89,47478.82,Relax Interventions 50%,Mongolia,MNG,2021-05-03,v8,TRUE
2021-06-09,prevalence,191963.64,222067.26,255515.72,255515.72,288964.19,319067.81,Relax Interventions 50%,Mongolia,MNG,2021-05-03,v8,TRUE
2021-06-09,cumulative_infections,622700.76,767930.93,929297.79,929297.79,1090664.65,1235894.82,Relax Interventions 50%,Mongolia,MNG,2021-05-03,v8,TRUE
2021-06-09,cumulative_deaths,458.03,628.96,818.87,818.87,1008.79,1179.71,Relax Interventions 50%,Mongolia,MNG,2021-05-03,v8,TRUE
2021-06-09,Rt,1.24,1.29,1.34,1.34,1.39,1.43,Relax Interventions 50%,Mongolia,MNG,2021-05-03,v8,TRUE
2021-06-09,Reff,0.59,0.64,0.68,0.68,0.73,0.77,Relax Interventions 50%,Mongolia,MNG,2021-05-03,v8,TRUE
2021-06-09,deaths,0.86,1.1,1.37,1.37,1.64,1.88,Surged Additional 50% Reduction,Mongolia,MNG,2021-05-03,v8,TRUE
2021-06-09,hospital_demand,29.83,39.22,49.67,49.67,60.11,69.51,Surged Additional 50% Reduction,Mongolia,MNG,2021-05-03,v8,TRUE
2021-06-09,ICU_demand,15.48,19.66,24.3,24.3,28.95,33.13,Surged Additional 50% Reduction,Mongolia,MNG,2021-05-03,v8,TRUE
2021-06-09,infections,147.51,216.4,292.94,292.94,369.49,438.38,Surged Additional 50% Reduction,Mongolia,MNG,2021-05-03,v8,TRUE
2021-06-09,prevalence,1039.01,1514.98,2043.83,2043.83,2572.69,3048.66,Surged Additional 50% Reduction,Mongolia,MNG,2021-05-03,v8,TRUE
2021-06-09,cumulative_infections,137010.11,155221.21,175455.77,175455.77,195690.33,213901.44,Surged Additional 50% Reduction,Mongolia,MNG,2021-05-03,v8,TRUE
2021-06-09,cumulative_deaths,249.12,273.48,300.55,300.55,327.62,351.98,Surged Additional 50% Reduction,Mongolia,MNG,2021-05-03,v8,TRUE
2021-06-09,Rt,1.24,1.29,1.34,1.34,1.39,1.43,Surged Additional 50% Reduction,Mongolia,MNG,2021-05-03,v8,TRUE
2021-06-09,Reff,0.97,1,1.03,1.03,1.06,1.08,Surged Additional 50% Reduction,Mongolia,MNG,2021-05-03,v8,TRUE
2021-06-09,deaths,4.46,6.03,7.78,7.78,9.53,11.1,Surged Maintain Status Quo,Mongolia,MNG,2021-05-03,v8,TRUE
2021-06-09,hospital_demand,225.46,310.29,404.54,404.54,498.79,583.62,Surged Maintain Status Quo,Mongolia,MNG,2021-05-03,v8,TRUE
2021-06-09,ICU_demand,81.65,110.83,143.24,143.24,175.66,204.84,Surged Maintain Status Quo,Mongolia,MNG,2021-05-03,v8,TRUE
2021-06-09,infections,3998.84,5704.53,7599.74,7599.74,9494.95,11200.64,Surged Maintain Status Quo,Mongolia,MNG,2021-05-03,v8,TRUE
2021-06-09,prevalence,27156.87,38717.8,51563.28,51563.28,64408.76,75969.69,Surged Maintain Status Quo,Mongolia,MNG,2021-05-03,v8,TRUE
2021-06-09,cumulative_infections,241049.67,296433.3,357970.66,357970.66,419508.03,474891.66,Surged Maintain Status Quo,Mongolia,MNG,2021-05-03,v8,TRUE
2021-06-09,cumulative_deaths,306.5,349.22,396.68,396.68,444.15,486.87,Surged Maintain Status Quo,Mongolia,MNG,2021-05-03,v8,TRUE
2021-06-09,Rt,1.24,1.29,1.34,1.34,1.39,1.43,Surged Maintain Status Quo,Mongolia,MNG,2021-05-03,v8,TRUE
2021-06-09,Reff,0.92,0.92,0.92,0.92,0.92,0.92,Surged Maintain Status Quo,Mongolia,MNG,2021-05-03,v8,TRUE
2021-06-09,deaths,17.86,23.24,29.2,29.2,35.17,40.55,Surged Relax Interventions 50%,Mongolia,MNG,2021-05-03,v8,TRUE
2021-06-09,hospital_demand,1066.77,1363.16,1692.48,1692.48,2021.81,2318.2,Surged Relax Interventions 50%,Mongolia,MNG,2021-05-03,v8,TRUE
2021-06-09,ICU_demand,348.45,447.55,557.65,557.65,667.76,766.86,Surged Relax Interventions 50%,Mongolia,MNG,2021-05-03,v8,TRUE
2021-06-09,infections,28343.99,32875.78,37911.09,37911.09,42946.41,47478.19,Surged Relax Interventions 50%,Mongolia,MNG,2021-05-03,v8,TRUE
2021-06-09,prevalence,191972.55,222156.36,255693.94,255693.94,289231.51,319415.32,Surged Relax Interventions 50%,Mongolia,MNG,2021-05-03,v8,TRUE
2021-06-09,cumulative_infections,622700.72,767930.56,929297.04,929297.04,1090663.52,1235893.36,Surged Relax Interventions 50%,Mongolia,MNG,2021-05-03,v8,TRUE
2021-06-09,cumulative_deaths,448.5,533.63,628.22,628.22,722.81,807.93,Surged Relax Interventions 50%,Mongolia,MNG,2021-05-03,v8,TRUE
2021-06-09,Rt,1.24,1.29,1.34,1.34,1.39,1.43,Surged Relax Interventions 50%,Mongolia,MNG,2021-05-03,v8,TRUE
2021-06-09,Reff,0.52,0.56,0.61,0.61,0.66,0.71,Surged Relax Interventions 50%,Mongolia,MNG,2021-05-03,v8,TRUE
2021-06-10,deaths,0.79,1.02,1.27,1.27,1.52,1.75,Additional 50% Reduction,Mongolia,MNG,2021-05-03,v8,TRUE
2021-06-10,hospital_demand,27.43,36.26,46.08,46.08,55.89,64.73,Additional 50% Reduction,Mongolia,MNG,2021-05-03,v8,TRUE
2021-06-10,ICU_demand,14.34,18.29,22.68,22.68,27.08,31.03,Additional 50% Reduction,Mongolia,MNG,2021-05-03,v8,TRUE
2021-06-10,infections,135.3,199.75,271.37,271.37,342.98,407.43,Additional 50% Reduction,Mongolia,MNG,2021-05-03,v8,TRUE
2021-06-10,prevalence,953.26,1398.65,1893.53,1893.53,2388.4,2833.79,Additional 50% Reduction,Mongolia,MNG,2021-05-03,v8,TRUE
2021-06-10,cumulative_infections,137145.41,155420.97,175727.14,175727.14,196033.31,214308.87,Additional 50% Reduction,Mongolia,MNG,2021-05-03,v8,TRUE
2021-06-10,cumulative_deaths,249.92,274.5,301.82,301.82,329.14,353.73,Additional 50% Reduction,Mongolia,MNG,2021-05-03,v8,TRUE
2021-06-10,Rt,1.24,1.29,1.34,1.34,1.39,1.43,Additional 50% Reduction,Mongolia,MNG,2021-05-03,v8,TRUE
2021-06-10,Reff,1.04,1.07,1.1,1.1,1.13,1.16,Additional 50% Reduction,Mongolia,MNG,2021-05-03,v8,TRUE
2021-06-10,deaths,4.46,6.06,7.84,7.84,9.62,11.22,Maintain Status Quo,Mongolia,MNG,2021-05-03,v8,TRUE
2021-06-10,hospital_demand,225.59,311.77,407.52,407.52,503.27,589.45,Maintain Status Quo,Mongolia,MNG,2021-05-03,v8,TRUE
2021-06-10,ICU_demand,81.66,111.36,144.35,144.35,177.35,207.04,Maintain Status Quo,Mongolia,MNG,2021-05-03,v8,TRUE
2021-06-10,infections,3992.73,5703.89,7605.18,7605.18,9506.46,11217.62,Maintain Status Quo,Mongolia,MNG,2021-05-03,v8,TRUE
2021-06-10,prevalence,27115.01,38712.85,51599.34,51599.34,64485.83,76083.68,Maintain Status Quo,Mongolia,MNG,2021-05-03,v8,TRUE
2021-06-10,cumulative_infections,245042.4,302137.19,365575.84,365575.84,429014.49,486109.28,Maintain Status Quo,Mongolia,MNG,2021-05-03,v8,TRUE
2021-06-10,cumulative_deaths,310.95,355.28,404.52,404.52,453.77,498.1,Maintain Status Quo,Mongolia,MNG,2021-05-03,v8,TRUE
2021-06-10,Rt,1.24,1.29,1.34,1.34,1.39,1.43,Maintain Status Quo,Mongolia,MNG,2021-05-03,v8,TRUE
2021-06-10,Reff,0.98,0.98,0.99,0.99,0.99,1,Maintain Status Quo,Mongolia,MNG,2021-05-03,v8,TRUE
2021-06-10,deaths,19.6,32.72,47.3,47.3,61.87,75,Relax Interventions 50%,Mongolia,MNG,2021-05-03,v8,TRUE
2021-06-10,hospital_demand,1114.26,1408.12,1734.64,1734.64,2061.15,2355.01,Relax Interventions 50%,Mongolia,MNG,2021-05-03,v8,TRUE
2021-06-10,ICU_demand,355.81,376.01,398.45,398.45,420.89,441.08,Relax Interventions 50%,Mongolia,MNG,2021-05-03,v8,TRUE
2021-06-10,infections,28991.96,33163.84,37799.26,37799.26,42434.68,46606.56,Relax Interventions 50%,Mongolia,MNG,2021-05-03,v8,TRUE
2021-06-10,prevalence,196276.19,223971.69,254744.47,254744.47,285517.24,313212.75,Relax Interventions 50%,Mongolia,MNG,2021-05-03,v8,TRUE
2021-06-10,cumulative_infections,651692.72,801094.77,967097.05,967097.05,1133099.33,1282501.38,Relax Interventions 50%,Mongolia,MNG,2021-05-03,v8,TRUE
2021-06-10,cumulative_deaths,477.63,661.67,866.17,866.17,1070.66,1254.71,Relax Interventions 50%,Mongolia,MNG,2021-05-03,v8,TRUE
2021-06-10,Rt,1.24,1.29,1.34,1.34,1.39,1.43,Relax Interventions 50%,Mongolia,MNG,2021-05-03,v8,TRUE
2021-06-10,Reff,0.58,0.62,0.67,0.67,0.72,0.76,Relax Interventions 50%,Mongolia,MNG,2021-05-03,v8,TRUE
2021-06-10,deaths,0.79,1.02,1.27,1.27,1.52,1.75,Surged Additional 50% Reduction,Mongolia,MNG,2021-05-03,v8,TRUE
2021-06-10,hospital_demand,27.43,36.26,46.08,46.08,55.89,64.73,Surged Additional 50% Reduction,Mongolia,MNG,2021-05-03,v8,TRUE
2021-06-10,ICU_demand,14.34,18.29,22.68,22.68,27.08,31.03,Surged Additional 50% Reduction,Mongolia,MNG,2021-05-03,v8,TRUE
2021-06-10,infections,135.3,199.75,271.37,271.37,342.98,407.43,Surged Additional 50% Reduction,Mongolia,MNG,2021-05-03,v8,TRUE
2021-06-10,prevalence,953.26,1398.65,1893.53,1893.53,2388.4,2833.79,Surged Additional 50% Reduction,Mongolia,MNG,2021-05-03,v8,TRUE
2021-06-10,cumulative_infections,137145.41,155420.97,175727.14,175727.14,196033.31,214308.87,Surged Additional 50% Reduction,Mongolia,MNG,2021-05-03,v8,TRUE
2021-06-10,cumulative_deaths,249.92,274.5,301.82,301.82,329.14,353.73,Surged Additional 50% Reduction,Mongolia,MNG,2021-05-03,v8,TRUE
2021-06-10,Rt,1.24,1.29,1.34,1.34,1.39,1.43,Surged Additional 50% Reduction,Mongolia,MNG,2021-05-03,v8,TRUE
2021-06-10,Reff,0.97,1,1.03,1.03,1.06,1.08,Surged Additional 50% Reduction,Mongolia,MNG,2021-05-03,v8,TRUE
2021-06-10,deaths,4.46,6.06,7.84,7.84,9.62,11.22,Surged Maintain Status Quo,Mongolia,MNG,2021-05-03,v8,TRUE
2021-06-10,hospital_demand,225.59,311.77,407.52,407.52,503.27,589.45,Surged Maintain Status Quo,Mongolia,MNG,2021-05-03,v8,TRUE
2021-06-10,ICU_demand,81.66,111.36,144.35,144.35,177.35,207.04,Surged Maintain Status Quo,Mongolia,MNG,2021-05-03,v8,TRUE
2021-06-10,infections,3992.73,5703.89,7605.18,7605.18,9506.46,11217.62,Surged Maintain Status Quo,Mongolia,MNG,2021-05-03,v8,TRUE
2021-06-10,prevalence,27115.01,38712.85,51599.34,51599.34,64485.83,76083.68,Surged Maintain Status Quo,Mongolia,MNG,2021-05-03,v8,TRUE
2021-06-10,cumulative_infections,245042.4,302137.19,365575.84,365575.84,429014.49,486109.28,Surged Maintain Status Quo,Mongolia,MNG,2021-05-03,v8,TRUE
2021-06-10,cumulative_deaths,310.95,355.28,404.52,404.52,453.77,498.1,Surged Maintain Status Quo,Mongolia,MNG,2021-05-03,v8,TRUE
2021-06-10,Rt,1.24,1.29,1.34,1.34,1.39,1.43,Surged Maintain Status Quo,Mongolia,MNG,2021-05-03,v8,TRUE
2021-06-10,Reff,0.92,0.92,0.92,0.92,0.92,0.92,Surged Maintain Status Quo,Mongolia,MNG,2021-05-03,v8,TRUE
2021-06-10,deaths,18.75,24.3,30.47,30.47,36.63,42.18,Surged Relax Interventions 50%,Mongolia,MNG,2021-05-03,v8,TRUE
2021-06-10,hospital_demand,1114.96,1415.13,1748.66,1748.66,2082.18,2382.35,Surged Relax Interventions 50%,Mongolia,MNG,2021-05-03,v8,TRUE
2021-06-10,ICU_demand,364.81,466.02,578.47,578.47,690.91,792.12,Surged Relax Interventions 50%,Mongolia,MNG,2021-05-03,v8,TRUE
2021-06-10,infections,28991.94,33163.68,37798.95,37798.95,42434.22,46605.96,Surged Relax Interventions 50%,Mongolia,MNG,2021-05-03,v8,TRUE
2021-06-10,prevalence,196285.36,224067.51,254936.56,254936.56,285805.61,313587.75,Surged Relax Interventions 50%,Mongolia,MNG,2021-05-03,v8,TRUE
2021-06-10,cumulative_infections,651692.66,801094.24,967095.99,967095.99,1133097.74,1282499.32,Surged Relax Interventions 50%,Mongolia,MNG,2021-05-03,v8,TRUE
2021-06-10,cumulative_deaths,467.26,557.93,658.68,658.68,759.43,850.11,Surged Relax Interventions 50%,Mongolia,MNG,2021-05-03,v8,TRUE
2021-06-10,Rt,1.24,1.29,1.34,1.34,1.39,1.43,Surged Relax Interventions 50%,Mongolia,MNG,2021-05-03,v8,TRUE
2021-06-10,Reff,0.5,0.55,0.6,0.6,0.65,0.69,Surged Relax Interventions 50%,Mongolia,MNG,2021-05-03,v8,TRUE
2021-06-11,deaths,0.73,0.94,1.18,1.18,1.42,1.63,Additional 50% Reduction,Mongolia,MNG,2021-05-03,v8,TRUE
2021-06-11,hospital_demand,25.22,33.52,42.74,42.74,51.96,60.26,Additional 50% Reduction,Mongolia,MNG,2021-05-03,v8,TRUE
2021-06-11,ICU_demand,13.28,17.02,21.16,21.16,25.31,29.05,Additional 50% Reduction,Mongolia,MNG,2021-05-03,v8,TRUE
2021-06-11,infections,124.11,184.4,251.39,251.39,318.38,378.67,Additional 50% Reduction,Mongolia,MNG,2021-05-03,v8,TRUE
2021-06-11,prevalence,874.61,1291.32,1754.33,1754.33,2217.34,2634.05,Additional 50% Reduction,Mongolia,MNG,2021-05-03,v8,TRUE
2021-06-11,cumulative_infections,137269.52,155605.37,175978.53,175978.53,196351.69,214687.53,Additional 50% Reduction,Mongolia,MNG,2021-05-03,v8,TRUE
2021-06-11,cumulative_deaths,250.64,275.45,303,303,330.56,355.36,Additional 50% Reduction,Mongolia,MNG,2021-05-03,v8,TRUE
2021-06-11,Rt,1.24,1.29,1.34,1.34,1.39,1.43,Additional 50% Reduction,Mongolia,MNG,2021-05-03,v8,TRUE
2021-06-11,Reff,1.04,1.07,1.1,1.1,1.13,1.16,Additional 50% Reduction,Mongolia,MNG,2021-05-03,v8,TRUE
2021-06-11,deaths,4.45,6.09,7.9,7.9,9.71,11.35,Maintain Status Quo,Mongolia,MNG,2021-05-03,v8,TRUE
2021-06-11,hospital_demand,225.7,313.17,410.35,410.35,507.53,594.99,Maintain Status Quo,Mongolia,MNG,2021-05-03,v8,TRUE
2021-06-11,ICU_demand,81.67,111.87,145.42,145.42,178.98,209.18,Maintain Status Quo,Mongolia,MNG,2021-05-03,v8,TRUE
2021-06-11,infections,3985.48,5700.18,7605.41,7605.41,9510.63,11225.33,Maintain Status Quo,Mongolia,MNG,2021-05-03,v8,TRUE
2021-06-11,prevalence,27065.61,38687.41,51600.52,51600.52,64513.63,76135.43,Maintain Status Quo,Mongolia,MNG,2021-05-03,v8,TRUE
2021-06-11,cumulative_infections,249027.88,307837.37,373181.24,373181.24,438525.12,497334.61,Maintain Status Quo,Mongolia,MNG,2021-05-03,v8,TRUE
2021-06-11,cumulative_deaths,315.41,361.36,412.42,412.42,463.49,509.44,Maintain Status Quo,Mongolia,MNG,2021-05-03,v8,TRUE
2021-06-11,Rt,1.24,1.29,1.34,1.34,1.39,1.43,Maintain Status Quo,Mongolia,MNG,2021-05-03,v8,TRUE
2021-06-11,Reff,0.98,0.98,0.98,0.98,0.99,0.99,Maintain Status Quo,Mongolia,MNG,2021-05-03,v8,TRUE
2021-06-11,deaths,20.53,33.65,48.24,48.24,62.82,75.94,Relax Interventions 50%,Mongolia,MNG,2021-05-03,v8,TRUE
2021-06-11,hospital_demand,1162.52,1457.66,1785.59,1785.59,2113.52,2408.66,Relax Interventions 50%,Mongolia,MNG,2021-05-03,v8,TRUE
2021-06-11,ICU_demand,371.76,388.46,407,407,425.55,442.24,Relax Interventions 50%,Mongolia,MNG,2021-05-03,v8,TRUE
2021-06-11,infections,29578.13,33361.77,37565.81,37565.81,41769.86,45553.5,Relax Interventions 50%,Mongolia,MNG,2021-05-03,v8,TRUE
2021-06-11,prevalence,200172.19,225279.45,253176.41,253176.41,281073.37,306180.63,Relax Interventions 50%,Mongolia,MNG,2021-05-03,v8,TRUE
2021-06-11,cumulative_infections,681270.85,834456.54,1004662.86,1004662.86,1174869.19,1328054.88,Relax Interventions 50%,Mongolia,MNG,2021-05-03,v8,TRUE
2021-06-11,cumulative_deaths,498.16,695.33,914.41,914.41,1133.48,1330.65,Relax Interventions 50%,Mongolia,MNG,2021-05-03,v8,TRUE
2021-06-11,Rt,1.24,1.29,1.34,1.34,1.39,1.43,Relax Interventions 50%,Mongolia,MNG,2021-05-03,v8,TRUE
2021-06-11,Reff,0.56,0.6,0.65,0.65,0.7,0.75,Relax Interventions 50%,Mongolia,MNG,2021-05-03,v8,TRUE
2021-06-11,deaths,0.73,0.94,1.18,1.18,1.42,1.63,Surged Additional 50% Reduction,Mongolia,MNG,2021-05-03,v8,TRUE
2021-06-11,hospital_demand,25.22,33.52,42.74,42.74,51.96,60.26,Surged Additional 50% Reduction,Mongolia,MNG,2021-05-03,v8,TRUE
2021-06-11,ICU_demand,13.28,17.02,21.16,21.16,25.31,29.05,Surged Additional 50% Reduction,Mongolia,MNG,2021-05-03,v8,TRUE
2021-06-11,infections,124.11,184.4,251.39,251.39,318.38,378.67,Surged Additional 50% Reduction,Mongolia,MNG,2021-05-03,v8,TRUE
2021-06-11,prevalence,874.61,1291.32,1754.33,1754.33,2217.34,2634.05,Surged Additional 50% Reduction,Mongolia,MNG,2021-05-03,v8,TRUE
2021-06-11,cumulative_infections,137269.52,155605.37,175978.53,175978.53,196351.69,214687.53,Surged Additional 50% Reduction,Mongolia,MNG,2021-05-03,v8,TRUE
2021-06-11,cumulative_deaths,250.64,275.45,303,303,330.56,355.36,Surged Additional 50% Reduction,Mongolia,MNG,2021-05-03,v8,TRUE
2021-06-11,Rt,1.24,1.29,1.34,1.34,1.39,1.43,Surged Additional 50% Reduction,Mongolia,MNG,2021-05-03,v8,TRUE
2021-06-11,Reff,0.97,1,1.03,1.03,1.06,1.08,Surged Additional 50% Reduction,Mongolia,MNG,2021-05-03,v8,TRUE
2021-06-11,deaths,4.45,6.09,7.9,7.9,9.71,11.35,Surged Maintain Status Quo,Mongolia,MNG,2021-05-03,v8,TRUE
2021-06-11,hospital_demand,225.7,313.17,410.35,410.35,507.53,594.99,Surged Maintain Status Quo,Mongolia,MNG,2021-05-03,v8,TRUE
2021-06-11,ICU_demand,81.67,111.87,145.42,145.42,178.98,209.18,Surged Maintain Status Quo,Mongolia,MNG,2021-05-03,v8,TRUE
2021-06-11,infections,3985.48,5700.18,7605.41,7605.41,9510.63,11225.33,Surged Maintain Status Quo,Mongolia,MNG,2021-05-03,v8,TRUE
2021-06-11,prevalence,27065.61,38687.41,51600.52,51600.52,64513.63,76135.43,Surged Maintain Status Quo,Mongolia,MNG,2021-05-03,v8,TRUE
2021-06-11,cumulative_infections,249027.88,307837.37,373181.24,373181.24,438525.12,497334.61,Surged Maintain Status Quo,Mongolia,MNG,2021-05-03,v8,TRUE
2021-06-11,cumulative_deaths,315.41,361.36,412.42,412.42,463.49,509.44,Surged Maintain Status Quo,Mongolia,MNG,2021-05-03,v8,TRUE
2021-06-11,Rt,1.24,1.29,1.34,1.34,1.39,1.43,Surged Maintain Status Quo,Mongolia,MNG,2021-05-03,v8,TRUE
2021-06-11,Reff,0.91,0.91,0.91,0.91,0.91,0.91,Surged Maintain Status Quo,Mongolia,MNG,2021-05-03,v8,TRUE
2021-06-11,deaths,19.67,25.36,31.7,31.7,38.03,43.73,Surged Relax Interventions 50%,Mongolia,MNG,2021-05-03,v8,TRUE
2021-06-11,hospital_demand,1163.31,1465.47,1801.21,1801.21,2136.95,2439.11,Surged Relax Interventions 50%,Mongolia,MNG,2021-05-03,v8,TRUE
2021-06-11,ICU_demand,381.37,484.17,598.4,598.4,712.63,815.43,Surged Relax Interventions 50%,Mongolia,MNG,2021-05-03,v8,TRUE
2021-06-11,infections,29578.03,33361.58,37565.53,37565.53,41769.47,45553.02,Surged Relax Interventions 50%,Mongolia,MNG,2021-05-03,v8,TRUE
2021-06-11,prevalence,200181.88,225381.73,253381.57,253381.57,281381.41,306581.27,Surged Relax Interventions 50%,Mongolia,MNG,2021-05-03,v8,TRUE
2021-06-11,cumulative_infections,681270.7,834455.82,1004661.52,1004661.52,1174867.21,1328052.34,Surged Relax Interventions 50%,Mongolia,MNG,2021-05-03,v8,TRUE
2021-06-11,cumulative_deaths,486.92,583.3,690.38,690.38,797.46,893.84,Surged Relax Interventions 50%,Mongolia,MNG,2021-05-03,v8,TRUE
2021-06-11,Rt,1.24,1.29,1.34,1.34,1.39,1.43,Surged Relax Interventions 50%,Mongolia,MNG,2021-05-03,v8,TRUE
2021-06-11,Reff,0.48,0.53,0.58,0.58,0.63,0.68,Surged Relax Interventions 50%,Mongolia,MNG,2021-05-03,v8,TRUE
2021-06-12,deaths,0.67,0.87,1.09,1.09,1.32,1.52,Additional 50% Reduction,Mongolia,MNG,2021-05-03,v8,TRUE
2021-06-12,hospital_demand,23.18,30.98,39.64,39.64,48.3,56.1,Additional 50% Reduction,Mongolia,MNG,2021-05-03,v8,TRUE
2021-06-12,ICU_demand,12.3,15.82,19.74,19.74,23.66,27.18,Additional 50% Reduction,Mongolia,MNG,2021-05-03,v8,TRUE
2021-06-12,infections,113.85,170.24,232.89,232.89,295.54,351.93,Additional 50% Reduction,Mongolia,MNG,2021-05-03,v8,TRUE
2021-06-12,prevalence,802.45,1192.28,1625.41,1625.41,2058.55,2448.38,Additional 50% Reduction,Mongolia,MNG,2021-05-03,v8,TRUE
2021-06-12,cumulative_infections,137383.38,155775.61,176211.42,176211.42,196647.23,215039.46,Additional 50% Reduction,Mongolia,MNG,2021-05-03,v8,TRUE
2021-06-12,cumulative_deaths,251.31,276.32,304.1,304.1,331.88,356.88,Additional 50% Reduction,Mongolia,MNG,2021-05-03,v8,TRUE
2021-06-12,Rt,1.24,1.29,1.34,1.34,1.39,1.43,Additional 50% Reduction,Mongolia,MNG,2021-05-03,v8,TRUE
2021-06-12,Reff,1.04,1.07,1.1,1.1,1.13,1.16,Additional 50% Reduction,Mongolia,MNG,2021-05-03,v8,TRUE
2021-06-12,deaths,4.45,6.11,7.96,7.96,9.8,11.46,Maintain Status Quo,Mongolia,MNG,2021-05-03,v8,TRUE
2021-06-12,hospital_demand,225.79,314.47,413.01,413.01,511.55,600.23,Maintain Status Quo,Mongolia,MNG,2021-05-03,v8,TRUE
2021-06-12,ICU_demand,81.68,112.36,146.45,146.45,180.54,211.22,Maintain Status Quo,Mongolia,MNG,2021-05-03,v8,TRUE
2021-06-12,infections,3977.12,5693.44,7600.45,7600.45,9507.47,11223.78,Maintain Status Quo,Mongolia,MNG,2021-05-03,v8,TRUE
2021-06-12,prevalence,27008.8,38641.56,51566.85,51566.85,64492.14,76124.9,Maintain Status Quo,Mongolia,MNG,2021-05-03,v8,TRUE
2021-06-12,cumulative_infections,253005,313530.81,380781.7,380781.7,448032.59,508558.39,Maintain Status Quo,Mongolia,MNG,2021-05-03,v8,TRUE
2021-06-12,cumulative_deaths,319.86,367.48,420.38,420.38,473.29,520.9,Maintain Status Quo,Mongolia,MNG,2021-05-03,v8,TRUE
2021-06-12,Rt,1.24,1.29,1.34,1.34,1.39,1.43,Maintain Status Quo,Mongolia,MNG,2021-05-03,v8,TRUE
2021-06-12,Reff,0.98,0.98,0.98,0.98,0.98,0.99,Maintain Status Quo,Mongolia,MNG,2021-05-03,v8,TRUE
2021-06-12,deaths,24.03,36.48,50.32,50.32,64.15,76.61,Relax Interventions 50%,Mongolia,MNG,2021-05-03,v8,TRUE
2021-06-12,hospital_demand,1210.67,1505.21,1832.47,1832.47,2159.73,2454.27,Relax Interventions 50%,Mongolia,MNG,2021-05-03,v8,TRUE
2021-06-12,ICU_demand,385.29,398.94,414.11,414.11,429.27,442.92,Relax Interventions 50%,Mongolia,MNG,2021-05-03,v8,TRUE
2021-06-12,infections,30097.26,33470.26,37218.03,37218.03,40965.81,44338.8,Relax Interventions 50%,Mongolia,MNG,2021-05-03,v8,TRUE
2021-06-12,prevalence,203614.83,225991.97,250855.44,250855.44,275718.92,298096.06,Relax Interventions 50%,Mongolia,MNG,2021-05-03,v8,TRUE
2021-06-12,cumulative_infections,711368.11,867926.8,1041880.9,1041880.9,1215835,1372393.68,Relax Interventions 50%,Mongolia,MNG,2021-05-03,v8,TRUE
2021-06-12,cumulative_deaths,522.19,731.81,964.72,964.72,1197.63,1407.26,Relax Interventions 50%,Mongolia,MNG,2021-05-03,v8,TRUE
2021-06-12,Rt,1.24,1.29,1.34,1.34,1.39,1.43,Relax Interventions 50%,Mongolia,MNG,2021-05-03,v8,TRUE
2021-06-12,Reff,0.54,0.59,0.64,0.64,0.69,0.74,Relax Interventions 50%,Mongolia,MNG,2021-05-03,v8,TRUE
2021-06-12,deaths,0.67,0.87,1.09,1.09,1.32,1.52,Surged Additional 50% Reduction,Mongolia,MNG,2021-05-03,v8,TRUE
2021-06-12,hospital_demand,23.18,30.98,39.64,39.64,48.3,56.1,Surged Additional 50% Reduction,Mongolia,MNG,2021-05-03,v8,TRUE
2021-06-12,ICU_demand,12.3,15.82,19.74,19.74,23.66,27.18,Surged Additional 50% Reduction,Mongolia,MNG,2021-05-03,v8,TRUE
2021-06-12,infections,113.85,170.24,232.89,232.89,295.54,351.93,Surged Additional 50% Reduction,Mongolia,MNG,2021-05-03,v8,TRUE
2021-06-12,prevalence,802.45,1192.28,1625.41,1625.41,2058.55,2448.38,Surged Additional 50% Reduction,Mongolia,MNG,2021-05-03,v8,TRUE
2021-06-12,cumulative_infections,137383.38,155775.61,176211.42,176211.42,196647.23,215039.46,Surged Additional 50% Reduction,Mongolia,MNG,2021-05-03,v8,TRUE
2021-06-12,cumulative_deaths,251.31,276.32,304.1,304.1,331.88,356.88,Surged Additional 50% Reduction,Mongolia,MNG,2021-05-03,v8,TRUE
2021-06-12,Rt,1.24,1.29,1.34,1.34,1.39,1.43,Surged Additional 50% Reduction,Mongolia,MNG,2021-05-03,v8,TRUE
2021-06-12,Reff,0.97,1,1.03,1.03,1.06,1.08,Surged Additional 50% Reduction,Mongolia,MNG,2021-05-03,v8,TRUE
2021-06-12,deaths,4.45,6.11,7.96,7.96,9.8,11.46,Surged Maintain Status Quo,Mongolia,MNG,2021-05-03,v8,TRUE
2021-06-12,hospital_demand,225.79,314.47,413.01,413.01,511.55,600.23,Surged Maintain Status Quo,Mongolia,MNG,2021-05-03,v8,TRUE
2021-06-12,ICU_demand,81.68,112.36,146.45,146.45,180.54,211.22,Surged Maintain Status Quo,Mongolia,MNG,2021-05-03,v8,TRUE
2021-06-12,infections,3977.12,5693.44,7600.45,7600.45,9507.47,11223.78,Surged Maintain Status Quo,Mongolia,MNG,2021-05-03,v8,TRUE
2021-06-12,prevalence,27008.8,38641.56,51566.85,51566.85,64492.14,76124.9,Surged Maintain Status Quo,Mongolia,MNG,2021-05-03,v8,TRUE
2021-06-12,cumulative_infections,253005,313530.81,380781.7,380781.7,448032.59,508558.39,Surged Maintain Status Quo,Mongolia,MNG,2021-05-03,v8,TRUE
2021-06-12,cumulative_deaths,319.86,367.48,420.38,420.38,473.29,520.9,Surged Maintain Status Quo,Mongolia,MNG,2021-05-03,v8,TRUE
2021-06-12,Rt,1.24,1.29,1.34,1.34,1.39,1.43,Surged Maintain Status Quo,Mongolia,MNG,2021-05-03,v8,TRUE
2021-06-12,Reff,0.91,0.91,0.91,0.91,0.91,0.91,Surged Maintain Status Quo,Mongolia,MNG,2021-05-03,v8,TRUE
2021-06-12,deaths,20.59,26.42,32.89,32.89,39.36,45.18,Surged Relax Interventions 50%,Mongolia,MNG,2021-05-03,v8,TRUE
2021-06-12,hospital_demand,1211.55,1513.82,1849.68,1849.68,2185.53,2487.8,Surged Relax Interventions 50%,Mongolia,MNG,2021-05-03,v8,TRUE
2021-06-12,ICU_demand,398.04,501.9,617.3,617.3,732.7,836.55,Surged Relax Interventions 50%,Mongolia,MNG,2021-05-03,v8,TRUE
2021-06-12,infections,30097.18,33470.09,37217.76,37217.76,40965.43,44338.33,Surged Relax Interventions 50%,Mongolia,MNG,2021-05-03,v8,TRUE
2021-06-12,prevalence,203627.82,226102.28,251073.9,251073.9,276045.51,298519.97,Surged Relax Interventions 50%,Mongolia,MNG,2021-05-03,v8,TRUE
2021-06-12,cumulative_infections,711367.88,867925.91,1041879.27,1041879.27,1215832.64,1372390.67,Surged Relax Interventions 50%,Mongolia,MNG,2021-05-03,v8,TRUE
2021-06-12,cumulative_deaths,507.51,609.71,723.27,723.27,836.82,939.02,Surged Relax Interventions 50%,Mongolia,MNG,2021-05-03,v8,TRUE
2021-06-12,Rt,1.24,1.29,1.34,1.34,1.39,1.43,Surged Relax Interventions 50%,Mongolia,MNG,2021-05-03,v8,TRUE
2021-06-12,Reff,0.47,0.52,0.57,0.57,0.62,0.67,Surged Relax Interventions 50%,Mongolia,MNG,2021-05-03,v8,TRUE
2021-06-13,deaths,0.62,0.8,1.01,1.01,1.22,1.41,Additional 50% Reduction,Mongolia,MNG,2021-05-03,v8,TRUE
2021-06-13,hospital_demand,21.3,28.63,36.76,36.76,44.89,52.22,Additional 50% Reduction,Mongolia,MNG,2021-05-03,v8,TRUE
2021-06-13,ICU_demand,11.38,14.71,18.4,18.4,22.1,25.43,Additional 50% Reduction,Mongolia,MNG,2021-05-03,v8,TRUE
2021-06-13,infections,104.44,157.17,215.76,215.76,274.36,327.09,Additional 50% Reduction,Mongolia,MNG,2021-05-03,v8,TRUE
2021-06-13,prevalence,736.26,1100.89,1506.03,1506.03,1911.17,2275.79,Additional 50% Reduction,Mongolia,MNG,2021-05-03,v8,TRUE
2021-06-13,cumulative_infections,137487.82,155932.78,176427.18,176427.18,196921.59,215366.55,Additional 50% Reduction,Mongolia,MNG,2021-05-03,v8,TRUE
2021-06-13,cumulative_deaths,251.93,277.12,305.11,305.11,333.1,358.29,Additional 50% Reduction,Mongolia,MNG,2021-05-03,v8,TRUE
2021-06-13,Rt,1.24,1.29,1.34,1.34,1.39,1.43,Additional 50% Reduction,Mongolia,MNG,2021-05-03,v8,TRUE
2021-06-13,Reff,1.04,1.07,1.1,1.1,1.13,1.16,Additional 50% Reduction,Mongolia,MNG,2021-05-03,v8,TRUE
2021-06-13,deaths,4.45,6.14,8.01,8.01,9.89,11.58,Maintain Status Quo,Mongolia,MNG,2021-05-03,v8,TRUE
2021-06-13,hospital_demand,225.85,315.68,415.49,415.49,515.3,605.13,Maintain Status Quo,Mongolia,MNG,2021-05-03,v8,TRUE
2021-06-13,ICU_demand,81.69,112.83,147.43,147.43,182.04,213.18,Maintain Status Quo,Mongolia,MNG,2021-05-03,v8,TRUE
2021-06-13,infections,3967.67,5683.67,7590.34,7590.34,9497.01,11213.01,Maintain Status Quo,Mongolia,MNG,2021-05-03,v8,TRUE
2021-06-13,prevalence,26944.68,38575.44,51498.51,51498.51,64421.58,76052.34,Maintain Status Quo,Mongolia,MNG,2021-05-03,v8,TRUE
2021-06-13,cumulative_infections,256972.67,319214.48,388372.04,388372.04,457529.6,519771.41,Maintain Status Quo,Mongolia,MNG,2021-05-03,v8,TRUE
2021-06-13,cumulative_deaths,324.31,373.62,428.4,428.4,483.18,532.48,Maintain Status Quo,Mongolia,MNG,2021-05-03,v8,TRUE
2021-06-13,Rt,1.24,1.29,1.34,1.34,1.39,1.43,Maintain Status Quo,Mongolia,MNG,2021-05-03,v8,TRUE
2021-06-13,Reff,0.98,0.98,0.98,0.98,0.98,0.98,Maintain Status Quo,Mongolia,MNG,2021-05-03,v8,TRUE
2021-06-13,deaths,30.6,41.59,53.8,53.8,66,76.99,Relax Interventions 50%,Mongolia,MNG,2021-05-03,v8,TRUE
2021-06-13,hospital_demand,1258.38,1550.39,1874.84,1874.84,2199.3,2491.3,Relax Interventions 50%,Mongolia,MNG,2021-05-03,v8,TRUE
2021-06-13,ICU_demand,393.31,405.09,418.17,418.17,431.26,443.04,Relax Interventions 50%,Mongolia,MNG,2021-05-03,v8,TRUE
2021-06-13,infections,30544.76,33490.73,36764.03,36764.03,40037.33,42983.3,Relax Interventions 50%,Mongolia,MNG,2021-05-03,v8,TRUE
2021-06-13,prevalence,206570.82,226115.83,247832.52,247832.52,269549.2,289094.22,Relax Interventions 50%,Mongolia,MNG,2021-05-03,v8,TRUE
2021-06-13,cumulative_infections,741912.87,901417.53,1078644.93,1078644.93,1255872.33,1415376.99,Relax Interventions 50%,Mongolia,MNG,2021-05-03,v8,TRUE
2021-06-13,cumulative_deaths,552.79,773.4,1018.52,1018.52,1263.64,1484.25,Relax Interventions 50%,Mongolia,MNG,2021-05-03,v8,TRUE
2021-06-13,Rt,1.24,1.29,1.34,1.34,1.39,1.43,Relax Interventions 50%,Mongolia,MNG,2021-05-03,v8,TRUE
2021-06-13,Reff,0.53,0.58,0.63,0.63,0.68,0.72,Relax Interventions 50%,Mongolia,MNG,2021-05-03,v8,TRUE
2021-06-13,deaths,0.62,0.8,1.01,1.01,1.22,1.41,Surged Additional 50% Reduction,Mongolia,MNG,2021-05-03,v8,TRUE
2021-06-13,hospital_demand,21.3,28.63,36.76,36.76,44.89,52.22,Surged Additional 50% Reduction,Mongolia,MNG,2021-05-03,v8,TRUE
2021-06-13,ICU_demand,11.38,14.71,18.4,18.4,22.1,25.43,Surged Additional 50% Reduction,Mongolia,MNG,2021-05-03,v8,TRUE
2021-06-13,infections,104.44,157.17,215.76,215.76,274.36,327.09,Surged Additional 50% Reduction,Mongolia,MNG,2021-05-03,v8,TRUE
2021-06-13,prevalence,736.26,1100.89,1506.03,1506.03,1911.17,2275.79,Surged Additional 50% Reduction,Mongolia,MNG,2021-05-03,v8,TRUE
2021-06-13,cumulative_infections,137487.82,155932.78,176427.18,176427.18,196921.59,215366.55,Surged Additional 50% Reduction,Mongolia,MNG,2021-05-03,v8,TRUE
2021-06-13,cumulative_deaths,251.93,277.12,305.11,305.11,333.1,358.29,Surged Additional 50% Reduction,Mongolia,MNG,2021-05-03,v8,TRUE
2021-06-13,Rt,1.24,1.29,1.34,1.34,1.39,1.43,Surged Additional 50% Reduction,Mongolia,MNG,2021-05-03,v8,TRUE
2021-06-13,Reff,0.97,1,1.03,1.03,1.06,1.08,Surged Additional 50% Reduction,Mongolia,MNG,2021-05-03,v8,TRUE
2021-06-13,deaths,4.45,6.14,8.01,8.01,9.89,11.58,Surged Maintain Status Quo,Mongolia,MNG,2021-05-03,v8,TRUE
2021-06-13,hospital_demand,225.85,315.68,415.49,415.49,515.3,605.13,Surged Maintain Status Quo,Mongolia,MNG,2021-05-03,v8,TRUE
2021-06-13,ICU_demand,81.69,112.83,147.43,147.43,182.04,213.18,Surged Maintain Status Quo,Mongolia,MNG,2021-05-03,v8,TRUE
2021-06-13,infections,3967.67,5683.67,7590.34,7590.34,9497.01,11213.01,Surged Maintain Status Quo,Mongolia,MNG,2021-05-03,v8,TRUE
2021-06-13,prevalence,26944.68,38575.44,51498.51,51498.51,64421.58,76052.34,Surged Maintain Status Quo,Mongolia,MNG,2021-05-03,v8,TRUE
2021-06-13,cumulative_infections,256972.67,319214.48,388372.04,388372.04,457529.6,519771.41,Surged Maintain Status Quo,Mongolia,MNG,2021-05-03,v8,TRUE
2021-06-13,cumulative_deaths,324.31,373.62,428.4,428.4,483.18,532.48,Surged Maintain Status Quo,Mongolia,MNG,2021-05-03,v8,TRUE
2021-06-13,Rt,1.24,1.29,1.34,1.34,1.39,1.43,Surged Maintain Status Quo,Mongolia,MNG,2021-05-03,v8,TRUE
2021-06-13,Reff,0.9,0.9,0.91,0.91,0.91,0.91,Surged Maintain Status Quo,Mongolia,MNG,2021-05-03,v8,TRUE
2021-06-13,deaths,21.53,27.45,34.03,34.03,40.61,46.53,Surged Relax Interventions 50%,Mongolia,MNG,2021-05-03,v8,TRUE
2021-06-13,hospital_demand,1259.43,1559.85,1893.65,1893.65,2227.45,2527.86,Surged Relax Interventions 50%,Mongolia,MNG,2021-05-03,v8,TRUE
2021-06-13,ICU_demand,414.75,519.08,635.01,635.01,750.93,855.26,Surged Relax Interventions 50%,Mongolia,MNG,2021-05-03,v8,TRUE
2021-06-13,infections,30544.62,33490.51,36763.72,36763.72,40036.93,42982.82,Surged Relax Interventions 50%,Mongolia,MNG,2021-05-03,v8,TRUE
2021-06-13,prevalence,206592.43,226237.82,248066.02,248066.02,269894.23,289539.61,Surged Relax Interventions 50%,Mongolia,MNG,2021-05-03,v8,TRUE
2021-06-13,cumulative_infections,741912.51,901416.42,1078643,1078643,1255869.57,1415373.49,Surged Relax Interventions 50%,Mongolia,MNG,2021-05-03,v8,TRUE
2021-06-13,cumulative_deaths,529.05,637.17,757.3,757.3,877.43,985.55,Surged Relax Interventions 50%,Mongolia,MNG,2021-05-03,v8,TRUE
2021-06-13,Rt,1.24,1.29,1.34,1.34,1.39,1.43,Surged Relax Interventions 50%,Mongolia,MNG,2021-05-03,v8,TRUE
2021-06-13,Reff,0.45,0.5,0.55,0.55,0.61,0.66,Surged Relax Interventions 50%,Mongolia,MNG,2021-05-03,v8,TRUE
2021-06-14,deaths,0.57,0.74,0.94,0.94,1.14,1.31,Additional 50% Reduction,Mongolia,MNG,2021-05-03,v8,TRUE
2021-06-14,hospital_demand,19.58,26.45,34.09,34.09,41.72,48.6,Additional 50% Reduction,Mongolia,MNG,2021-05-03,v8,TRUE
2021-06-14,ICU_demand,10.52,13.66,17.15,17.15,20.64,23.78,Additional 50% Reduction,Mongolia,MNG,2021-05-03,v8,TRUE
2021-06-14,infections,95.81,145.12,199.91,199.91,254.69,304,Additional 50% Reduction,Mongolia,MNG,2021-05-03,v8,TRUE
2021-06-14,prevalence,675.54,1016.55,1395.46,1395.46,1774.36,2115.37,Additional 50% Reduction,Mongolia,MNG,2021-05-03,v8,TRUE
2021-06-14,cumulative_infections,137583.63,156077.9,176627.09,176627.09,197176.28,215670.55,Additional 50% Reduction,Mongolia,MNG,2021-05-03,v8,TRUE
2021-06-14,cumulative_deaths,252.5,277.86,306.05,306.05,334.24,359.61,Additional 50% Reduction,Mongolia,MNG,2021-05-03,v8,TRUE
2021-06-14,Rt,1.24,1.29,1.34,1.34,1.39,1.43,Additional 50% Reduction,Mongolia,MNG,2021-05-03,v8,TRUE
2021-06-14,Reff,1.04,1.07,1.1,1.1,1.13,1.16,Additional 50% Reduction,Mongolia,MNG,2021-05-03,v8,TRUE
2021-06-14,deaths,4.45,6.17,8.07,8.07,9.97,11.69,Maintain Status Quo,Mongolia,MNG,2021-05-03,v8,TRUE
2021-06-14,hospital_demand,225.88,316.79,417.79,417.79,518.79,609.69,Maintain Status Quo,Mongolia,MNG,2021-05-03,v8,TRUE
2021-06-14,ICU_demand,81.69,113.27,148.36,148.36,183.46,215.04,Maintain Status Quo,Mongolia,MNG,2021-05-03,v8,TRUE
2021-06-14,infections,3957.15,5670.92,7575.12,7575.12,9479.32,11193.1,Maintain Status Quo,Mongolia,MNG,2021-05-03,v8,TRUE
2021-06-14,prevalence,26873.33,38489.24,51395.8,51395.8,64302.35,75918.26,Maintain Status Quo,Mongolia,MNG,2021-05-03,v8,TRUE
2021-06-14,cumulative_infections,260929.82,324885.4,395947.16,395947.16,467008.92,530964.51,Maintain Status Quo,Mongolia,MNG,2021-05-03,v8,TRUE
2021-06-14,cumulative_deaths,328.77,379.78,436.47,436.47,493.15,544.17,Maintain Status Quo,Mongolia,MNG,2021-05-03,v8,TRUE
2021-06-14,Rt,1.24,1.29,1.34,1.34,1.39,1.43,Maintain Status Quo,Mongolia,MNG,2021-05-03,v8,TRUE
2021-06-14,Reff,0.97,0.97,0.97,0.97,0.98,0.98,Maintain Status Quo,Mongolia,MNG,2021-05-03,v8,TRUE
2021-06-14,deaths,35.44,45.28,56.21,56.21,67.13,76.97,Relax Interventions 50%,Mongolia,MNG,2021-05-03,v8,TRUE
2021-06-14,hospital_demand,1305.31,1592.85,1912.33,1912.33,2231.82,2519.36,Relax Interventions 50%,Mongolia,MNG,2021-05-03,v8,TRUE
2021-06-14,ICU_demand,397.53,408.22,420.09,420.09,431.96,442.64,Relax Interventions 50%,Mongolia,MNG,2021-05-03,v8,TRUE
2021-06-14,infections,30916.49,33425.2,36212.65,36212.65,39000.1,41508.81,Relax Interventions 50%,Mongolia,MNG,2021-05-03,v8,TRUE
2021-06-14,prevalence,209014.96,225665.01,244165.06,244165.06,262665.11,279315.16,Relax Interventions 50%,Mongolia,MNG,2021-05-03,v8,TRUE
2021-06-14,cumulative_infections,772829.36,934842.73,1114857.58,1114857.58,1294872.43,1456885.79,Relax Interventions 50%,Mongolia,MNG,2021-05-03,v8,TRUE
2021-06-14,cumulative_deaths,588.23,818.67,1074.72,1074.72,1330.77,1561.22,Relax Interventions 50%,Mongolia,MNG,2021-05-03,v8,TRUE
2021-06-14,Rt,1.24,1.29,1.34,1.34,1.39,1.43,Relax Interventions 50%,Mongolia,MNG,2021-05-03,v8,TRUE
2021-06-14,Reff,0.52,0.56,0.61,0.61,0.67,0.71,Relax Interventions 50%,Mongolia,MNG,2021-05-03,v8,TRUE
2021-06-14,deaths,0.57,0.74,0.94,0.94,1.14,1.31,Surged Additional 50% Reduction,Mongolia,MNG,2021-05-03,v8,TRUE
2021-06-14,hospital_demand,19.58,26.45,34.09,34.09,41.72,48.6,Surged Additional 50% Reduction,Mongolia,MNG,2021-05-03,v8,TRUE
2021-06-14,ICU_demand,10.52,13.66,17.15,17.15,20.64,23.78,Surged Additional 50% Reduction,Mongolia,MNG,2021-05-03,v8,TRUE
2021-06-14,infections,95.81,145.12,199.91,199.91,254.69,304,Surged Additional 50% Reduction,Mongolia,MNG,2021-05-03,v8,TRUE
2021-06-14,prevalence,675.54,1016.55,1395.46,1395.46,1774.36,2115.37,Surged Additional 50% Reduction,Mongolia,MNG,2021-05-03,v8,TRUE
2021-06-14,cumulative_infections,137583.63,156077.9,176627.09,176627.09,197176.28,215670.55,Surged Additional 50% Reduction,Mongolia,MNG,2021-05-03,v8,TRUE
2021-06-14,cumulative_deaths,252.5,277.86,306.05,306.05,334.24,359.61,Surged Additional 50% Reduction,Mongolia,MNG,2021-05-03,v8,TRUE
2021-06-14,Rt,1.24,1.29,1.34,1.34,1.39,1.43,Surged Additional 50% Reduction,Mongolia,MNG,2021-05-03,v8,TRUE
2021-06-14,Reff,0.97,1,1.03,1.03,1.06,1.08,Surged Additional 50% Reduction,Mongolia,MNG,2021-05-03,v8,TRUE
2021-06-14,deaths,4.45,6.17,8.07,8.07,9.97,11.69,Surged Maintain Status Quo,Mongolia,MNG,2021-05-03,v8,TRUE
2021-06-14,hospital_demand,225.88,316.79,417.79,417.79,518.79,609.69,Surged Maintain Status Quo,Mongolia,MNG,2021-05-03,v8,TRUE
2021-06-14,ICU_demand,81.69,113.27,148.36,148.36,183.46,215.04,Surged Maintain Status Quo,Mongolia,MNG,2021-05-03,v8,TRUE
2021-06-14,infections,3957.15,5670.92,7575.12,7575.12,9479.32,11193.1,Surged Maintain Status Quo,Mongolia,MNG,2021-05-03,v8,TRUE
2021-06-14,prevalence,26873.33,38489.24,51395.8,51395.8,64302.35,75918.26,Surged Maintain Status Quo,Mongolia,MNG,2021-05-03,v8,TRUE
2021-06-14,cumulative_infections,260929.82,324885.4,395947.16,395947.16,467008.92,530964.51,Surged Maintain Status Quo,Mongolia,MNG,2021-05-03,v8,TRUE
2021-06-14,cumulative_deaths,328.77,379.78,436.47,436.47,493.15,544.17,Surged Maintain Status Quo,Mongolia,MNG,2021-05-03,v8,TRUE
2021-06-14,Rt,1.24,1.29,1.34,1.34,1.39,1.43,Surged Maintain Status Quo,Mongolia,MNG,2021-05-03,v8,TRUE
2021-06-14,Reff,0.9,0.9,0.9,0.9,0.91,0.91,Surged Maintain Status Quo,Mongolia,MNG,2021-05-03,v8,TRUE
2021-06-14,deaths,22.48,28.46,35.12,35.12,41.77,47.75,Surged Relax Interventions 50%,Mongolia,MNG,2021-05-03,v8,TRUE
2021-06-14,hospital_demand,1306.68,1603.25,1932.77,1932.77,2262.28,2558.85,Surged Relax Interventions 50%,Mongolia,MNG,2021-05-03,v8,TRUE
2021-06-14,ICU_demand,431.42,535.61,651.39,651.39,767.16,871.35,Surged Relax Interventions 50%,Mongolia,MNG,2021-05-03,v8,TRUE
2021-06-14,infections,30916.35,33424.96,36212.31,36212.31,38999.66,41508.27,Surged Relax Interventions 50%,Mongolia,MNG,2021-05-03,v8,TRUE
2021-06-14,prevalence,209049.62,225801.57,244414.85,244414.85,263028.14,279780.09,Surged Relax Interventions 50%,Mongolia,MNG,2021-05-03,v8,TRUE
2021-06-14,cumulative_infections,772828.86,934841.38,1114855.31,1114855.31,1294869.23,1456881.76,Surged Relax Interventions 50%,Mongolia,MNG,2021-05-03,v8,TRUE
2021-06-14,cumulative_deaths,551.52,665.63,792.41,792.41,919.2,1033.31,Surged Relax Interventions 50%,Mongolia,MNG,2021-05-03,v8,TRUE
2021-06-14,Rt,1.24,1.29,1.34,1.34,1.39,1.43,Surged Relax Interventions 50%,Mongolia,MNG,2021-05-03,v8,TRUE
2021-06-14,Reff,0.44,0.49,0.54,0.54,0.6,0.64,Surged Relax Interventions 50%,Mongolia,MNG,2021-05-03,v8,TRUE
2021-06-15,deaths,0.52,0.69,0.87,0.87,1.06,1.22,Additional 50% Reduction,Mongolia,MNG,2021-05-03,v8,TRUE
2021-06-15,hospital_demand,17.99,24.44,31.61,31.61,38.78,45.23,Additional 50% Reduction,Mongolia,MNG,2021-05-03,v8,TRUE
2021-06-15,ICU_demand,9.73,12.69,15.98,15.98,19.27,22.23,Additional 50% Reduction,Mongolia,MNG,2021-05-03,v8,TRUE
2021-06-15,infections,87.9,134,185.22,185.22,236.44,282.54,Additional 50% Reduction,Mongolia,MNG,2021-05-03,v8,TRUE
2021-06-15,prevalence,619.85,938.73,1293.05,1293.05,1647.37,1966.26,Additional 50% Reduction,Mongolia,MNG,2021-05-03,v8,TRUE
2021-06-15,cumulative_infections,137671.52,156211.9,176812.31,176812.31,197412.73,215953.1,Additional 50% Reduction,Mongolia,MNG,2021-05-03,v8,TRUE
2021-06-15,cumulative_deaths,253.02,278.55,306.92,306.92,335.3,360.83,Additional 50% Reduction,Mongolia,MNG,2021-05-03,v8,TRUE
2021-06-15,Rt,1.24,1.29,1.34,1.34,1.39,1.43,Additional 50% Reduction,Mongolia,MNG,2021-05-03,v8,TRUE
2021-06-15,Reff,1.04,1.07,1.1,1.1,1.13,1.16,Additional 50% Reduction,Mongolia,MNG,2021-05-03,v8,TRUE
2021-06-15,deaths,4.45,6.19,8.12,8.12,10.05,11.79,Maintain Status Quo,Mongolia,MNG,2021-05-03,v8,TRUE
2021-06-15,hospital_demand,225.89,317.78,419.89,419.89,522,613.89,Maintain Status Quo,Mongolia,MNG,2021-05-03,v8,TRUE
2021-06-15,ICU_demand,81.68,113.68,149.24,149.24,184.79,216.79,Maintain Status Quo,Mongolia,MNG,2021-05-03,v8,TRUE
2021-06-15,infections,3945.56,5655.21,7554.83,7554.83,9454.45,11164.1,Maintain Status Quo,Mongolia,MNG,2021-05-03,v8,TRUE
2021-06-15,prevalence,26794.79,38383.05,51258.88,51258.88,64134.72,75722.97,Maintain Status Quo,Mongolia,MNG,2021-05-03,v8,TRUE
2021-06-15,cumulative_infections,264875.38,330540.62,403501.99,403501.99,476463.37,542128.61,Maintain Status Quo,Mongolia,MNG,2021-05-03,v8,TRUE
2021-06-15,cumulative_deaths,333.22,385.97,444.59,444.59,503.2,555.96,Maintain Status Quo,Mongolia,MNG,2021-05-03,v8,TRUE
2021-06-15,Rt,1.24,1.29,1.34,1.34,1.39,1.43,Maintain Status Quo,Mongolia,MNG,2021-05-03,v8,TRUE
2021-06-15,Reff,0.97,0.97,0.97,0.97,0.97,0.97,Maintain Status Quo,Mongolia,MNG,2021-05-03,v8,TRUE
2021-06-15,deaths,38.25,47.32,57.4,57.4,67.47,76.54,Relax Interventions 50%,Mongolia,MNG,2021-05-03,v8,TRUE
2021-06-15,hospital_demand,1351.13,1632.27,1944.64,1944.64,2257.02,2538.16,Relax Interventions 50%,Mongolia,MNG,2021-05-03,v8,TRUE
2021-06-15,ICU_demand,399.98,409.88,420.89,420.89,431.89,441.8,Relax Interventions 50%,Mongolia,MNG,2021-05-03,v8,TRUE
2021-06-15,infections,31209.1,33276.26,35573.1,35573.1,37869.95,39937.11,Relax Interventions 50%,Mongolia,MNG,2021-05-03,v8,TRUE
2021-06-15,prevalence,210929.21,224659.19,239914.72,239914.72,255170.25,268900.23,Relax Interventions 50%,Mongolia,MNG,2021-05-03,v8,TRUE
2021-06-15,cumulative_infections,804038.46,968118.98,1150430.68,1150430.68,1332742.38,1496822.91,Relax Interventions 50%,Mongolia,MNG,2021-05-03,v8,TRUE
2021-06-15,cumulative_deaths,626.48,865.99,1132.12,1132.12,1398.25,1637.76,Relax Interventions 50%,Mongolia,MNG,2021-05-03,v8,TRUE
2021-06-15,Rt,1.24,1.29,1.34,1.34,1.39,1.43,Relax Interventions 50%,Mongolia,MNG,2021-05-03,v8,TRUE
2021-06-15,Reff,0.5,0.55,0.6,0.6,0.65,0.7,Relax Interventions 50%,Mongolia,MNG,2021-05-03,v8,TRUE
2021-06-15,deaths,0.52,0.69,0.87,0.87,1.06,1.22,Surged Additional 50% Reduction,Mongolia,MNG,2021-05-03,v8,TRUE
2021-06-15,hospital_demand,17.99,24.44,31.61,31.61,38.78,45.23,Surged Additional 50% Reduction,Mongolia,MNG,2021-05-03,v8,TRUE
2021-06-15,ICU_demand,9.73,12.69,15.98,15.98,19.27,22.23,Surged Additional 50% Reduction,Mongolia,MNG,2021-05-03,v8,TRUE
2021-06-15,infections,87.9,134,185.22,185.22,236.44,282.54,Surged Additional 50% Reduction,Mongolia,MNG,2021-05-03,v8,TRUE
2021-06-15,prevalence,619.85,938.73,1293.05,1293.05,1647.37,1966.26,Surged Additional 50% Reduction,Mongolia,MNG,2021-05-03,v8,TRUE
2021-06-15,cumulative_infections,137671.52,156211.9,176812.31,176812.31,197412.73,215953.1,Surged Additional 50% Reduction,Mongolia,MNG,2021-05-03,v8,TRUE
2021-06-15,cumulative_deaths,253.02,278.55,306.92,306.92,335.3,360.83,Surged Additional 50% Reduction,Mongolia,MNG,2021-05-03,v8,TRUE
2021-06-15,Rt,1.24,1.29,1.34,1.34,1.39,1.43,Surged Additional 50% Reduction,Mongolia,MNG,2021-05-03,v8,TRUE
2021-06-15,Reff,0.98,1,1.03,1.03,1.06,1.08,Surged Additional 50% Reduction,Mongolia,MNG,2021-05-03,v8,TRUE
2021-06-15,deaths,4.45,6.19,8.12,8.12,10.05,11.79,Surged Maintain Status Quo,Mongolia,MNG,2021-05-03,v8,TRUE
2021-06-15,hospital_demand,225.89,317.78,419.89,419.89,522,613.89,Surged Maintain Status Quo,Mongolia,MNG,2021-05-03,v8,TRUE
2021-06-15,ICU_demand,81.68,113.68,149.24,149.24,184.79,216.79,Surged Maintain Status Quo,Mongolia,MNG,2021-05-03,v8,TRUE
2021-06-15,infections,3945.56,5655.21,7554.83,7554.83,9454.45,11164.1,Surged Maintain Status Quo,Mongolia,MNG,2021-05-03,v8,TRUE
2021-06-15,prevalence,26794.79,38383.05,51258.88,51258.88,64134.72,75722.97,Surged Maintain Status Quo,Mongolia,MNG,2021-05-03,v8,TRUE
2021-06-15,cumulative_infections,264875.38,330540.62,403501.99,403501.99,476463.37,542128.61,Surged Maintain Status Quo,Mongolia,MNG,2021-05-03,v8,TRUE
2021-06-15,cumulative_deaths,333.22,385.97,444.59,444.59,503.2,555.96,Surged Maintain Status Quo,Mongolia,MNG,2021-05-03,v8,TRUE
2021-06-15,Rt,1.24,1.29,1.34,1.34,1.39,1.43,Surged Maintain Status Quo,Mongolia,MNG,2021-05-03,v8,TRUE
2021-06-15,Reff,0.89,0.9,0.9,0.9,0.9,0.91,Surged Maintain Status Quo,Mongolia,MNG,2021-05-03,v8,TRUE
2021-06-15,deaths,23.43,29.44,36.13,36.13,42.82,48.84,Surged Relax Interventions 50%,Mongolia,MNG,2021-05-03,v8,TRUE
2021-06-15,hospital_demand,1353.01,1643.72,1966.73,1966.73,2289.74,2580.46,Surged Relax Interventions 50%,Mongolia,MNG,2021-05-03,v8,TRUE
2021-06-15,ICU_demand,447.96,551.39,666.32,666.32,781.25,884.68,Surged Relax Interventions 50%,Mongolia,MNG,2021-05-03,v8,TRUE
2021-06-15,infections,31209.01,33276.1,35572.87,35572.87,37869.63,39936.72,Surged Relax Interventions 50%,Mongolia,MNG,2021-05-03,v8,TRUE
2021-06-15,prevalence,210978.69,224811.38,240181.03,240181.03,255550.69,269383.38,Surged Relax Interventions 50%,Mongolia,MNG,2021-05-03,v8,TRUE
2021-06-15,cumulative_infections,804037.87,968117.49,1150428.17,1150428.17,1332738.86,1496818.48,Surged Relax Interventions 50%,Mongolia,MNG,2021-05-03,v8,TRUE
2021-06-15,cumulative_deaths,574.95,695.07,828.55,828.55,962.02,1082.14,Surged Relax Interventions 50%,Mongolia,MNG,2021-05-03,v8,TRUE
2021-06-15,Rt,1.24,1.29,1.34,1.34,1.39,1.43,Surged Relax Interventions 50%,Mongolia,MNG,2021-05-03,v8,TRUE
2021-06-15,Reff,0.43,0.48,0.53,0.53,0.58,0.63,Surged Relax Interventions 50%,Mongolia,MNG,2021-05-03,v8,TRUE
2021-06-16,deaths,0.48,0.63,0.81,0.81,0.98,1.14,Additional 50% Reduction,Mongolia,MNG,2021-05-03,v8,TRUE
2021-06-16,hospital_demand,16.53,22.58,29.31,29.31,36.03,42.09,Additional 50% Reduction,Mongolia,MNG,2021-05-03,v8,TRUE
2021-06-16,ICU_demand,8.99,11.78,14.88,14.88,17.98,20.77,Additional 50% Reduction,Mongolia,MNG,2021-05-03,v8,TRUE
2021-06-16,infections,80.64,123.74,171.62,171.62,219.51,262.6,Additional 50% Reduction,Mongolia,MNG,2021-05-03,v8,TRUE
2021-06-16,prevalence,568.75,866.92,1198.21,1198.21,1529.5,1827.66,Additional 50% Reduction,Mongolia,MNG,2021-05-03,v8,TRUE
2021-06-16,cumulative_infections,137752.16,156335.63,176983.93,176983.93,197632.23,216215.7,Additional 50% Reduction,Mongolia,MNG,2021-05-03,v8,TRUE
2021-06-16,cumulative_deaths,253.49,279.19,307.73,307.73,336.28,361.97,Additional 50% Reduction,Mongolia,MNG,2021-05-03,v8,TRUE
2021-06-16,Rt,1.24,1.29,1.34,1.34,1.39,1.43,Additional 50% Reduction,Mongolia,MNG,2021-05-03,v8,TRUE
2021-06-16,Reff,1.04,1.07,1.1,1.1,1.13,1.16,Additional 50% Reduction,Mongolia,MNG,2021-05-03,v8,TRUE
2021-06-16,deaths,4.45,6.21,8.17,8.17,10.13,11.89,Maintain Status Quo,Mongolia,MNG,2021-05-03,v8,TRUE
2021-06-16,hospital_demand,225.85,318.66,421.79,421.79,524.91,617.72,Maintain Status Quo,Mongolia,MNG,2021-05-03,v8,TRUE
2021-06-16,ICU_demand,81.68,114.07,150.06,150.06,186.04,218.44,Maintain Status Quo,Mongolia,MNG,2021-05-03,v8,TRUE
2021-06-16,infections,3932.91,5636.57,7529.53,7529.53,9422.48,11126.14,Maintain Status Quo,Mongolia,MNG,2021-05-03,v8,TRUE
2021-06-16,prevalence,26709.1,38257.09,51088.19,51088.19,63919.29,75467.28,Maintain Status Quo,Mongolia,MNG,2021-05-03,v8,TRUE
2021-06-16,cumulative_infections,268808.29,336177.19,411031.52,411031.52,485885.85,553254.75,Maintain Status Quo,Mongolia,MNG,2021-05-03,v8,TRUE
2021-06-16,cumulative_deaths,337.67,392.18,452.76,452.76,513.33,567.85,Maintain Status Quo,Mongolia,MNG,2021-05-03,v8,TRUE
2021-06-16,Rt,1.24,1.29,1.34,1.34,1.39,1.43,Maintain Status Quo,Mongolia,MNG,2021-05-03,v8,TRUE
2021-06-16,Reff,0.97,0.97,0.97,0.97,0.97,0.97,Maintain Status Quo,Mongolia,MNG,2021-05-03,v8,TRUE
2021-06-16,deaths,39.98,48.46,57.87,57.87,67.28,75.75,Relax Interventions 50%,Mongolia,MNG,2021-05-03,v8,TRUE
2021-06-16,hospital_demand,1395.53,1668.38,1971.54,1971.54,2274.71,2547.56,Relax Interventions 50%,Mongolia,MNG,2021-05-03,v8,TRUE
2021-06-16,ICU_demand,401.69,410.89,421.12,421.12,431.34,440.55,Relax Interventions 50%,Mongolia,MNG,2021-05-03,v8,TRUE
2021-06-16,infections,31420.22,33047.3,34855.18,34855.18,36663.05,38290.13,Relax Interventions 50%,Mongolia,MNG,2021-05-03,v8,TRUE
2021-06-16,prevalence,212298.65,223120.47,235144.71,235144.71,247168.95,257990.76,Relax Interventions 50%,Mongolia,MNG,2021-05-03,v8,TRUE
2021-06-16,cumulative_infections,835458.68,1001166.29,1185285.86,1185285.86,1369405.43,1535113.04,Relax Interventions 50%,Mongolia,MNG,2021-05-03,v8,TRUE
2021-06-16,cumulative_deaths,666.46,914.45,1189.99,1189.99,1465.53,1713.51,Relax Interventions 50%,Mongolia,MNG,2021-05-03,v8,TRUE
2021-06-16,Rt,1.24,1.29,1.34,1.34,1.39,1.43,Relax Interventions 50%,Mongolia,MNG,2021-05-03,v8,TRUE
2021-06-16,Reff,0.49,0.54,0.59,0.59,0.64,0.69,Relax Interventions 50%,Mongolia,MNG,2021-05-03,v8,TRUE
2021-06-16,deaths,0.48,0.63,0.81,0.81,0.98,1.14,Surged Additional 50% Reduction,Mongolia,MNG,2021-05-03,v8,TRUE
2021-06-16,hospital_demand,16.53,22.58,29.31,29.31,36.03,42.09,Surged Additional 50% Reduction,Mongolia,MNG,2021-05-03,v8,TRUE
2021-06-16,ICU_demand,8.99,11.78,14.88,14.88,17.98,20.77,Surged Additional 50% Reduction,Mongolia,MNG,2021-05-03,v8,TRUE
2021-06-16,infections,80.64,123.74,171.62,171.62,219.51,262.6,Surged Additional 50% Reduction,Mongolia,MNG,2021-05-03,v8,TRUE
2021-06-16,prevalence,568.75,866.92,1198.21,1198.21,1529.5,1827.66,Surged Additional 50% Reduction,Mongolia,MNG,2021-05-03,v8,TRUE
2021-06-16,cumulative_infections,137752.16,156335.63,176983.93,176983.93,197632.23,216215.7,Surged Additional 50% Reduction,Mongolia,MNG,2021-05-03,v8,TRUE
2021-06-16,cumulative_deaths,253.49,279.19,307.73,307.73,336.28,361.97,Surged Additional 50% Reduction,Mongolia,MNG,2021-05-03,v8,TRUE
2021-06-16,Rt,1.24,1.29,1.34,1.34,1.39,1.43,Surged Additional 50% Reduction,Mongolia,MNG,2021-05-03,v8,TRUE
2021-06-16,Reff,0.98,1,1.03,1.03,1.06,1.08,Surged Additional 50% Reduction,Mongolia,MNG,2021-05-03,v8,TRUE
2021-06-16,deaths,4.45,6.21,8.17,8.17,10.13,11.89,Surged Maintain Status Quo,Mongolia,MNG,2021-05-03,v8,TRUE
2021-06-16,hospital_demand,225.85,318.66,421.79,421.79,524.91,617.72,Surged Maintain Status Quo,Mongolia,MNG,2021-05-03,v8,TRUE
2021-06-16,ICU_demand,81.68,114.07,150.06,150.06,186.04,218.44,Surged Maintain Status Quo,Mongolia,MNG,2021-05-03,v8,TRUE
2021-06-16,infections,3932.91,5636.57,7529.53,7529.53,9422.48,11126.14,Surged Maintain Status Quo,Mongolia,MNG,2021-05-03,v8,TRUE
2021-06-16,prevalence,26709.1,38257.09,51088.19,51088.19,63919.29,75467.28,Surged Maintain Status Quo,Mongolia,MNG,2021-05-03,v8,TRUE
2021-06-16,cumulative_infections,268808.29,336177.19,411031.52,411031.52,485885.85,553254.75,Surged Maintain Status Quo,Mongolia,MNG,2021-05-03,v8,TRUE
2021-06-16,cumulative_deaths,337.67,392.18,452.76,452.76,513.33,567.85,Surged Maintain Status Quo,Mongolia,MNG,2021-05-03,v8,TRUE
2021-06-16,Rt,1.24,1.29,1.34,1.34,1.39,1.43,Surged Maintain Status Quo,Mongolia,MNG,2021-05-03,v8,TRUE
2021-06-16,Reff,0.89,0.89,0.9,0.9,0.9,0.91,Surged Maintain Status Quo,Mongolia,MNG,2021-05-03,v8,TRUE
2021-06-16,deaths,24.37,30.39,37.07,37.07,43.75,49.77,Surged Relax Interventions 50%,Mongolia,MNG,2021-05-03,v8,TRUE
2021-06-16,hospital_demand,1398.12,1681,1995.32,1995.32,2309.63,2592.52,Surged Relax Interventions 50%,Mongolia,MNG,2021-05-03,v8,TRUE
2021-06-16,ICU_demand,464.27,566.31,679.7,679.7,793.08,895.13,Surged Relax Interventions 50%,Mongolia,MNG,2021-05-03,v8,TRUE
2021-06-16,infections,31420.18,33047.23,34855.06,34855.06,36662.89,38289.94,Surged Relax Interventions 50%,Mongolia,MNG,2021-05-03,v8,TRUE
2021-06-16,prevalence,212363.04,223287.34,235425.46,235425.46,247563.57,258487.87,Surged Relax Interventions 50%,Mongolia,MNG,2021-05-03,v8,TRUE
2021-06-16,cumulative_infections,835458.04,1001164.71,1185283.23,1185283.23,1369401.75,1535108.41,Surged Relax Interventions 50%,Mongolia,MNG,2021-05-03,v8,TRUE
2021-06-16,cumulative_deaths,599.32,725.46,865.62,865.62,1005.77,1131.91,Surged Relax Interventions 50%,Mongolia,MNG,2021-05-03,v8,TRUE
2021-06-16,Rt,1.24,1.29,1.34,1.34,1.39,1.43,Surged Relax Interventions 50%,Mongolia,MNG,2021-05-03,v8,TRUE
2021-06-16,Reff,0.42,0.47,0.52,0.52,0.57,0.62,Surged Relax Interventions 50%,Mongolia,MNG,2021-05-03,v8,TRUE
2021-06-17,deaths,0.44,0.59,0.75,0.75,0.91,1.06,Additional 50% Reduction,Mongolia,MNG,2021-05-03,v8,TRUE
2021-06-17,hospital_demand,15.19,20.87,27.18,27.18,33.48,39.16,Additional 50% Reduction,Mongolia,MNG,2021-05-03,v8,TRUE
2021-06-17,ICU_demand,8.31,10.94,13.86,13.86,16.78,19.4,Additional 50% Reduction,Mongolia,MNG,2021-05-03,v8,TRUE
2021-06-17,infections,73.98,114.27,159.03,159.03,203.79,244.07,Additional 50% Reduction,Mongolia,MNG,2021-05-03,v8,TRUE
2021-06-17,prevalence,521.88,800.64,1110.36,1110.36,1420.09,1698.84,Additional 50% Reduction,Mongolia,MNG,2021-05-03,v8,TRUE
2021-06-17,cumulative_infections,137826.14,156449.9,177142.96,177142.96,197836.02,216459.78,Additional 50% Reduction,Mongolia,MNG,2021-05-03,v8,TRUE
2021-06-17,cumulative_deaths,253.93,279.77,308.48,308.48,337.19,363.03,Additional 50% Reduction,Mongolia,MNG,2021-05-03,v8,TRUE
2021-06-17,Rt,1.24,1.29,1.34,1.34,1.39,1.43,Additional 50% Reduction,Mongolia,MNG,2021-05-03,v8,TRUE
2021-06-17,Reff,1.04,1.07,1.1,1.1,1.13,1.16,Additional 50% Reduction,Mongolia,MNG,2021-05-03,v8,TRUE
2021-06-17,deaths,4.45,6.23,8.22,8.22,10.2,11.99,Maintain Status Quo,Mongolia,MNG,2021-05-03,v8,TRUE
2021-06-17,hospital_demand,225.79,319.43,423.47,423.47,527.51,621.15,Maintain Status Quo,Mongolia,MNG,2021-05-03,v8,TRUE
2021-06-17,ICU_demand,81.66,114.41,150.81,150.81,187.21,219.96,Maintain Status Quo,Mongolia,MNG,2021-05-03,v8,TRUE
2021-06-17,infections,3919.22,5615.04,7499.29,7499.29,9383.53,11079.35,Maintain Status Quo,Mongolia,MNG,2021-05-03,v8,TRUE
2021-06-17,prevalence,26616.42,38111.76,50884.36,50884.36,63656.96,75152.31,Maintain Status Quo,Mongolia,MNG,2021-05-03,v8,TRUE
2021-06-17,cumulative_infections,272727.51,341792.23,418530.81,418530.81,495269.39,564334.11,Maintain Status Quo,Mongolia,MNG,2021-05-03,v8,TRUE
2021-06-17,cumulative_deaths,342.12,398.42,460.98,460.98,523.53,579.83,Maintain Status Quo,Mongolia,MNG,2021-05-03,v8,TRUE
2021-06-17,Rt,1.24,1.29,1.34,1.34,1.39,1.43,Maintain Status Quo,Mongolia,MNG,2021-05-03,v8,TRUE
2021-06-17,Reff,0.96,0.96,0.97,0.97,0.97,0.97,Maintain Status Quo,Mongolia,MNG,2021-05-03,v8,TRUE
2021-06-17,deaths,41.25,49.15,57.94,57.94,66.72,74.62,Relax Interventions 50%,Mongolia,MNG,2021-05-03,v8,TRUE
2021-06-17,hospital_demand,1438.24,1700.97,1992.9,1992.9,2284.82,2547.56,Relax Interventions 50%,Mongolia,MNG,2021-05-03,v8,TRUE
2021-06-17,ICU_demand,403.08,411.57,421,421,430.44,438.93,Relax Interventions 50%,Mongolia,MNG,2021-05-03,v8,TRUE
2021-06-17,infections,31548.14,32742,34068.51,34068.51,35395.03,36588.89,Relax Interventions 50%,Mongolia,MNG,2021-05-03,v8,TRUE
2021-06-17,prevalence,213112.09,221072.18,229916.72,229916.72,238761.26,246721.35,Relax Interventions 50%,Mongolia,MNG,2021-05-03,v8,TRUE
2021-06-17,cumulative_infections,867006.82,1033908.29,1219354.37,1219354.37,1404800.45,1571701.93,Relax Interventions 50%,Mongolia,MNG,2021-05-03,v8,TRUE
2021-06-17,cumulative_deaths,707.71,963.6,1247.92,1247.92,1532.24,1788.13,Relax Interventions 50%,Mongolia,MNG,2021-05-03,v8,TRUE
2021-06-17,Rt,1.24,1.29,1.34,1.34,1.39,1.43,Relax Interventions 50%,Mongolia,MNG,2021-05-03,v8,TRUE
2021-06-17,Reff,0.48,0.53,0.58,0.58,0.63,0.68,Relax Interventions 50%,Mongolia,MNG,2021-05-03,v8,TRUE
2021-06-17,deaths,0.44,0.59,0.75,0.75,0.91,1.06,Surged Additional 50% Reduction,Mongolia,MNG,2021-05-03,v8,TRUE
2021-06-17,hospital_demand,15.19,20.87,27.18,27.18,33.48,39.16,Surged Additional 50% Reduction,Mongolia,MNG,2021-05-03,v8,TRUE
2021-06-17,ICU_demand,8.31,10.94,13.86,13.86,16.78,19.4,Surged Additional 50% Reduction,Mongolia,MNG,2021-05-03,v8,TRUE
2021-06-17,infections,73.98,114.27,159.03,159.03,203.79,244.07,Surged Additional 50% Reduction,Mongolia,MNG,2021-05-03,v8,TRUE
2021-06-17,prevalence,521.88,800.64,1110.36,1110.36,1420.09,1698.84,Surged Additional 50% Reduction,Mongolia,MNG,2021-05-03,v8,TRUE
2021-06-17,cumulative_infections,137826.14,156449.9,177142.96,177142.96,197836.02,216459.78,Surged Additional 50% Reduction,Mongolia,MNG,2021-05-03,v8,TRUE
2021-06-17,cumulative_deaths,253.93,279.77,308.48,308.48,337.19,363.03,Surged Additional 50% Reduction,Mongolia,MNG,2021-05-03,v8,TRUE
2021-06-17,Rt,1.24,1.29,1.34,1.34,1.39,1.43,Surged Additional 50% Reduction,Mongolia,MNG,2021-05-03,v8,TRUE
2021-06-17,Reff,0.98,1,1.03,1.03,1.06,1.08,Surged Additional 50% Reduction,Mongolia,MNG,2021-05-03,v8,TRUE
2021-06-17,deaths,4.45,6.23,8.22,8.22,10.2,11.99,Surged Maintain Status Quo,Mongolia,MNG,2021-05-03,v8,TRUE
2021-06-17,hospital_demand,225.79,319.43,423.47,423.47,527.51,621.15,Surged Maintain Status Quo,Mongolia,MNG,2021-05-03,v8,TRUE
2021-06-17,ICU_demand,81.66,114.41,150.81,150.81,187.21,219.96,Surged Maintain Status Quo,Mongolia,MNG,2021-05-03,v8,TRUE
2021-06-17,infections,3919.22,5615.04,7499.29,7499.29,9383.53,11079.35,Surged Maintain Status Quo,Mongolia,MNG,2021-05-03,v8,TRUE
2021-06-17,prevalence,26616.42,38111.76,50884.36,50884.36,63656.96,75152.31,Surged Maintain Status Quo,Mongolia,MNG,2021-05-03,v8,TRUE
2021-06-17,cumulative_infections,272727.51,341792.23,418530.81,418530.81,495269.39,564334.11,Surged Maintain Status Quo,Mongolia,MNG,2021-05-03,v8,TRUE
2021-06-17,cumulative_deaths,342.12,398.42,460.98,460.98,523.53,579.83,Surged Maintain Status Quo,Mongolia,MNG,2021-05-03,v8,TRUE
2021-06-17,Rt,1.24,1.29,1.34,1.34,1.39,1.43,Surged Maintain Status Quo,Mongolia,MNG,2021-05-03,v8,TRUE
2021-06-17,Reff,0.88,0.89,0.89,0.89,0.9,0.9,Surged Maintain Status Quo,Mongolia,MNG,2021-05-03,v8,TRUE
2021-06-17,deaths,25.31,31.29,37.93,37.93,44.57,50.54,Surged Relax Interventions 50%,Mongolia,MNG,2021-05-03,v8,TRUE
2021-06-17,hospital_demand,1441.72,1714.87,2018.36,2018.36,2321.85,2594.99,Surged Relax Interventions 50%,Mongolia,MNG,2021-05-03,v8,TRUE
2021-06-17,ICU_demand,480.26,580.29,691.44,691.44,802.58,902.61,Surged Relax Interventions 50%,Mongolia,MNG,2021-05-03,v8,TRUE
2021-06-17,infections,31547.92,32741.75,34068.21,34068.21,35394.68,36588.51,Surged Relax Interventions 50%,Mongolia,MNG,2021-05-03,v8,TRUE
2021-06-17,prevalence,213191.31,221253,230210.43,230210.43,239167.86,247229.55,Surged Relax Interventions 50%,Mongolia,MNG,2021-05-03,v8,TRUE
2021-06-17,cumulative_infections,867005.97,1033906.46,1219351.44,1219351.44,1404796.43,1571696.92,Surged Relax Interventions 50%,Mongolia,MNG,2021-05-03,v8,TRUE
2021-06-17,cumulative_deaths,624.64,756.75,903.54,903.54,1050.34,1182.45,Surged Relax Interventions 50%,Mongolia,MNG,2021-05-03,v8,TRUE
2021-06-17,Rt,1.24,1.29,1.34,1.34,1.39,1.43,Surged Relax Interventions 50%,Mongolia,MNG,2021-05-03,v8,TRUE
2021-06-17,Reff,0.41,0.45,0.51,0.51,0.56,0.61,Surged Relax Interventions 50%,Mongolia,MNG,2021-05-03,v8,TRUE
2021-06-18,deaths,0.4,0.54,0.69,0.69,0.85,0.98,Additional 50% Reduction,Mongolia,MNG,2021-05-03,v8,TRUE
2021-06-18,hospital_demand,13.96,19.28,25.2,25.2,31.11,36.44,Additional 50% Reduction,Mongolia,MNG,2021-05-03,v8,TRUE
2021-06-18,ICU_demand,7.68,10.15,12.9,12.9,15.65,18.12,Additional 50% Reduction,Mongolia,MNG,2021-05-03,v8,TRUE
2021-06-18,infections,67.88,105.53,147.37,147.37,189.2,226.85,Additional 50% Reduction,Mongolia,MNG,2021-05-03,v8,TRUE
2021-06-18,prevalence,478.88,739.47,1029,1029,1318.54,1579.12,Additional 50% Reduction,Mongolia,MNG,2021-05-03,v8,TRUE
2021-06-18,cumulative_infections,137894.02,156555.43,177290.33,177290.33,198025.22,216686.63,Additional 50% Reduction,Mongolia,MNG,2021-05-03,v8,TRUE
2021-06-18,cumulative_deaths,254.34,280.31,309.17,309.17,338.04,364.01,Additional 50% Reduction,Mongolia,MNG,2021-05-03,v8,TRUE
2021-06-18,Rt,1.24,1.29,1.34,1.34,1.39,1.43,Additional 50% Reduction,Mongolia,MNG,2021-05-03,v8,TRUE
2021-06-18,Reff,1.04,1.07,1.1,1.1,1.13,1.16,Additional 50% Reduction,Mongolia,MNG,2021-05-03,v8,TRUE
2021-06-18,deaths,4.45,6.26,8.26,8.26,10.27,12.07,Maintain Status Quo,Mongolia,MNG,2021-05-03,v8,TRUE
2021-06-18,hospital_demand,225.68,320.06,424.93,424.93,529.8,624.17,Maintain Status Quo,Mongolia,MNG,2021-05-03,v8,TRUE
2021-06-18,ICU_demand,81.63,114.73,151.5,151.5,188.27,221.36,Maintain Status Quo,Mongolia,MNG,2021-05-03,v8,TRUE
2021-06-18,infections,3904.52,5590.7,7464.23,7464.23,9337.76,11023.94,Maintain Status Quo,Mongolia,MNG,2021-05-03,v8,TRUE
2021-06-18,prevalence,26516.91,37947.49,50648.13,50648.13,63348.77,74779.35,Maintain Status Quo,Mongolia,MNG,2021-05-03,v8,TRUE
2021-06-18,cumulative_infections,276632.03,347382.93,425995.04,425995.04,504607.15,575358.05,Maintain Status Quo,Mongolia,MNG,2021-05-03,v8,TRUE
2021-06-18,cumulative_deaths,346.57,404.67,469.24,469.24,533.8,591.91,Maintain Status Quo,Mongolia,MNG,2021-05-03,v8,TRUE
2021-06-18,Rt,1.24,1.29,1.34,1.34,1.39,1.43,Maintain Status Quo,Mongolia,MNG,2021-05-03,v8,TRUE
2021-06-18,Reff,0.96,0.96,0.96,0.96,0.97,0.97,Maintain Status Quo,Mongolia,MNG,2021-05-03,v8,TRUE
2021-06-18,deaths,42.3,49.62,57.74,57.74,65.87,73.18,Relax Interventions 50%,Mongolia,MNG,2021-05-03,v8,TRUE
2021-06-18,hospital_demand,1478.98,1729.87,2008.63,2008.63,2287.4,2538.29,Relax Interventions 50%,Mongolia,MNG,2021-05-03,v8,TRUE
2021-06-18,ICU_demand,404.3,412.04,420.64,420.64,429.23,436.97,Relax Interventions 50%,Mongolia,MNG,2021-05-03,v8,TRUE
2021-06-18,infections,31591.69,32364.11,33222.35,33222.35,34080.59,34853.01,Relax Interventions 50%,Mongolia,MNG,2021-05-03,v8,TRUE
2021-06-18,prevalence,213364.24,218540.39,224291.67,224291.67,230042.95,235219.1,Relax Interventions 50%,Mongolia,MNG,2021-05-03,v8,TRUE
2021-06-18,cumulative_infections,898598.51,1066272.4,1252576.72,1252576.72,1438881.04,1606554.93,Relax Interventions 50%,Mongolia,MNG,2021-05-03,v8,TRUE
2021-06-18,cumulative_deaths,750.02,1013.22,1305.67,1305.67,1598.11,1861.31,Relax Interventions 50%,Mongolia,MNG,2021-05-03,v8,TRUE
2021-06-18,Rt,1.24,1.29,1.34,1.34,1.39,1.43,Relax Interventions 50%,Mongolia,MNG,2021-05-03,v8,TRUE
2021-06-18,Reff,0.47,0.52,0.57,0.57,0.62,0.66,Relax Interventions 50%,Mongolia,MNG,2021-05-03,v8,TRUE
2021-06-18,deaths,0.4,0.54,0.69,0.69,0.85,0.98,Surged Additional 50% Reduction,Mongolia,MNG,2021-05-03,v8,TRUE
2021-06-18,hospital_demand,13.96,19.28,25.2,25.2,31.11,36.44,Surged Additional 50% Reduction,Mongolia,MNG,2021-05-03,v8,TRUE
2021-06-18,ICU_demand,7.68,10.15,12.9,12.9,15.65,18.12,Surged Additional 50% Reduction,Mongolia,MNG,2021-05-03,v8,TRUE
2021-06-18,infections,67.88,105.53,147.37,147.37,189.2,226.85,Surged Additional 50% Reduction,Mongolia,MNG,2021-05-03,v8,TRUE
2021-06-18,prevalence,478.88,739.47,1029,1029,1318.54,1579.12,Surged Additional 50% Reduction,Mongolia,MNG,2021-05-03,v8,TRUE
2021-06-18,cumulative_infections,137894.02,156555.43,177290.33,177290.33,198025.22,216686.63,Surged Additional 50% Reduction,Mongolia,MNG,2021-05-03,v8,TRUE
2021-06-18,cumulative_deaths,254.34,280.31,309.17,309.17,338.04,364.01,Surged Additional 50% Reduction,Mongolia,MNG,2021-05-03,v8,TRUE
2021-06-18,Rt,1.24,1.29,1.34,1.34,1.39,1.43,Surged Additional 50% Reduction,Mongolia,MNG,2021-05-03,v8,TRUE
2021-06-18,Reff,0.98,1,1.03,1.03,1.06,1.08,Surged Additional 50% Reduction,Mongolia,MNG,2021-05-03,v8,TRUE
2021-06-18,deaths,4.45,6.26,8.26,8.26,10.27,12.07,Surged Maintain Status Quo,Mongolia,MNG,2021-05-03,v8,TRUE
2021-06-18,hospital_demand,225.68,320.06,424.93,424.93,529.8,624.17,Surged Maintain Status Quo,Mongolia,MNG,2021-05-03,v8,TRUE
2021-06-18,ICU_demand,81.63,114.73,151.5,151.5,188.27,221.36,Surged Maintain Status Quo,Mongolia,MNG,2021-05-03,v8,TRUE
2021-06-18,infections,3904.52,5590.7,7464.23,7464.23,9337.76,11023.94,Surged Maintain Status Quo,Mongolia,MNG,2021-05-03,v8,TRUE
2021-06-18,prevalence,26516.91,37947.49,50648.13,50648.13,63348.77,74779.35,Surged Maintain Status Quo,Mongolia,MNG,2021-05-03,v8,TRUE
2021-06-18,cumulative_infections,276632.03,347382.93,425995.04,425995.04,504607.15,575358.05,Surged Maintain Status Quo,Mongolia,MNG,2021-05-03,v8,TRUE
2021-06-18,cumulative_deaths,346.57,404.67,469.24,469.24,533.8,591.91,Surged Maintain Status Quo,Mongolia,MNG,2021-05-03,v8,TRUE
2021-06-18,Rt,1.24,1.29,1.34,1.34,1.39,1.43,Surged Maintain Status Quo,Mongolia,MNG,2021-05-03,v8,TRUE
2021-06-18,Reff,0.88,0.88,0.89,0.89,0.9,0.9,Surged Maintain Status Quo,Mongolia,MNG,2021-05-03,v8,TRUE
2021-06-18,deaths,26.24,32.14,38.69,38.69,45.25,51.15,Surged Relax Interventions 50%,Mongolia,MNG,2021-05-03,v8,TRUE
2021-06-18,hospital_demand,1483.53,1745.11,2035.76,2035.76,2326.41,2588,Surged Relax Interventions 50%,Mongolia,MNG,2021-05-03,v8,TRUE
2021-06-18,ICU_demand,495.84,593.24,701.46,701.46,809.69,907.09,Surged Relax Interventions 50%,Mongolia,MNG,2021-05-03,v8,TRUE
2021-06-18,infections,31591.46,32363.85,33222.06,33222.06,34080.26,34852.65,Surged Relax Interventions 50%,Mongolia,MNG,2021-05-03,v8,TRUE
2021-06-18,prevalence,213459.33,218735.59,224598.11,224598.11,230460.62,235736.89,Surged Relax Interventions 50%,Mongolia,MNG,2021-05-03,v8,TRUE
2021-06-18,cumulative_infections,898597.43,1066270.31,1252573.5,1252573.5,1438876.69,1606549.57,Surged Relax Interventions 50%,Mongolia,MNG,2021-05-03,v8,TRUE
2021-06-18,cumulative_deaths,650.88,788.89,942.24,942.24,1095.59,1233.6,Surged Relax Interventions 50%,Mongolia,MNG,2021-05-03,v8,TRUE
2021-06-18,Rt,1.24,1.29,1.34,1.34,1.39,1.43,Surged Relax Interventions 50%,Mongolia,MNG,2021-05-03,v8,TRUE
2021-06-18,Reff,0.4,0.44,0.5,0.5,0.55,0.59,Surged Relax Interventions 50%,Mongolia,MNG,2021-05-03,v8,TRUE
2021-06-19,deaths,0.37,0.5,0.64,0.64,0.79,0.92,Additional 50% Reduction,Mongolia,MNG,2021-05-03,v8,TRUE
2021-06-19,hospital_demand,12.82,17.81,23.36,23.36,28.91,33.9,Additional 50% Reduction,Mongolia,MNG,2021-05-03,v8,TRUE
2021-06-19,ICU_demand,7.09,9.42,12.01,12.01,14.59,16.92,Additional 50% Reduction,Mongolia,MNG,2021-05-03,v8,TRUE
2021-06-19,infections,62.28,97.47,136.56,136.56,175.66,210.85,Additional 50% Reduction,Mongolia,MNG,2021-05-03,v8,TRUE
2021-06-19,prevalence,439.44,683.01,953.64,953.64,1224.27,1467.84,Additional 50% Reduction,Mongolia,MNG,2021-05-03,v8,TRUE
2021-06-19,cumulative_infections,137956.3,156652.9,177426.89,177426.89,198200.89,216897.48,Additional 50% Reduction,Mongolia,MNG,2021-05-03,v8,TRUE
2021-06-19,cumulative_deaths,254.71,280.81,309.82,309.82,338.82,364.93,Additional 50% Reduction,Mongolia,MNG,2021-05-03,v8,TRUE
2021-06-19,Rt,1.24,1.29,1.34,1.34,1.39,1.43,Additional 50% Reduction,Mongolia,MNG,2021-05-03,v8,TRUE
2021-06-19,Reff,1.04,1.07,1.1,1.1,1.13,1.16,Additional 50% Reduction,Mongolia,MNG,2021-05-03,v8,TRUE
2021-06-19,deaths,4.45,6.27,8.3,8.3,10.33,12.16,Maintain Status Quo,Mongolia,MNG,2021-05-03,v8,TRUE
2021-06-19,hospital_demand,225.54,320.57,426.17,426.17,531.76,626.79,Maintain Status Quo,Mongolia,MNG,2021-05-03,v8,TRUE
2021-06-19,ICU_demand,81.6,115.01,152.12,152.12,189.24,222.64,Maintain Status Quo,Mongolia,MNG,2021-05-03,v8,TRUE
2021-06-19,infections,3888.81,5563.59,7424.46,7424.46,9285.32,10960.1,Maintain Status Quo,Mongolia,MNG,2021-05-03,v8,TRUE
2021-06-19,prevalence,26410.66,37764.67,50380.23,50380.23,62995.8,74349.8,Maintain Status Quo,Mongolia,MNG,2021-05-03,v8,TRUE
2021-06-19,cumulative_infections,280520.84,352946.52,433419.5,433419.5,513892.47,586318.15,Maintain Status Quo,Mongolia,MNG,2021-05-03,v8,TRUE
2021-06-19,cumulative_deaths,351.02,410.95,477.54,477.54,544.13,604.06,Maintain Status Quo,Mongolia,MNG,2021-05-03,v8,TRUE
2021-06-19,Rt,1.24,1.29,1.34,1.34,1.39,1.43,Maintain Status Quo,Mongolia,MNG,2021-05-03,v8,TRUE
2021-06-19,Reff,0.95,0.95,0.96,0.96,0.96,0.97,Maintain Status Quo,Mongolia,MNG,2021-05-03,v8,TRUE
2021-06-19,deaths,43.24,49.92,57.35,57.35,64.78,71.46,Relax Interventions 50%,Mongolia,MNG,2021-05-03,v8,TRUE
2021-06-19,hospital_demand,1517.48,1754.93,2018.75,2018.75,2282.58,2520.02,Relax Interventions 50%,Mongolia,MNG,2021-05-03,v8,TRUE
2021-06-19,ICU_demand,405.38,412.33,420.05,420.05,427.77,434.71,Relax Interventions 50%,Mongolia,MNG,2021-05-03,v8,TRUE
2021-06-19,infections,31551.01,31918.08,32325.95,32325.95,32733.81,33100.89,Relax Interventions 50%,Mongolia,MNG,2021-05-03,v8,TRUE
2021-06-19,prevalence,213057.03,215554.72,218329.94,218329.94,221105.16,223602.86,Relax Interventions 50%,Mongolia,MNG,2021-05-03,v8,TRUE
2021-06-19,cumulative_infections,930149.51,1098190.48,1284902.67,1284902.67,1471614.85,1639655.82,Relax Interventions 50%,Mongolia,MNG,2021-05-03,v8,TRUE
2021-06-19,cumulative_deaths,793.25,1063.14,1363.01,1363.01,1662.89,1932.77,Relax Interventions 50%,Mongolia,MNG,2021-05-03,v8,TRUE
2021-06-19,Rt,1.24,1.29,1.34,1.34,1.39,1.43,Relax Interventions 50%,Mongolia,MNG,2021-05-03,v8,TRUE
2021-06-19,Reff,0.46,0.51,0.56,0.56,0.61,0.65,Relax Interventions 50%,Mongolia,MNG,2021-05-03,v8,TRUE
2021-06-19,deaths,0.37,0.5,0.64,0.64,0.79,0.92,Surged Additional 50% Reduction,Mongolia,MNG,2021-05-03,v8,TRUE
2021-06-19,hospital_demand,12.82,17.81,23.36,23.36,28.91,33.9,Surged Additional 50% Reduction,Mongolia,MNG,2021-05-03,v8,TRUE
2021-06-19,ICU_demand,7.09,9.42,12.01,12.01,14.59,16.92,Surged Additional 50% Reduction,Mongolia,MNG,2021-05-03,v8,TRUE
2021-06-19,infections,62.28,97.47,136.56,136.56,175.66,210.85,Surged Additional 50% Reduction,Mongolia,MNG,2021-05-03,v8,TRUE
2021-06-19,prevalence,439.44,683.01,953.64,953.64,1224.27,1467.84,Surged Additional 50% Reduction,Mongolia,MNG,2021-05-03,v8,TRUE
2021-06-19,cumulative_infections,137956.3,156652.9,177426.89,177426.89,198200.89,216897.48,Surged Additional 50% Reduction,Mongolia,MNG,2021-05-03,v8,TRUE
2021-06-19,cumulative_deaths,254.71,280.81,309.82,309.82,338.82,364.93,Surged Additional 50% Reduction,Mongolia,MNG,2021-05-03,v8,TRUE
2021-06-19,Rt,1.24,1.29,1.34,1.34,1.39,1.43,Surged Additional 50% Reduction,Mongolia,MNG,2021-05-03,v8,TRUE
2021-06-19,Reff,0.98,1,1.03,1.03,1.06,1.08,Surged Additional 50% Reduction,Mongolia,MNG,2021-05-03,v8,TRUE
2021-06-19,deaths,4.45,6.27,8.3,8.3,10.33,12.16,Surged Maintain Status Quo,Mongolia,MNG,2021-05-03,v8,TRUE
2021-06-19,hospital_demand,225.54,320.57,426.17,426.17,531.76,626.79,Surged Maintain Status Quo,Mongolia,MNG,2021-05-03,v8,TRUE
2021-06-19,ICU_demand,81.6,115.01,152.12,152.12,189.24,222.64,Surged Maintain Status Quo,Mongolia,MNG,2021-05-03,v8,TRUE
2021-06-19,infections,3888.81,5563.59,7424.46,7424.46,9285.32,10960.1,Surged Maintain Status Quo,Mongolia,MNG,2021-05-03,v8,TRUE
2021-06-19,prevalence,26410.66,37764.67,50380.23,50380.23,62995.8,74349.8,Surged Maintain Status Quo,Mongolia,MNG,2021-05-03,v8,TRUE
2021-06-19,cumulative_infections,280520.84,352946.52,433419.5,433419.5,513892.47,586318.15,Surged Maintain Status Quo,Mongolia,MNG,2021-05-03,v8,TRUE
2021-06-19,cumulative_deaths,351.02,410.95,477.54,477.54,544.13,604.06,Surged Maintain Status Quo,Mongolia,MNG,2021-05-03,v8,TRUE
2021-06-19,Rt,1.24,1.29,1.34,1.34,1.39,1.43,Surged Maintain Status Quo,Mongolia,MNG,2021-05-03,v8,TRUE
2021-06-19,Reff,0.87,0.88,0.89,0.89,0.9,0.9,Surged Maintain Status Quo,Mongolia,MNG,2021-05-03,v8,TRUE
2021-06-19,deaths,27.15,32.94,39.36,39.36,45.79,51.58,Surged Relax Interventions 50%,Mongolia,MNG,2021-05-03,v8,TRUE
2021-06-19,hospital_demand,1523.24,1771.58,2047.5,2047.5,2323.43,2571.76,Surged Relax Interventions 50%,Mongolia,MNG,2021-05-03,v8,TRUE
2021-06-19,ICU_demand,510.9,605.09,709.74,709.74,814.39,908.57,Surged Relax Interventions 50%,Mongolia,MNG,2021-05-03,v8,TRUE
2021-06-19,infections,31550.86,31917.93,32325.78,32325.78,32733.64,33100.71,Surged Relax Interventions 50%,Mongolia,MNG,2021-05-03,v8,TRUE
2021-06-19,prevalence,213167.65,215763.28,218647.32,218647.32,221531.35,224126.98,Surged Relax Interventions 50%,Mongolia,MNG,2021-05-03,v8,TRUE
2021-06-19,cumulative_infections,930148.29,1098188.24,1284899.29,1284899.29,1471610.33,1639650.28,Surged Relax Interventions 50%,Mongolia,MNG,2021-05-03,v8,TRUE
2021-06-19,cumulative_deaths,678.03,821.83,981.6,981.6,1141.38,1285.18,Surged Relax Interventions 50%,Mongolia,MNG,2021-05-03,v8,TRUE
2021-06-19,Rt,1.24,1.29,1.34,1.34,1.39,1.43,Surged Relax Interventions 50%,Mongolia,MNG,2021-05-03,v8,TRUE
2021-06-19,Reff,0.39,0.43,0.49,0.49,0.54,0.58,Surged Relax Interventions 50%,Mongolia,MNG,2021-05-03,v8,TRUE
2021-06-20,deaths,0.34,0.46,0.6,0.6,0.73,0.85,Additional 50% Reduction,Mongolia,MNG,2021-05-03,v8,TRUE
2021-06-20,hospital_demand,11.78,16.46,21.66,21.66,26.86,31.54,Additional 50% Reduction,Mongolia,MNG,2021-05-03,v8,TRUE
2021-06-20,ICU_demand,6.54,8.74,11.17,11.17,13.61,15.8,Additional 50% Reduction,Mongolia,MNG,2021-05-03,v8,TRUE
2021-06-20,infections,57.14,90.02,126.56,126.56,163.1,195.98,Additional 50% Reduction,Mongolia,MNG,2021-05-03,v8,TRUE
2021-06-20,prevalence,403.25,630.9,883.84,883.84,1136.78,1364.42,Additional 50% Reduction,Mongolia,MNG,2021-05-03,v8,TRUE
2021-06-20,cumulative_infections,138013.44,156742.92,177553.45,177553.45,198363.98,217093.46,Additional 50% Reduction,Mongolia,MNG,2021-05-03,v8,TRUE
2021-06-20,cumulative_deaths,255.05,281.27,310.41,310.41,339.55,365.78,Additional 50% Reduction,Mongolia,MNG,2021-05-03,v8,TRUE
2021-06-20,Rt,1.24,1.29,1.34,1.34,1.39,1.43,Additional 50% Reduction,Mongolia,MNG,2021-05-03,v8,TRUE
2021-06-20,Reff,1.04,1.07,1.1,1.1,1.13,1.16,Additional 50% Reduction,Mongolia,MNG,2021-05-03,v8,TRUE
2021-06-20,deaths,4.45,6.29,8.34,8.34,10.39,12.23,Maintain Status Quo,Mongolia,MNG,2021-05-03,v8,TRUE
2021-06-20,hospital_demand,225.36,320.95,427.17,427.17,533.38,628.98,Maintain Status Quo,Mongolia,MNG,2021-05-03,v8,TRUE
2021-06-20,ICU_demand,81.56,115.24,152.67,152.67,190.1,223.78,Maintain Status Quo,Mongolia,MNG,2021-05-03,v8,TRUE
2021-06-20,infections,3872.12,5533.8,7380.11,7380.11,9226.42,10888.1,Maintain Status Quo,Mongolia,MNG,2021-05-03,v8,TRUE
2021-06-20,prevalence,26297.75,37563.76,50081.56,50081.56,62599.35,73865.37,Maintain Status Quo,Mongolia,MNG,2021-05-03,v8,TRUE
2021-06-20,cumulative_infections,284392.96,358480.32,440799.6,440799.6,523118.89,597206.25,Maintain Status Quo,Mongolia,MNG,2021-05-03,v8,TRUE
2021-06-20,cumulative_deaths,355.46,417.24,485.88,485.88,554.52,616.29,Maintain Status Quo,Mongolia,MNG,2021-05-03,v8,TRUE
2021-06-20,Rt,1.24,1.29,1.34,1.34,1.39,1.43,Maintain Status Quo,Mongolia,MNG,2021-05-03,v8,TRUE
2021-06-20,Reff,0.95,0.95,0.96,0.96,0.96,0.97,Maintain Status Quo,Mongolia,MNG,2021-05-03,v8,TRUE
2021-06-20,deaths,44.07,50.09,56.78,56.78,63.47,69.48,Relax Interventions 50%,Mongolia,MNG,2021-05-03,v8,TRUE
2021-06-20,hospital_demand,1553.51,1776.04,2023.31,2023.31,2270.57,2493.11,Relax Interventions 50%,Mongolia,MNG,2021-05-03,v8,TRUE
2021-06-20,ICU_demand,406.34,412.46,419.26,419.26,426.06,432.18,Relax Interventions 50%,Mongolia,MNG,2021-05-03,v8,TRUE
2021-06-20,infections,31349.12,31367.58,31388.09,31388.09,31408.6,31427.06,Relax Interventions 50%,Mongolia,MNG,2021-05-03,v8,TRUE
2021-06-20,prevalence,211980.36,212031.47,212088.26,212088.26,212145.05,212196.16,Relax Interventions 50%,Mongolia,MNG,2021-05-03,v8,TRUE
2021-06-20,cumulative_infections,961576.57,1129599.08,1316290.76,1316290.76,1502982.44,1671004.94,Relax Interventions 50%,Mongolia,MNG,2021-05-03,v8,TRUE
2021-06-20,cumulative_deaths,837.33,1113.23,1419.79,1419.79,1726.35,2002.26,Relax Interventions 50%,Mongolia,MNG,2021-05-03,v8,TRUE
2021-06-20,Rt,1.24,1.29,1.34,1.34,1.39,1.43,Relax Interventions 50%,Mongolia,MNG,2021-05-03,v8,TRUE
2021-06-20,Reff,0.45,0.5,0.55,0.55,0.6,0.64,Relax Interventions 50%,Mongolia,MNG,2021-05-03,v8,TRUE
2021-06-20,deaths,0.34,0.46,0.6,0.6,0.73,0.85,Surged Additional 50% Reduction,Mongolia,MNG,2021-05-03,v8,TRUE
2021-06-20,hospital_demand,11.78,16.46,21.66,21.66,26.86,31.54,Surged Additional 50% Reduction,Mongolia,MNG,2021-05-03,v8,TRUE
2021-06-20,ICU_demand,6.54,8.74,11.17,11.17,13.61,15.8,Surged Additional 50% Reduction,Mongolia,MNG,2021-05-03,v8,TRUE
2021-06-20,infections,57.14,90.02,126.56,126.56,163.1,195.98,Surged Additional 50% Reduction,Mongolia,MNG,2021-05-03,v8,TRUE
2021-06-20,prevalence,403.25,630.9,883.84,883.84,1136.78,1364.42,Surged Additional 50% Reduction,Mongolia,MNG,2021-05-03,v8,TRUE
2021-06-20,cumulative_infections,138013.44,156742.92,177553.45,177553.45,198363.98,217093.46,Surged Additional 50% Reduction,Mongolia,MNG,2021-05-03,v8,TRUE
2021-06-20,cumulative_deaths,255.05,281.27,310.41,310.41,339.55,365.78,Surged Additional 50% Reduction,Mongolia,MNG,2021-05-03,v8,TRUE
2021-06-20,Rt,1.24,1.29,1.34,1.34,1.39,1.43,Surged Additional 50% Reduction,Mongolia,MNG,2021-05-03,v8,TRUE
2021-06-20,Reff,0.98,1,1.03,1.03,1.06,1.09,Surged Additional 50% Reduction,Mongolia,MNG,2021-05-03,v8,TRUE
2021-06-20,deaths,4.45,6.29,8.34,8.34,10.39,12.23,Surged Maintain Status Quo,Mongolia,MNG,2021-05-03,v8,TRUE
2021-06-20,hospital_demand,225.36,320.95,427.17,427.17,533.38,628.98,Surged Maintain Status Quo,Mongolia,MNG,2021-05-03,v8,TRUE
2021-06-20,ICU_demand,81.56,115.24,152.67,152.67,190.1,223.78,Surged Maintain Status Quo,Mongolia,MNG,2021-05-03,v8,TRUE
2021-06-20,infections,3872.12,5533.8,7380.11,7380.11,9226.42,10888.1,Surged Maintain Status Quo,Mongolia,MNG,2021-05-03,v8,TRUE
2021-06-20,prevalence,26297.75,37563.76,50081.56,50081.56,62599.35,73865.37,Surged Maintain Status Quo,Mongolia,MNG,2021-05-03,v8,TRUE
2021-06-20,cumulative_infections,284392.96,358480.32,440799.6,440799.6,523118.89,597206.25,Surged Maintain Status Quo,Mongolia,MNG,2021-05-03,v8,TRUE
2021-06-20,cumulative_deaths,355.46,417.24,485.88,485.88,554.52,616.29,Surged Maintain Status Quo,Mongolia,MNG,2021-05-03,v8,TRUE
2021-06-20,Rt,1.24,1.29,1.34,1.34,1.39,1.43,Surged Maintain Status Quo,Mongolia,MNG,2021-05-03,v8,TRUE
2021-06-20,Reff,0.87,0.88,0.88,0.88,0.89,0.9,Surged Maintain Status Quo,Mongolia,MNG,2021-05-03,v8,TRUE
2021-06-20,deaths,28.04,33.67,39.94,39.94,46.2,51.83,Surged Relax Interventions 50%,Mongolia,MNG,2021-05-03,v8,TRUE
2021-06-20,hospital_demand,1560.58,1794.12,2053.61,2053.61,2313.1,2546.64,Surged Relax Interventions 50%,Mongolia,MNG,2021-05-03,v8,TRUE
2021-06-20,ICU_demand,525.37,615.77,716.23,716.23,816.68,907.09,Surged Relax Interventions 50%,Mongolia,MNG,2021-05-03,v8,TRUE
2021-06-20,infections,31348.93,31367.42,31387.96,31387.96,31408.51,31427,Surged Relax Interventions 50%,Mongolia,MNG,2021-05-03,v8,TRUE
2021-06-20,prevalence,212322.69,212366.34,212414.84,212414.84,212463.34,212506.99,Surged Relax Interventions 50%,Mongolia,MNG,2021-05-03,v8,TRUE
2021-06-20,cumulative_infections,961575.29,1129596.74,1316287.25,1316287.25,1502977.75,1670999.2,Surged Relax Interventions 50%,Mongolia,MNG,2021-05-03,v8,TRUE
2021-06-20,cumulative_deaths,706.07,855.5,1021.54,1021.54,1187.57,1337.01,Surged Relax Interventions 50%,Mongolia,MNG,2021-05-03,v8,TRUE
2021-06-20,Rt,1.24,1.29,1.34,1.34,1.39,1.43,Surged Relax Interventions 50%,Mongolia,MNG,2021-05-03,v8,TRUE
2021-06-20,Reff,0.38,0.43,0.48,0.48,0.53,0.57,Surged Relax Interventions 50%,Mongolia,MNG,2021-05-03,v8,TRUE
2021-06-21,deaths,0.31,0.43,0.55,0.55,0.68,0.79,Additional 50% Reduction,Mongolia,MNG,2021-05-03,v8,TRUE
2021-06-21,hospital_demand,10.82,15.21,20.08,20.08,24.96,29.35,Additional 50% Reduction,Mongolia,MNG,2021-05-03,v8,TRUE
2021-06-21,ICU_demand,6.04,8.1,10.39,10.39,12.68,14.74,Additional 50% Reduction,Mongolia,MNG,2021-05-03,v8,TRUE
2021-06-21,infections,52.43,83.16,117.3,117.3,151.44,182.16,Additional 50% Reduction,Mongolia,MNG,2021-05-03,v8,TRUE
2021-06-21,prevalence,370.06,582.8,819.18,819.18,1055.56,1268.3,Additional 50% Reduction,Mongolia,MNG,2021-05-03,v8,TRUE
2021-06-21,cumulative_infections,138065.87,156826.08,177670.75,177670.75,198515.42,217275.62,Additional 50% Reduction,Mongolia,MNG,2021-05-03,v8,TRUE
2021-06-21,cumulative_deaths,255.36,281.7,310.96,310.96,340.23,366.57,Additional 50% Reduction,Mongolia,MNG,2021-05-03,v8,TRUE
2021-06-21,Rt,1.24,1.29,1.34,1.34,1.39,1.43,Additional 50% Reduction,Mongolia,MNG,2021-05-03,v8,TRUE
2021-06-21,Reff,1.04,1.07,1.1,1.1,1.13,1.16,Additional 50% Reduction,Mongolia,MNG,2021-05-03,v8,TRUE
2021-06-21,deaths,4.45,6.31,8.37,8.37,10.44,12.3,Maintain Status Quo,Mongolia,MNG,2021-05-03,v8,TRUE
2021-06-21,hospital_demand,225.14,321.2,427.93,427.93,534.67,630.73,Maintain Status Quo,Mongolia,MNG,2021-05-03,v8,TRUE
2021-06-21,ICU_demand,81.5,115.44,153.15,153.15,190.85,224.79,Maintain Status Quo,Mongolia,MNG,2021-05-03,v8,TRUE
2021-06-21,infections,3854.46,5501.4,7331.33,7331.33,9161.26,10808.2,Maintain Status Quo,Mongolia,MNG,2021-05-03,v8,TRUE
2021-06-21,prevalence,26178.38,37345.33,49753.06,49753.06,62160.79,73327.74,Maintain Status Quo,Mongolia,MNG,2021-05-03,v8,TRUE
2021-06-21,cumulative_infections,288247.42,363981.72,448130.93,448130.93,532280.15,608014.45,Maintain Status Quo,Mongolia,MNG,2021-05-03,v8,TRUE
2021-06-21,cumulative_deaths,359.91,423.55,494.25,494.25,564.96,628.59,Maintain Status Quo,Mongolia,MNG,2021-05-03,v8,TRUE
2021-06-21,Rt,1.24,1.29,1.34,1.34,1.39,1.43,Maintain Status Quo,Mongolia,MNG,2021-05-03,v8,TRUE
2021-06-21,Reff,0.94,0.95,0.95,0.95,0.96,0.96,Maintain Status Quo,Mongolia,MNG,2021-05-03,v8,TRUE
2021-06-21,deaths,44.81,50.13,56.05,56.05,61.96,67.28,Relax Interventions 50%,Mongolia,MNG,2021-05-03,v8,TRUE
2021-06-21,hospital_demand,1586.8,1793.15,2022.42,2022.42,2251.7,2458.04,Relax Interventions 50%,Mongolia,MNG,2021-05-03,v8,TRUE
2021-06-21,ICU_demand,407.15,412.43,418.29,418.29,424.15,429.42,Relax Interventions 50%,Mongolia,MNG,2021-05-03,v8,TRUE
2021-06-21,infections,29612.5,29993.57,30416.99,30416.99,30840.41,31221.48,Relax Interventions 50%,Mongolia,MNG,2021-05-03,v8,TRUE
2021-06-21,prevalence,200447.17,202897.87,205620.86,205620.86,208343.86,210794.56,Relax Interventions 50%,Mongolia,MNG,2021-05-03,v8,TRUE
2021-06-21,cumulative_infections,992798.05,1160439.49,1346707.75,1346707.75,1532976.01,1700617.44,Relax Interventions 50%,Mongolia,MNG,2021-05-03,v8,TRUE
2021-06-21,cumulative_deaths,882.14,1163.37,1475.84,1475.84,1788.32,2069.54,Relax Interventions 50%,Mongolia,MNG,2021-05-03,v8,TRUE
2021-06-21,Rt,1.24,1.29,1.34,1.34,1.39,1.43,Relax Interventions 50%,Mongolia,MNG,2021-05-03,v8,TRUE
2021-06-21,Reff,0.44,0.49,0.54,0.54,0.59,0.63,Relax Interventions 50%,Mongolia,MNG,2021-05-03,v8,TRUE
2021-06-21,deaths,0.31,0.43,0.55,0.55,0.68,0.79,Surged Additional 50% Reduction,Mongolia,MNG,2021-05-03,v8,TRUE
2021-06-21,hospital_demand,10.82,15.21,20.08,20.08,24.96,29.35,Surged Additional 50% Reduction,Mongolia,MNG,2021-05-03,v8,TRUE
2021-06-21,ICU_demand,6.04,8.1,10.39,10.39,12.68,14.74,Surged Additional 50% Reduction,Mongolia,MNG,2021-05-03,v8,TRUE
2021-06-21,infections,52.43,83.16,117.3,117.3,151.44,182.16,Surged Additional 50% Reduction,Mongolia,MNG,2021-05-03,v8,TRUE
2021-06-21,prevalence,370.06,582.8,819.18,819.18,1055.56,1268.3,Surged Additional 50% Reduction,Mongolia,MNG,2021-05-03,v8,TRUE
2021-06-21,cumulative_infections,138065.87,156826.08,177670.75,177670.75,198515.42,217275.62,Surged Additional 50% Reduction,Mongolia,MNG,2021-05-03,v8,TRUE
2021-06-21,cumulative_deaths,255.36,281.7,310.96,310.96,340.23,366.57,Surged Additional 50% Reduction,Mongolia,MNG,2021-05-03,v8,TRUE
2021-06-21,Rt,1.24,1.29,1.34,1.34,1.39,1.43,Surged Additional 50% Reduction,Mongolia,MNG,2021-05-03,v8,TRUE
2021-06-21,Reff,0.98,1,1.03,1.03,1.06,1.09,Surged Additional 50% Reduction,Mongolia,MNG,2021-05-03,v8,TRUE
2021-06-21,deaths,4.45,6.31,8.37,8.37,10.44,12.3,Surged Maintain Status Quo,Mongolia,MNG,2021-05-03,v8,TRUE
2021-06-21,hospital_demand,225.14,321.2,427.93,427.93,534.67,630.73,Surged Maintain Status Quo,Mongolia,MNG,2021-05-03,v8,TRUE
2021-06-21,ICU_demand,81.5,115.44,153.15,153.15,190.85,224.79,Surged Maintain Status Quo,Mongolia,MNG,2021-05-03,v8,TRUE
2021-06-21,infections,3854.46,5501.4,7331.33,7331.33,9161.26,10808.2,Surged Maintain Status Quo,Mongolia,MNG,2021-05-03,v8,TRUE
2021-06-21,prevalence,26178.38,37345.33,49753.06,49753.06,62160.79,73327.74,Surged Maintain Status Quo,Mongolia,MNG,2021-05-03,v8,TRUE
2021-06-21,cumulative_infections,288247.42,363981.72,448130.93,448130.93,532280.15,608014.45,Surged Maintain Status Quo,Mongolia,MNG,2021-05-03,v8,TRUE
2021-06-21,cumulative_deaths,359.91,423.55,494.25,494.25,564.96,628.59,Surged Maintain Status Quo,Mongolia,MNG,2021-05-03,v8,TRUE
2021-06-21,Rt,1.24,1.29,1.34,1.34,1.39,1.43,Surged Maintain Status Quo,Mongolia,MNG,2021-05-03,v8,TRUE
2021-06-21,Reff,0.86,0.87,0.88,0.88,0.89,0.9,Surged Maintain Status Quo,Mongolia,MNG,2021-05-03,v8,TRUE
2021-06-21,deaths,28.9,34.35,40.4,40.4,46.46,51.91,Surged Relax Interventions 50%,Mongolia,MNG,2021-05-03,v8,TRUE
2021-06-21,hospital_demand,1595.28,1812.66,2054.19,2054.19,2295.72,2513.1,Surged Relax Interventions 50%,Mongolia,MNG,2021-05-03,v8,TRUE
2021-06-21,ICU_demand,539.13,625.24,720.92,720.92,816.6,902.71,Surged Relax Interventions 50%,Mongolia,MNG,2021-05-03,v8,TRUE
2021-06-21,infections,29612.24,29993.41,30416.93,30416.93,30840.45,31221.62,Surged Relax Interventions 50%,Mongolia,MNG,2021-05-03,v8,TRUE
2021-06-21,prevalence,200973.93,203333.15,205954.51,205954.51,208575.87,210935.09,Surged Relax Interventions 50%,Mongolia,MNG,2021-05-03,v8,TRUE
2021-06-21,cumulative_infections,992796.91,1160437.2,1346704.18,1346704.18,1532971.16,1700611.44,Surged Relax Interventions 50%,Mongolia,MNG,2021-05-03,v8,TRUE
2021-06-21,cumulative_deaths,734.97,889.85,1061.94,1061.94,1234.03,1388.92,Surged Relax Interventions 50%,Mongolia,MNG,2021-05-03,v8,TRUE
2021-06-21,Rt,1.24,1.29,1.34,1.34,1.39,1.43,Surged Relax Interventions 50%,Mongolia,MNG,2021-05-03,v8,TRUE
2021-06-21,Reff,0.37,0.42,0.47,0.47,0.52,0.56,Surged Relax Interventions 50%,Mongolia,MNG,2021-05-03,v8,TRUE
2021-06-22,deaths,0.29,0.39,0.51,0.51,0.63,0.74,Additional 50% Reduction,Mongolia,MNG,2021-05-03,v8,TRUE
2021-06-22,hospital_demand,9.94,14.05,18.62,18.62,23.19,27.3,Additional 50% Reduction,Mongolia,MNG,2021-05-03,v8,TRUE
2021-06-22,ICU_demand,5.57,7.51,9.67,9.67,11.82,13.76,Additional 50% Reduction,Mongolia,MNG,2021-05-03,v8,TRUE
2021-06-22,infections,48.11,76.82,108.71,108.71,140.61,169.32,Additional 50% Reduction,Mongolia,MNG,2021-05-03,v8,TRUE
2021-06-22,prevalence,339.6,538.4,759.28,759.28,980.17,1178.97,Additional 50% Reduction,Mongolia,MNG,2021-05-03,v8,TRUE
2021-06-22,cumulative_infections,138113.98,156902.89,177779.46,177779.46,198656.03,217444.94,Additional 50% Reduction,Mongolia,MNG,2021-05-03,v8,TRUE
2021-06-22,cumulative_deaths,255.64,282.09,311.48,311.48,340.86,367.31,Additional 50% Reduction,Mongolia,MNG,2021-05-03,v8,TRUE
2021-06-22,Rt,1.24,1.29,1.34,1.34,1.39,1.43,Additional 50% Reduction,Mongolia,MNG,2021-05-03,v8,TRUE
2021-06-22,Reff,1.04,1.07,1.1,1.1,1.13,1.16,Additional 50% Reduction,Mongolia,MNG,2021-05-03,v8,TRUE
2021-06-22,deaths,4.44,6.32,8.4,8.4,10.49,12.36,Maintain Status Quo,Mongolia,MNG,2021-05-03,v8,TRUE
2021-06-22,hospital_demand,224.87,321.31,428.46,428.46,535.61,632.05,Maintain Status Quo,Mongolia,MNG,2021-05-03,v8,TRUE
2021-06-22,ICU_demand,81.44,115.59,153.55,153.55,191.5,225.66,Maintain Status Quo,Mongolia,MNG,2021-05-03,v8,TRUE
2021-06-22,infections,3835.88,5466.49,7278.29,7278.29,9090.08,10720.7,Maintain Status Quo,Mongolia,MNG,2021-05-03,v8,TRUE
2021-06-22,prevalence,26052.75,37109.94,49395.71,49395.71,61681.49,72738.68,Maintain Status Quo,Mongolia,MNG,2021-05-03,v8,TRUE
2021-06-22,cumulative_infections,292083.3,369448.21,455409.22,455409.22,541370.23,618735.15,Maintain Status Quo,Mongolia,MNG,2021-05-03,v8,TRUE
2021-06-22,cumulative_deaths,364.35,429.86,502.65,502.65,575.45,640.96,Maintain Status Quo,Mongolia,MNG,2021-05-03,v8,TRUE
2021-06-22,Rt,1.24,1.29,1.34,1.34,1.39,1.43,Maintain Status Quo,Mongolia,MNG,2021-05-03,v8,TRUE
2021-06-22,Reff,0.94,0.94,0.95,0.95,0.96,0.96,Maintain Status Quo,Mongolia,MNG,2021-05-03,v8,TRUE
2021-06-22,deaths,45.44,50.05,55.17,55.17,60.28,64.89,Relax Interventions 50%,Mongolia,MNG,2021-05-03,v8,TRUE
2021-06-22,hospital_demand,1617.15,1806.21,2016.27,2016.27,2226.33,2415.39,Relax Interventions 50%,Mongolia,MNG,2021-05-03,v8,TRUE
2021-06-22,ICU_demand,407.82,412.24,417.15,417.15,422.05,426.47,Relax Interventions 50%,Mongolia,MNG,2021-05-03,v8,TRUE
2021-06-22,infections,27903.75,28622.14,29420.35,29420.35,30218.55,30936.94,Relax Interventions 50%,Mongolia,MNG,2021-05-03,v8,TRUE
2021-06-22,prevalence,189087.33,193772.39,198978.02,198978.02,204183.64,208868.7,Relax Interventions 50%,Mongolia,MNG,2021-05-03,v8,TRUE
2021-06-22,cumulative_infections,1023734.99,1190658.04,1376128.09,1376128.09,1561598.15,1728521.2,Relax Interventions 50%,Mongolia,MNG,2021-05-03,v8,TRUE
2021-06-22,cumulative_deaths,927.58,1213.42,1531.01,1531.01,1848.6,2134.43,Relax Interventions 50%,Mongolia,MNG,2021-05-03,v8,TRUE
2021-06-22,Rt,1.24,1.29,1.34,1.34,1.39,1.43,Relax Interventions 50%,Mongolia,MNG,2021-05-03,v8,TRUE
2021-06-22,Reff,0.44,0.48,0.53,0.53,0.58,0.62,Relax Interventions 50%,Mongolia,MNG,2021-05-03,v8,TRUE
2021-06-22,deaths,0.29,0.39,0.51,0.51,0.63,0.74,Surged Additional 50% Reduction,Mongolia,MNG,2021-05-03,v8,TRUE
2021-06-22,hospital_demand,9.94,14.05,18.62,18.62,23.19,27.3,Surged Additional 50% Reduction,Mongolia,MNG,2021-05-03,v8,TRUE
2021-06-22,ICU_demand,5.57,7.51,9.67,9.67,11.82,13.76,Surged Additional 50% Reduction,Mongolia,MNG,2021-05-03,v8,TRUE
2021-06-22,infections,48.11,76.82,108.71,108.71,140.61,169.32,Surged Additional 50% Reduction,Mongolia,MNG,2021-05-03,v8,TRUE
2021-06-22,prevalence,339.6,538.4,759.28,759.28,980.17,1178.97,Surged Additional 50% Reduction,Mongolia,MNG,2021-05-03,v8,TRUE
2021-06-22,cumulative_infections,138113.98,156902.89,177779.46,177779.46,198656.03,217444.94,Surged Additional 50% Reduction,Mongolia,MNG,2021-05-03,v8,TRUE
2021-06-22,cumulative_deaths,255.64,282.09,311.48,311.48,340.86,367.31,Surged Additional 50% Reduction,Mongolia,MNG,2021-05-03,v8,TRUE
2021-06-22,Rt,1.24,1.29,1.34,1.34,1.39,1.43,Surged Additional 50% Reduction,Mongolia,MNG,2021-05-03,v8,TRUE
2021-06-22,Reff,0.98,1,1.03,1.03,1.06,1.09,Surged Additional 50% Reduction,Mongolia,MNG,2021-05-03,v8,TRUE
2021-06-22,deaths,4.44,6.32,8.4,8.4,10.49,12.36,Surged Maintain Status Quo,Mongolia,MNG,2021-05-03,v8,TRUE
2021-06-22,hospital_demand,224.87,321.31,428.46,428.46,535.61,632.05,Surged Maintain Status Quo,Mongolia,MNG,2021-05-03,v8,TRUE
2021-06-22,ICU_demand,81.44,115.59,153.55,153.55,191.5,225.66,Surged Maintain Status Quo,Mongolia,MNG,2021-05-03,v8,TRUE
2021-06-22,infections,3835.88,5466.49,7278.29,7278.29,9090.08,10720.7,Surged Maintain Status Quo,Mongolia,MNG,2021-05-03,v8,TRUE
2021-06-22,prevalence,26052.75,37109.94,49395.71,49395.71,61681.49,72738.68,Surged Maintain Status Quo,Mongolia,MNG,2021-05-03,v8,TRUE
2021-06-22,cumulative_infections,292083.3,369448.21,455409.22,455409.22,541370.23,618735.15,Surged Maintain Status Quo,Mongolia,MNG,2021-05-03,v8,TRUE
2021-06-22,cumulative_deaths,364.35,429.86,502.65,502.65,575.45,640.96,Surged Maintain Status Quo,Mongolia,MNG,2021-05-03,v8,TRUE
2021-06-22,Rt,1.24,1.29,1.34,1.34,1.39,1.43,Surged Maintain Status Quo,Mongolia,MNG,2021-05-03,v8,TRUE
2021-06-22,Reff,0.86,0.87,0.88,0.88,0.89,0.9,Surged Maintain Status Quo,Mongolia,MNG,2021-05-03,v8,TRUE
2021-06-22,deaths,29.72,34.95,40.77,40.77,46.58,51.81,Surged Relax Interventions 50%,Mongolia,MNG,2021-05-03,v8,TRUE
2021-06-22,hospital_demand,1627.09,1827.12,2049.39,2049.39,2271.65,2471.68,Surged Relax Interventions 50%,Mongolia,MNG,2021-05-03,v8,TRUE
2021-06-22,ICU_demand,552.1,633.44,723.82,723.82,814.21,895.55,Surged Relax Interventions 50%,Mongolia,MNG,2021-05-03,v8,TRUE
2021-06-22,infections,27903.54,28621.99,29420.27,29420.27,30218.55,30937,Surged Relax Interventions 50%,Mongolia,MNG,2021-05-03,v8,TRUE
2021-06-22,prevalence,189611.21,194208.77,199317.18,199317.18,204425.58,209023.15,Surged Relax Interventions 50%,Mongolia,MNG,2021-05-03,v8,TRUE
2021-06-22,cumulative_infections,1023733.91,1190655.74,1376124.45,1376124.45,1561593.15,1728514.99,Surged Relax Interventions 50%,Mongolia,MNG,2021-05-03,v8,TRUE
2021-06-22,cumulative_deaths,764.69,924.8,1102.71,1102.71,1280.61,1440.73,Surged Relax Interventions 50%,Mongolia,MNG,2021-05-03,v8,TRUE
2021-06-22,Rt,1.24,1.29,1.34,1.34,1.39,1.43,Surged Relax Interventions 50%,Mongolia,MNG,2021-05-03,v8,TRUE
2021-06-22,Reff,0.36,0.41,0.46,0.46,0.51,0.55,Surged Relax Interventions 50%,Mongolia,MNG,2021-05-03,v8,TRUE
2021-06-23,deaths,0.26,0.36,0.47,0.47,0.59,0.69,Additional 50% Reduction,Mongolia,MNG,2021-05-03,v8,TRUE
2021-06-23,hospital_demand,9.13,12.98,17.27,17.27,21.55,25.4,Additional 50% Reduction,Mongolia,MNG,2021-05-03,v8,TRUE
2021-06-23,ICU_demand,5.14,6.96,8.99,8.99,11.01,12.84,Additional 50% Reduction,Mongolia,MNG,2021-05-03,v8,TRUE
2021-06-23,infections,44.15,70.97,100.77,100.77,130.57,157.38,Additional 50% Reduction,Mongolia,MNG,2021-05-03,v8,TRUE
2021-06-23,prevalence,311.66,497.41,703.8,703.8,910.19,1095.94,Additional 50% Reduction,Mongolia,MNG,2021-05-03,v8,TRUE
2021-06-23,cumulative_infections,138158.13,156973.86,177880.23,177880.23,198786.6,217602.33,Additional 50% Reduction,Mongolia,MNG,2021-05-03,v8,TRUE
2021-06-23,cumulative_deaths,255.91,282.45,311.95,311.95,341.45,367.99,Additional 50% Reduction,Mongolia,MNG,2021-05-03,v8,TRUE
2021-06-23,Rt,1.24,1.29,1.34,1.34,1.39,1.43,Additional 50% Reduction,Mongolia,MNG,2021-05-03,v8,TRUE
2021-06-23,Reff,1.04,1.07,1.1,1.1,1.13,1.16,Additional 50% Reduction,Mongolia,MNG,2021-05-03,v8,TRUE
2021-06-23,deaths,4.44,6.33,8.43,8.43,10.53,12.42,Maintain Status Quo,Mongolia,MNG,2021-05-03,v8,TRUE
2021-06-23,hospital_demand,224.56,321.28,428.74,428.74,536.21,632.93,Maintain Status Quo,Mongolia,MNG,2021-05-03,v8,TRUE
2021-06-23,ICU_demand,81.36,115.71,153.87,153.87,192.03,226.38,Maintain Status Quo,Mongolia,MNG,2021-05-03,v8,TRUE
2021-06-23,infections,3816.38,5429.14,7221.09,7221.09,9013.05,10625.8,Maintain Status Quo,Mongolia,MNG,2021-05-03,v8,TRUE
2021-06-23,prevalence,25920.95,36857.98,49010.25,49010.25,61162.51,72099.54,Maintain Status Quo,Mongolia,MNG,2021-05-03,v8,TRUE
2021-06-23,cumulative_infections,295899.68,374877.35,462630.32,462630.32,550383.28,629360.95,Maintain Status Quo,Mongolia,MNG,2021-05-03,v8,TRUE
2021-06-23,cumulative_deaths,368.79,436.19,511.08,511.08,585.97,653.37,Maintain Status Quo,Mongolia,MNG,2021-05-03,v8,TRUE
2021-06-23,Rt,1.24,1.29,1.34,1.34,1.39,1.43,Maintain Status Quo,Mongolia,MNG,2021-05-03,v8,TRUE
2021-06-23,Reff,0.93,0.94,0.95,0.95,0.95,0.96,Maintain Status Quo,Mongolia,MNG,2021-05-03,v8,TRUE
2021-06-23,deaths,45.96,49.84,54.14,54.14,58.45,62.33,Relax Interventions 50%,Mongolia,MNG,2021-05-03,v8,TRUE
2021-06-23,hospital_demand,1644.33,1815.2,2005.06,2005.06,2194.91,2365.78,Relax Interventions 50%,Mongolia,MNG,2021-05-03,v8,TRUE
2021-06-23,ICU_demand,408.34,411.9,415.85,415.85,419.8,423.35,Relax Interventions 50%,Mongolia,MNG,2021-05-03,v8,TRUE
2021-06-23,infections,26233.94,27262.47,28405.28,28405.28,29548.09,30576.62,Relax Interventions 50%,Mongolia,MNG,2021-05-03,v8,TRUE
2021-06-23,prevalence,177972.42,184714.98,192206.71,192206.71,199698.44,206441.01,Relax Interventions 50%,Mongolia,MNG,2021-05-03,v8,TRUE
2021-06-23,cumulative_infections,1054311.61,1220206.13,1404533.37,1404533.37,1588860.62,1754755.14,Relax Interventions 50%,Mongolia,MNG,2021-05-03,v8,TRUE
2021-06-23,cumulative_deaths,973.54,1263.25,1585.15,1585.15,1907.05,2196.76,Relax Interventions 50%,Mongolia,MNG,2021-05-03,v8,TRUE
2021-06-23,Rt,1.24,1.29,1.34,1.34,1.39,1.43,Relax Interventions 50%,Mongolia,MNG,2021-05-03,v8,TRUE
2021-06-23,Reff,0.43,0.47,0.52,0.52,0.57,0.61,Relax Interventions 50%,Mongolia,MNG,2021-05-03,v8,TRUE
2021-06-23,deaths,0.26,0.36,0.47,0.47,0.59,0.69,Surged Additional 50% Reduction,Mongolia,MNG,2021-05-03,v8,TRUE
2021-06-23,hospital_demand,9.13,12.98,17.27,17.27,21.55,25.4,Surged Additional 50% Reduction,Mongolia,MNG,2021-05-03,v8,TRUE
2021-06-23,ICU_demand,5.14,6.96,8.99,8.99,11.01,12.84,Surged Additional 50% Reduction,Mongolia,MNG,2021-05-03,v8,TRUE
2021-06-23,infections,44.15,70.97,100.77,100.77,130.57,157.38,Surged Additional 50% Reduction,Mongolia,MNG,2021-05-03,v8,TRUE
2021-06-23,prevalence,311.66,497.41,703.8,703.8,910.19,1095.94,Surged Additional 50% Reduction,Mongolia,MNG,2021-05-03,v8,TRUE
2021-06-23,cumulative_infections,138158.13,156973.86,177880.23,177880.23,198786.6,217602.33,Surged Additional 50% Reduction,Mongolia,MNG,2021-05-03,v8,TRUE
2021-06-23,cumulative_deaths,255.91,282.45,311.95,311.95,341.45,367.99,Surged Additional 50% Reduction,Mongolia,MNG,2021-05-03,v8,TRUE
2021-06-23,Rt,1.24,1.29,1.34,1.34,1.39,1.43,Surged Additional 50% Reduction,Mongolia,MNG,2021-05-03,v8,TRUE
2021-06-23,Reff,0.98,1,1.03,1.03,1.06,1.09,Surged Additional 50% Reduction,Mongolia,MNG,2021-05-03,v8,TRUE
2021-06-23,deaths,4.44,6.33,8.43,8.43,10.53,12.42,Surged Maintain Status Quo,Mongolia,MNG,2021-05-03,v8,TRUE
2021-06-23,hospital_demand,224.56,321.28,428.74,428.74,536.21,632.93,Surged Maintain Status Quo,Mongolia,MNG,2021-05-03,v8,TRUE
2021-06-23,ICU_demand,81.36,115.71,153.87,153.87,192.03,226.38,Surged Maintain Status Quo,Mongolia,MNG,2021-05-03,v8,TRUE
2021-06-23,infections,3816.38,5429.14,7221.09,7221.09,9013.05,10625.8,Surged Maintain Status Quo,Mongolia,MNG,2021-05-03,v8,TRUE
2021-06-23,prevalence,25920.95,36857.98,49010.25,49010.25,61162.51,72099.54,Surged Maintain Status Quo,Mongolia,MNG,2021-05-03,v8,TRUE
2021-06-23,cumulative_infections,295899.68,374877.35,462630.32,462630.32,550383.28,629360.95,Surged Maintain Status Quo,Mongolia,MNG,2021-05-03,v8,TRUE
2021-06-23,cumulative_deaths,368.79,436.19,511.08,511.08,585.97,653.37,Surged Maintain Status Quo,Mongolia,MNG,2021-05-03,v8,TRUE
2021-06-23,Rt,1.24,1.29,1.34,1.34,1.39,1.43,Surged Maintain Status Quo,Mongolia,MNG,2021-05-03,v8,TRUE
2021-06-23,Reff,0.86,0.86,0.88,0.88,0.89,0.9,Surged Maintain Status Quo,Mongolia,MNG,2021-05-03,v8,TRUE
2021-06-23,deaths,30.51,35.49,41.02,41.02,46.56,51.54,Surged Relax Interventions 50%,Mongolia,MNG,2021-05-03,v8,TRUE
2021-06-23,hospital_demand,1655.76,1837.48,2039.39,2039.39,2241.3,2423.02,Surged Relax Interventions 50%,Mongolia,MNG,2021-05-03,v8,TRUE
2021-06-23,ICU_demand,564.19,640.35,724.97,724.97,809.59,885.74,Surged Relax Interventions 50%,Mongolia,MNG,2021-05-03,v8,TRUE
2021-06-23,infections,26233.7,27262.3,28405.2,28405.2,29548.1,30576.71,Surged Relax Interventions 50%,Mongolia,MNG,2021-05-03,v8,TRUE
2021-06-23,prevalence,178490.94,185150.48,192549.97,192549.97,199949.45,206608.99,Surged Relax Interventions 50%,Mongolia,MNG,2021-05-03,v8,TRUE
2021-06-23,cumulative_infections,1054310.62,1220203.84,1404529.65,1404529.65,1588855.46,1754748.68,Surged Relax Interventions 50%,Mongolia,MNG,2021-05-03,v8,TRUE
2021-06-23,cumulative_deaths,795.2,960.29,1143.73,1143.73,1327.17,1492.27,Surged Relax Interventions 50%,Mongolia,MNG,2021-05-03,v8,TRUE
2021-06-23,Rt,1.24,1.29,1.34,1.34,1.39,1.43,Surged Relax Interventions 50%,Mongolia,MNG,2021-05-03,v8,TRUE
2021-06-23,Reff,0.36,0.4,0.45,0.45,0.5,0.54,Surged Relax Interventions 50%,Mongolia,MNG,2021-05-03,v8,TRUE
2021-06-24,deaths,0.24,0.33,0.44,0.44,0.54,0.64,Additional 50% Reduction,Mongolia,MNG,2021-05-03,v8,TRUE
2021-06-24,hospital_demand,8.39,12,16.01,16.01,20.02,23.63,Additional 50% Reduction,Mongolia,MNG,2021-05-03,v8,TRUE
2021-06-24,ICU_demand,4.74,6.45,8.36,8.36,10.26,11.97,Additional 50% Reduction,Mongolia,MNG,2021-05-03,v8,TRUE
2021-06-24,infections,40.51,65.57,93.4,93.4,121.24,146.29,Additional 50% Reduction,Mongolia,MNG,2021-05-03,v8,TRUE
2021-06-24,prevalence,286.03,459.58,652.4,652.4,845.23,1018.78,Additional 50% Reduction,Mongolia,MNG,2021-05-03,v8,TRUE
2021-06-24,cumulative_infections,138198.64,157039.43,177973.63,177973.63,198907.84,217748.62,Additional 50% Reduction,Mongolia,MNG,2021-05-03,v8,TRUE
2021-06-24,cumulative_deaths,256.15,282.79,312.39,312.39,341.99,368.63,Additional 50% Reduction,Mongolia,MNG,2021-05-03,v8,TRUE
2021-06-24,Rt,1.24,1.29,1.34,1.34,1.39,1.43,Additional 50% Reduction,Mongolia,MNG,2021-05-03,v8,TRUE
2021-06-24,Reff,1.04,1.07,1.1,1.1,1.13,1.16,Additional 50% Reduction,Mongolia,MNG,2021-05-03,v8,TRUE
2021-06-24,deaths,4.44,6.34,8.45,8.45,10.56,12.46,Maintain Status Quo,Mongolia,MNG,2021-05-03,v8,TRUE
2021-06-24,hospital_demand,224.21,321.11,428.78,428.78,536.45,633.35,Maintain Status Quo,Mongolia,MNG,2021-05-03,v8,TRUE
2021-06-24,ICU_demand,81.27,115.77,154.11,154.11,192.45,226.96,Maintain Status Quo,Mongolia,MNG,2021-05-03,v8,TRUE
2021-06-24,infections,3796,5389.43,7159.91,7159.91,8930.38,10523.81,Maintain Status Quo,Mongolia,MNG,2021-05-03,v8,TRUE
2021-06-24,prevalence,25783.12,36590.15,48597.96,48597.96,60605.78,71412.81,Maintain Status Quo,Mongolia,MNG,2021-05-03,v8,TRUE
2021-06-24,cumulative_infections,299695.68,380266.78,469790.22,469790.22,559313.66,639884.76,Maintain Status Quo,Mongolia,MNG,2021-05-03,v8,TRUE
2021-06-24,cumulative_deaths,373.23,442.53,519.53,519.53,596.53,665.84,Maintain Status Quo,Mongolia,MNG,2021-05-03,v8,TRUE
2021-06-24,Rt,1.24,1.29,1.34,1.34,1.39,1.43,Maintain Status Quo,Mongolia,MNG,2021-05-03,v8,TRUE
2021-06-24,Reff,0.93,0.94,0.94,0.94,0.95,0.96,Maintain Status Quo,Mongolia,MNG,2021-05-03,v8,TRUE
2021-06-24,deaths,46.35,49.5,52.99,52.99,56.49,59.64,Relax Interventions 50%,Mongolia,MNG,2021-05-03,v8,TRUE
2021-06-24,hospital_demand,1668.16,1820.16,1989.04,1989.04,2157.92,2309.91,Relax Interventions 50%,Mongolia,MNG,2021-05-03,v8,TRUE
2021-06-24,ICU_demand,408.7,411.4,414.41,414.41,417.41,420.12,Relax Interventions 50%,Mongolia,MNG,2021-05-03,v8,TRUE
2021-06-24,infections,24611.91,25922.27,27378.23,27378.23,28834.19,30144.55,Relax Interventions 50%,Mongolia,MNG,2021-05-03,v8,TRUE
2021-06-24,prevalence,167161.48,175776.87,185349.53,185349.53,194922.19,203537.58,Relax Interventions 50%,Mongolia,MNG,2021-05-03,v8,TRUE
2021-06-24,cumulative_infections,1084456.16,1249040.32,1431911.61,1431911.61,1614782.89,1779367.05,Relax Interventions 50%,Mongolia,MNG,2021-05-03,v8,TRUE
2021-06-24,cumulative_deaths,1019.89,1312.75,1638.14,1638.14,1963.54,2256.39,Relax Interventions 50%,Mongolia,MNG,2021-05-03,v8,TRUE
2021-06-24,Rt,1.24,1.29,1.34,1.34,1.39,1.43,Relax Interventions 50%,Mongolia,MNG,2021-05-03,v8,TRUE
2021-06-24,Reff,0.42,0.46,0.51,0.51,0.56,0.6,Relax Interventions 50%,Mongolia,MNG,2021-05-03,v8,TRUE
2021-06-24,deaths,0.24,0.33,0.44,0.44,0.54,0.64,Surged Additional 50% Reduction,Mongolia,MNG,2021-05-03,v8,TRUE
2021-06-24,hospital_demand,8.39,12,16.01,16.01,20.02,23.63,Surged Additional 50% Reduction,Mongolia,MNG,2021-05-03,v8,TRUE
2021-06-24,ICU_demand,4.74,6.45,8.36,8.36,10.26,11.97,Surged Additional 50% Reduction,Mongolia,MNG,2021-05-03,v8,TRUE
2021-06-24,infections,40.51,65.57,93.4,93.4,121.24,146.29,Surged Additional 50% Reduction,Mongolia,MNG,2021-05-03,v8,TRUE
2021-06-24,prevalence,286.03,459.58,652.4,652.4,845.23,1018.78,Surged Additional 50% Reduction,Mongolia,MNG,2021-05-03,v8,TRUE
2021-06-24,cumulative_infections,138198.64,157039.43,177973.63,177973.63,198907.84,217748.62,Surged Additional 50% Reduction,Mongolia,MNG,2021-05-03,v8,TRUE
2021-06-24,cumulative_deaths,256.15,282.79,312.39,312.39,341.99,368.63,Surged Additional 50% Reduction,Mongolia,MNG,2021-05-03,v8,TRUE
2021-06-24,Rt,1.24,1.29,1.34,1.34,1.39,1.43,Surged Additional 50% Reduction,Mongolia,MNG,2021-05-03,v8,TRUE
2021-06-24,Reff,0.98,1,1.03,1.03,1.06,1.09,Surged Additional 50% Reduction,Mongolia,MNG,2021-05-03,v8,TRUE
2021-06-24,deaths,4.44,6.34,8.45,8.45,10.56,12.46,Surged Maintain Status Quo,Mongolia,MNG,2021-05-03,v8,TRUE
2021-06-24,hospital_demand,224.21,321.11,428.78,428.78,536.45,633.35,Surged Maintain Status Quo,Mongolia,MNG,2021-05-03,v8,TRUE
2021-06-24,ICU_demand,81.27,115.77,154.11,154.11,192.45,226.96,Surged Maintain Status Quo,Mongolia,MNG,2021-05-03,v8,TRUE
2021-06-24,infections,3796,5389.43,7159.91,7159.91,8930.38,10523.81,Surged Maintain Status Quo,Mongolia,MNG,2021-05-03,v8,TRUE
2021-06-24,prevalence,25783.12,36590.15,48597.96,48597.96,60605.78,71412.81,Surged Maintain Status Quo,Mongolia,MNG,2021-05-03,v8,TRUE
2021-06-24,cumulative_infections,299695.68,380266.78,469790.22,469790.22,559313.66,639884.76,Surged Maintain Status Quo,Mongolia,MNG,2021-05-03,v8,TRUE
2021-06-24,cumulative_deaths,373.23,442.53,519.53,519.53,596.53,665.84,Surged Maintain Status Quo,Mongolia,MNG,2021-05-03,v8,TRUE
2021-06-24,Rt,1.24,1.29,1.34,1.34,1.39,1.43,Surged Maintain Status Quo,Mongolia,MNG,2021-05-03,v8,TRUE
2021-06-24,Reff,0.85,0.86,0.87,0.87,0.88,0.9,Surged Maintain Status Quo,Mongolia,MNG,2021-05-03,v8,TRUE
2021-06-24,deaths,31.25,35.95,41.18,41.18,46.4,51.1,Surged Relax Interventions 50%,Mongolia,MNG,2021-05-03,v8,TRUE
2021-06-24,hospital_demand,1681.1,1843.74,2024.45,2024.45,2205.16,2367.8,Surged Relax Interventions 50%,Mongolia,MNG,2021-05-03,v8,TRUE
2021-06-24,ICU_demand,575.33,645.94,724.39,724.39,802.84,873.44,Surged Relax Interventions 50%,Mongolia,MNG,2021-05-03,v8,TRUE
2021-06-24,infections,24611.85,25922.27,27378.3,27378.3,28834.32,30144.74,Surged Relax Interventions 50%,Mongolia,MNG,2021-05-03,v8,TRUE
2021-06-24,prevalence,167672.44,176209.6,185695.34,185695.34,195181.07,203718.24,Surged Relax Interventions 50%,Mongolia,MNG,2021-05-03,v8,TRUE
2021-06-24,cumulative_infections,1084455.36,1249038.16,1431907.95,1431907.95,1614777.73,1779360.53,Surged Relax Interventions 50%,Mongolia,MNG,2021-05-03,v8,TRUE
2021-06-24,cumulative_deaths,826.45,996.25,1184.91,1184.91,1373.57,1543.37,Surged Relax Interventions 50%,Mongolia,MNG,2021-05-03,v8,TRUE
2021-06-24,Rt,1.24,1.29,1.34,1.34,1.39,1.43,Surged Relax Interventions 50%,Mongolia,MNG,2021-05-03,v8,TRUE
2021-06-24,Reff,0.35,0.39,0.44,0.44,0.49,0.53,Surged Relax Interventions 50%,Mongolia,MNG,2021-05-03,v8,TRUE
2021-06-25,deaths,0.22,0.31,0.41,0.41,0.5,0.59,Additional 50% Reduction,Mongolia,MNG,2021-05-03,v8,TRUE
2021-06-25,hospital_demand,7.7,11.09,14.84,14.84,18.6,21.99,Additional 50% Reduction,Mongolia,MNG,2021-05-03,v8,TRUE
2021-06-25,ICU_demand,4.37,5.98,7.77,7.77,9.56,11.17,Additional 50% Reduction,Mongolia,MNG,2021-05-03,v8,TRUE
2021-06-25,infections,37.18,60.58,86.58,86.58,112.58,135.99,Additional 50% Reduction,Mongolia,MNG,2021-05-03,v8,TRUE
2021-06-25,prevalence,262.51,424.64,604.79,604.79,784.93,947.06,Additional 50% Reduction,Mongolia,MNG,2021-05-03,v8,TRUE
2021-06-25,cumulative_infections,138235.82,157100.01,178060.21,178060.21,199020.42,217884.61,Additional 50% Reduction,Mongolia,MNG,2021-05-03,v8,TRUE
2021-06-25,cumulative_deaths,256.37,283.1,312.8,312.8,342.49,369.22,Additional 50% Reduction,Mongolia,MNG,2021-05-03,v8,TRUE
2021-06-25,Rt,1.24,1.29,1.34,1.34,1.39,1.43,Additional 50% Reduction,Mongolia,MNG,2021-05-03,v8,TRUE
2021-06-25,Reff,1.04,1.07,1.1,1.1,1.13,1.16,Additional 50% Reduction,Mongolia,MNG,2021-05-03,v8,TRUE
2021-06-25,deaths,4.43,6.34,8.47,8.47,10.59,12.5,Maintain Status Quo,Mongolia,MNG,2021-05-03,v8,TRUE
2021-06-25,hospital_demand,223.81,320.8,428.57,428.57,536.34,633.33,Maintain Status Quo,Mongolia,MNG,2021-05-03,v8,TRUE
2021-06-25,ICU_demand,81.17,115.8,154.28,154.28,192.75,227.38,Maintain Status Quo,Mongolia,MNG,2021-05-03,v8,TRUE
2021-06-25,infections,3774.74,5347.46,7094.92,7094.92,8842.37,10415.09,Maintain Status Quo,Mongolia,MNG,2021-05-03,v8,TRUE
2021-06-25,prevalence,25639.51,36307.19,48160.17,48160.17,60013.16,70680.84,Maintain Status Quo,Mongolia,MNG,2021-05-03,v8,TRUE
2021-06-25,cumulative_infections,303470.42,385614.24,476885.14,476885.14,568156.04,650299.85,Maintain Status Quo,Mongolia,MNG,2021-05-03,v8,TRUE
2021-06-25,cumulative_deaths,377.66,448.88,528,528,607.12,678.34,Maintain Status Quo,Mongolia,MNG,2021-05-03,v8,TRUE
2021-06-25,Rt,1.24,1.29,1.34,1.34,1.39,1.43,Maintain Status Quo,Mongolia,MNG,2021-05-03,v8,TRUE
2021-06-25,Reff,0.92,0.93,0.94,0.94,0.95,0.96,Maintain Status Quo,Mongolia,MNG,2021-05-03,v8,TRUE
2021-06-25,deaths,46.61,49.04,51.73,51.73,54.42,56.84,Relax Interventions 50%,Mongolia,MNG,2021-05-03,v8,TRUE
2021-06-25,hospital_demand,1688.48,1821.12,1968.5,1968.5,2115.88,2248.52,Relax Interventions 50%,Mongolia,MNG,2021-05-03,v8,TRUE
2021-06-25,ICU_demand,408.89,410.76,412.84,412.84,414.92,416.79,Relax Interventions 50%,Mongolia,MNG,2021-05-03,v8,TRUE
2021-06-25,infections,23045.01,24608.2,26345.09,26345.09,28081.97,29645.17,Relax Interventions 50%,Mongolia,MNG,2021-05-03,v8,TRUE
2021-06-25,prevalence,156704.58,167003.44,178446.63,178446.63,189889.82,200188.69,Relax Interventions 50%,Mongolia,MNG,2021-05-03,v8,TRUE
2021-06-25,cumulative_infections,1114101.33,1277122.29,1458256.7,1458256.7,1639391.1,1802412.06,Relax Interventions 50%,Mongolia,MNG,2021-05-03,v8,TRUE
2021-06-25,cumulative_deaths,1066.51,1361.78,1689.87,1689.87,2017.96,2313.24,Relax Interventions 50%,Mongolia,MNG,2021-05-03,v8,TRUE
2021-06-25,Rt,1.24,1.29,1.34,1.34,1.39,1.43,Relax Interventions 50%,Mongolia,MNG,2021-05-03,v8,TRUE
2021-06-25,Reff,0.42,0.46,0.5,0.5,0.55,0.59,Relax Interventions 50%,Mongolia,MNG,2021-05-03,v8,TRUE
2021-06-25,deaths,0.22,0.31,0.41,0.41,0.5,0.59,Surged Additional 50% Reduction,Mongolia,MNG,2021-05-03,v8,TRUE
2021-06-25,hospital_demand,7.7,11.09,14.84,14.84,18.6,21.99,Surged Additional 50% Reduction,Mongolia,MNG,2021-05-03,v8,TRUE
2021-06-25,ICU_demand,4.37,5.98,7.77,7.77,9.56,11.17,Surged Additional 50% Reduction,Mongolia,MNG,2021-05-03,v8,TRUE
2021-06-25,infections,37.18,60.58,86.58,86.58,112.58,135.99,Surged Additional 50% Reduction,Mongolia,MNG,2021-05-03,v8,TRUE
2021-06-25,prevalence,262.51,424.64,604.79,604.79,784.93,947.06,Surged Additional 50% Reduction,Mongolia,MNG,2021-05-03,v8,TRUE
2021-06-25,cumulative_infections,138235.82,157100.01,178060.21,178060.21,199020.42,217884.61,Surged Additional 50% Reduction,Mongolia,MNG,2021-05-03,v8,TRUE
2021-06-25,cumulative_deaths,256.37,283.1,312.8,312.8,342.49,369.22,Surged Additional 50% Reduction,Mongolia,MNG,2021-05-03,v8,TRUE
2021-06-25,Rt,1.24,1.29,1.34,1.34,1.39,1.43,Surged Additional 50% Reduction,Mongolia,MNG,2021-05-03,v8,TRUE
2021-06-25,Reff,0.98,1,1.03,1.03,1.06,1.09,Surged Additional 50% Reduction,Mongolia,MNG,2021-05-03,v8,TRUE
2021-06-25,deaths,4.43,6.34,8.47,8.47,10.59,12.5,Surged Maintain Status Quo,Mongolia,MNG,2021-05-03,v8,TRUE
2021-06-25,hospital_demand,223.81,320.8,428.57,428.57,536.34,633.33,Surged Maintain Status Quo,Mongolia,MNG,2021-05-03,v8,TRUE
2021-06-25,ICU_demand,81.17,115.8,154.28,154.28,192.75,227.38,Surged Maintain Status Quo,Mongolia,MNG,2021-05-03,v8,TRUE
2021-06-25,infections,3774.74,5347.46,7094.92,7094.92,8842.37,10415.09,Surged Maintain Status Quo,Mongolia,MNG,2021-05-03,v8,TRUE
2021-06-25,prevalence,25639.51,36307.19,48160.17,48160.17,60013.16,70680.84,Surged Maintain Status Quo,Mongolia,MNG,2021-05-03,v8,TRUE
2021-06-25,cumulative_infections,303470.42,385614.24,476885.14,476885.14,568156.04,650299.85,Surged Maintain Status Quo,Mongolia,MNG,2021-05-03,v8,TRUE
2021-06-25,cumulative_deaths,377.66,448.88,528,528,607.12,678.34,Surged Maintain Status Quo,Mongolia,MNG,2021-05-03,v8,TRUE
2021-06-25,Rt,1.24,1.29,1.34,1.34,1.39,1.43,Surged Maintain Status Quo,Mongolia,MNG,2021-05-03,v8,TRUE
2021-06-25,Reff,0.85,0.86,0.87,0.87,0.88,0.89,Surged Maintain Status Quo,Mongolia,MNG,2021-05-03,v8,TRUE
2021-06-25,deaths,31.94,36.34,41.22,41.22,46.11,50.51,Surged Relax Interventions 50%,Mongolia,MNG,2021-05-03,v8,TRUE
2021-06-25,hospital_demand,1702.9,1845.92,2004.83,2004.83,2163.74,2306.75,Surged Relax Interventions 50%,Mongolia,MNG,2021-05-03,v8,TRUE
2021-06-25,ICU_demand,585.44,650.19,722.14,722.14,794.09,858.84,Surged Relax Interventions 50%,Mongolia,MNG,2021-05-03,v8,TRUE
2021-06-25,infections,23045,24608.25,26345.18,26345.18,28082.12,29645.36,Surged Relax Interventions 50%,Mongolia,MNG,2021-05-03,v8,TRUE
2021-06-25,prevalence,157204.89,167430.7,178792.7,178792.7,190154.7,200380.5,Surged Relax Interventions 50%,Mongolia,MNG,2021-05-03,v8,TRUE
2021-06-25,cumulative_infections,1114100.72,1277120.28,1458253.13,1458253.13,1639385.97,1802405.53,Surged Relax Interventions 50%,Mongolia,MNG,2021-05-03,v8,TRUE
2021-06-25,cumulative_deaths,858.39,1032.58,1226.13,1226.13,1419.68,1593.88,Surged Relax Interventions 50%,Mongolia,MNG,2021-05-03,v8,TRUE
2021-06-25,Rt,1.24,1.29,1.34,1.34,1.39,1.43,Surged Relax Interventions 50%,Mongolia,MNG,2021-05-03,v8,TRUE
2021-06-25,Reff,0.35,0.39,0.43,0.43,0.48,0.52,Surged Relax Interventions 50%,Mongolia,MNG,2021-05-03,v8,TRUE
2021-06-26,deaths,0.2,0.29,0.38,0.38,0.47,0.55,Additional 50% Reduction,Mongolia,MNG,2021-05-03,v8,TRUE
2021-06-26,hospital_demand,7.08,10.24,13.77,13.77,17.29,20.45,Additional 50% Reduction,Mongolia,MNG,2021-05-03,v8,TRUE
2021-06-26,ICU_demand,4.03,5.54,7.22,7.22,8.9,10.41,Additional 50% Reduction,Mongolia,MNG,2021-05-03,v8,TRUE
2021-06-26,infections,34.12,55.98,80.26,80.26,104.55,126.41,Additional 50% Reduction,Mongolia,MNG,2021-05-03,v8,TRUE
2021-06-26,prevalence,240.94,392.39,560.67,560.67,728.95,880.41,Additional 50% Reduction,Mongolia,MNG,2021-05-03,v8,TRUE
2021-06-26,cumulative_infections,138269.94,157155.98,178140.48,178140.48,199124.97,218011.02,Additional 50% Reduction,Mongolia,MNG,2021-05-03,v8,TRUE
2021-06-26,cumulative_deaths,256.57,283.38,313.17,313.17,342.96,369.77,Additional 50% Reduction,Mongolia,MNG,2021-05-03,v8,TRUE
2021-06-26,Rt,1.24,1.29,1.34,1.34,1.39,1.43,Additional 50% Reduction,Mongolia,MNG,2021-05-03,v8,TRUE
2021-06-26,Reff,1.04,1.07,1.1,1.1,1.13,1.16,Additional 50% Reduction,Mongolia,MNG,2021-05-03,v8,TRUE
2021-06-26,deaths,4.43,6.35,8.48,8.48,10.61,12.53,Maintain Status Quo,Mongolia,MNG,2021-05-03,v8,TRUE
2021-06-26,hospital_demand,223.36,320.35,428.11,428.11,535.87,632.86,Maintain Status Quo,Mongolia,MNG,2021-05-03,v8,TRUE
2021-06-26,ICU_demand,81.05,115.77,154.36,154.36,192.94,227.66,Maintain Status Quo,Mongolia,MNG,2021-05-03,v8,TRUE
2021-06-26,infections,3752.67,5303.35,7026.33,7026.33,8749.31,10299.99,Maintain Status Quo,Mongolia,MNG,2021-05-03,v8,TRUE
2021-06-26,prevalence,25490.33,36009.84,47698.19,47698.19,59386.53,69906.04,Maintain Status Quo,Mongolia,MNG,2021-05-03,v8,TRUE
2021-06-26,cumulative_infections,307223.09,390917.58,483911.46,483911.46,576905.35,660599.84,Maintain Status Quo,Mongolia,MNG,2021-05-03,v8,TRUE
2021-06-26,cumulative_deaths,382.09,455.22,536.48,536.48,617.74,690.87,Maintain Status Quo,Mongolia,MNG,2021-05-03,v8,TRUE
2021-06-26,Rt,1.24,1.29,1.34,1.34,1.39,1.43,Maintain Status Quo,Mongolia,MNG,2021-05-03,v8,TRUE
2021-06-26,Reff,0.92,0.93,0.94,0.94,0.95,0.96,Maintain Status Quo,Mongolia,MNG,2021-05-03,v8,TRUE
2021-06-26,deaths,46.74,48.46,50.36,50.36,52.26,53.97,Relax Interventions 50%,Mongolia,MNG,2021-05-03,v8,TRUE
2021-06-26,hospital_demand,1705.14,1818.16,1943.74,1943.74,2069.32,2182.34,Relax Interventions 50%,Mongolia,MNG,2021-05-03,v8,TRUE
2021-06-26,ICU_demand,408.92,409.99,411.17,411.17,412.35,413.41,Relax Interventions 50%,Mongolia,MNG,2021-05-03,v8,TRUE
2021-06-26,infections,21539,23325.89,25311.32,25311.32,27296.76,29083.65,Relax Interventions 50%,Mongolia,MNG,2021-05-03,v8,TRUE
2021-06-26,prevalence,146639.6,158431.66,171533.94,171533.94,184636.23,196428.29,Relax Interventions 50%,Mongolia,MNG,2021-05-03,v8,TRUE
2021-06-26,cumulative_infections,1143184.98,1304419.05,1483568.02,1483568.02,1662716.99,1823951.06,Relax Interventions 50%,Mongolia,MNG,2021-05-03,v8,TRUE
2021-06-26,cumulative_deaths,1113.25,1410.24,1740.23,1740.23,2070.22,2367.21,Relax Interventions 50%,Mongolia,MNG,2021-05-03,v8,TRUE
2021-06-26,Rt,1.24,1.29,1.34,1.34,1.39,1.43,Relax Interventions 50%,Mongolia,MNG,2021-05-03,v8,TRUE
2021-06-26,Reff,0.41,0.45,0.5,0.5,0.54,0.58,Relax Interventions 50%,Mongolia,MNG,2021-05-03,v8,TRUE
2021-06-26,deaths,0.2,0.29,0.38,0.38,0.47,0.55,Surged Additional 50% Reduction,Mongolia,MNG,2021-05-03,v8,TRUE
2021-06-26,hospital_demand,7.08,10.24,13.77,13.77,17.29,20.45,Surged Additional 50% Reduction,Mongolia,MNG,2021-05-03,v8,TRUE
2021-06-26,ICU_demand,4.03,5.54,7.22,7.22,8.9,10.41,Surged Additional 50% Reduction,Mongolia,MNG,2021-05-03,v8,TRUE
2021-06-26,infections,34.12,55.98,80.26,80.26,104.55,126.41,Surged Additional 50% Reduction,Mongolia,MNG,2021-05-03,v8,TRUE
2021-06-26,prevalence,240.94,392.39,560.67,560.67,728.95,880.41,Surged Additional 50% Reduction,Mongolia,MNG,2021-05-03,v8,TRUE
2021-06-26,cumulative_infections,138269.94,157155.98,178140.48,178140.48,199124.97,218011.02,Surged Additional 50% Reduction,Mongolia,MNG,2021-05-03,v8,TRUE
2021-06-26,cumulative_deaths,256.57,283.38,313.17,313.17,342.96,369.77,Surged Additional 50% Reduction,Mongolia,MNG,2021-05-03,v8,TRUE
2021-06-26,Rt,1.24,1.29,1.34,1.34,1.39,1.43,Surged Additional 50% Reduction,Mongolia,MNG,2021-05-03,v8,TRUE
2021-06-26,Reff,0.98,1,1.03,1.03,1.06,1.09,Surged Additional 50% Reduction,Mongolia,MNG,2021-05-03,v8,TRUE
2021-06-26,deaths,4.43,6.35,8.48,8.48,10.61,12.53,Surged Maintain Status Quo,Mongolia,MNG,2021-05-03,v8,TRUE
2021-06-26,hospital_demand,223.36,320.35,428.11,428.11,535.87,632.86,Surged Maintain Status Quo,Mongolia,MNG,2021-05-03,v8,TRUE
2021-06-26,ICU_demand,81.05,115.77,154.36,154.36,192.94,227.66,Surged Maintain Status Quo,Mongolia,MNG,2021-05-03,v8,TRUE
2021-06-26,infections,3752.67,5303.35,7026.33,7026.33,8749.31,10299.99,Surged Maintain Status Quo,Mongolia,MNG,2021-05-03,v8,TRUE
2021-06-26,prevalence,25490.33,36009.84,47698.19,47698.19,59386.53,69906.04,Surged Maintain Status Quo,Mongolia,MNG,2021-05-03,v8,TRUE
2021-06-26,cumulative_infections,307223.09,390917.58,483911.46,483911.46,576905.35,660599.84,Surged Maintain Status Quo,Mongolia,MNG,2021-05-03,v8,TRUE
2021-06-26,cumulative_deaths,382.09,455.22,536.48,536.48,617.74,690.87,Surged Maintain Status Quo,Mongolia,MNG,2021-05-03,v8,TRUE
2021-06-26,Rt,1.24,1.29,1.34,1.34,1.39,1.43,Surged Maintain Status Quo,Mongolia,MNG,2021-05-03,v8,TRUE
2021-06-26,Reff,0.84,0.85,0.87,0.87,0.88,0.89,Surged Maintain Status Quo,Mongolia,MNG,2021-05-03,v8,TRUE
2021-06-26,deaths,32.58,36.65,41.17,41.17,45.69,49.77,Surged Relax Interventions 50%,Mongolia,MNG,2021-05-03,v8,TRUE
2021-06-26,hospital_demand,1721.03,1844.09,1980.83,1980.83,2117.57,2240.63,Surged Relax Interventions 50%,Mongolia,MNG,2021-05-03,v8,TRUE
2021-06-26,ICU_demand,594.44,653.1,718.28,718.28,783.46,842.12,Surged Relax Interventions 50%,Mongolia,MNG,2021-05-03,v8,TRUE
2021-06-26,infections,21539.07,23325.98,25311.42,25311.42,27296.87,29083.77,Surged Relax Interventions 50%,Mongolia,MNG,2021-05-03,v8,TRUE
2021-06-26,prevalence,147126.57,158851.11,171878.37,171878.37,184905.64,196630.18,Surged Relax Interventions 50%,Mongolia,MNG,2021-05-03,v8,TRUE
2021-06-26,cumulative_infections,1143184.5,1304417.16,1483564.55,1483564.55,1662711.95,1823944.6,Surged Relax Interventions 50%,Mongolia,MNG,2021-05-03,v8,TRUE
2021-06-26,cumulative_deaths,890.97,1069.23,1267.31,1267.31,1465.38,1643.64,Surged Relax Interventions 50%,Mongolia,MNG,2021-05-03,v8,TRUE
2021-06-26,Rt,1.24,1.29,1.34,1.34,1.39,1.43,Surged Relax Interventions 50%,Mongolia,MNG,2021-05-03,v8,TRUE
2021-06-26,Reff,0.34,0.38,0.43,0.43,0.47,0.51,Surged Relax Interventions 50%,Mongolia,MNG,2021-05-03,v8,TRUE
2021-06-27,deaths,0.19,0.26,0.35,0.35,0.44,0.51,Additional 50% Reduction,Mongolia,MNG,2021-05-03,v8,TRUE
2021-06-27,hospital_demand,6.5,9.47,12.76,12.76,16.06,19.03,Additional 50% Reduction,Mongolia,MNG,2021-05-03,v8,TRUE
2021-06-27,ICU_demand,3.71,5.13,6.71,6.71,8.29,9.71,Additional 50% Reduction,Mongolia,MNG,2021-05-03,v8,TRUE
2021-06-27,infections,31.31,51.73,74.41,74.41,97.09,117.51,Additional 50% Reduction,Mongolia,MNG,2021-05-03,v8,TRUE
2021-06-27,prevalence,221.14,362.61,519.8,519.8,676.99,818.46,Additional 50% Reduction,Mongolia,MNG,2021-05-03,v8,TRUE
2021-06-27,cumulative_infections,138301.25,157207.71,178214.89,178214.89,199222.07,218128.53,Additional 50% Reduction,Mongolia,MNG,2021-05-03,v8,TRUE
2021-06-27,cumulative_deaths,256.76,283.65,313.52,313.52,343.4,370.29,Additional 50% Reduction,Mongolia,MNG,2021-05-03,v8,TRUE
2021-06-27,Rt,1.24,1.29,1.34,1.34,1.39,1.43,Additional 50% Reduction,Mongolia,MNG,2021-05-03,v8,TRUE
2021-06-27,Reff,1.04,1.07,1.1,1.1,1.13,1.16,Additional 50% Reduction,Mongolia,MNG,2021-05-03,v8,TRUE
2021-06-27,deaths,4.42,6.35,8.49,8.49,10.63,12.55,Maintain Status Quo,Mongolia,MNG,2021-05-03,v8,TRUE
2021-06-27,hospital_demand,222.87,319.75,427.4,427.4,535.05,631.94,Maintain Status Quo,Mongolia,MNG,2021-05-03,v8,TRUE
2021-06-27,ICU_demand,80.92,115.7,154.35,154.35,193,227.79,Maintain Status Quo,Mongolia,MNG,2021-05-03,v8,TRUE
2021-06-27,infections,3729.79,5257.21,6954.35,6954.35,8651.48,10178.9,Maintain Status Quo,Mongolia,MNG,2021-05-03,v8,TRUE
2021-06-27,prevalence,25335.71,35698.76,47213.26,47213.26,58727.77,69090.82,Maintain Status Quo,Mongolia,MNG,2021-05-03,v8,TRUE
2021-06-27,cumulative_infections,310952.88,396174.8,490865.81,490865.81,585556.82,670778.74,Maintain Status Quo,Mongolia,MNG,2021-05-03,v8,TRUE
2021-06-27,cumulative_deaths,386.52,461.57,544.97,544.97,628.37,703.42,Maintain Status Quo,Mongolia,MNG,2021-05-03,v8,TRUE
2021-06-27,Rt,1.24,1.29,1.34,1.34,1.39,1.43,Maintain Status Quo,Mongolia,MNG,2021-05-03,v8,TRUE
2021-06-27,Reff,0.92,0.93,0.94,0.94,0.95,0.96,Maintain Status Quo,Mongolia,MNG,2021-05-03,v8,TRUE
2021-06-27,deaths,46.74,47.76,48.9,48.9,50.03,51.06,Relax Interventions 50%,Mongolia,MNG,2021-05-03,v8,TRUE
2021-06-27,hospital_demand,1718.04,1811.38,1915.09,1915.09,2018.8,2112.14,Relax Interventions 50%,Mongolia,MNG,2021-05-03,v8,TRUE
2021-06-27,ICU_demand,408.79,409.08,409.4,409.4,409.72,410,Relax Interventions 50%,Mongolia,MNG,2021-05-03,v8,TRUE
2021-06-27,infections,20098.05,22079.81,24281.76,24281.76,26483.71,28465.47,Relax Interventions 50%,Mongolia,MNG,2021-05-03,v8,TRUE
2021-06-27,prevalence,136994.42,150091.2,164643.17,164643.17,179195.14,192291.92,Relax Interventions 50%,Mongolia,MNG,2021-05-03,v8,TRUE
2021-06-27,cumulative_infections,1171650.45,1330902.77,1507849.78,1507849.78,1684796.79,1844049.11,Relax Interventions 50%,Mongolia,MNG,2021-05-03,v8,TRUE
2021-06-27,cumulative_deaths,1159.99,1458,1789.13,1789.13,2120.25,2418.27,Relax Interventions 50%,Mongolia,MNG,2021-05-03,v8,TRUE
2021-06-27,Rt,1.24,1.29,1.34,1.34,1.39,1.43,Relax Interventions 50%,Mongolia,MNG,2021-05-03,v8,TRUE
2021-06-27,Reff,0.41,0.44,0.49,0.49,0.53,0.57,Relax Interventions 50%,Mongolia,MNG,2021-05-03,v8,TRUE
2021-06-27,deaths,0.19,0.26,0.35,0.35,0.44,0.51,Surged Additional 50% Reduction,Mongolia,MNG,2021-05-03,v8,TRUE
2021-06-27,hospital_demand,6.5,9.47,12.76,12.76,16.06,19.03,Surged Additional 50% Reduction,Mongolia,MNG,2021-05-03,v8,TRUE
2021-06-27,ICU_demand,3.71,5.13,6.71,6.71,8.29,9.71,Surged Additional 50% Reduction,Mongolia,MNG,2021-05-03,v8,TRUE
2021-06-27,infections,31.31,51.73,74.41,74.41,97.09,117.51,Surged Additional 50% Reduction,Mongolia,MNG,2021-05-03,v8,TRUE
2021-06-27,prevalence,221.14,362.61,519.8,519.8,676.99,818.46,Surged Additional 50% Reduction,Mongolia,MNG,2021-05-03,v8,TRUE
2021-06-27,cumulative_infections,138301.25,157207.71,178214.89,178214.89,199222.07,218128.53,Surged Additional 50% Reduction,Mongolia,MNG,2021-05-03,v8,TRUE
2021-06-27,cumulative_deaths,256.76,283.65,313.52,313.52,343.4,370.29,Surged Additional 50% Reduction,Mongolia,MNG,2021-05-03,v8,TRUE
2021-06-27,Rt,1.24,1.29,1.34,1.34,1.39,1.43,Surged Additional 50% Reduction,Mongolia,MNG,2021-05-03,v8,TRUE
2021-06-27,Reff,0.98,1,1.03,1.03,1.06,1.09,Surged Additional 50% Reduction,Mongolia,MNG,2021-05-03,v8,TRUE
2021-06-27,deaths,4.42,6.35,8.49,8.49,10.63,12.55,Surged Maintain Status Quo,Mongolia,MNG,2021-05-03,v8,TRUE
2021-06-27,hospital_demand,222.87,319.75,427.4,427.4,535.05,631.94,Surged Maintain Status Quo,Mongolia,MNG,2021-05-03,v8,TRUE
2021-06-27,ICU_demand,80.92,115.7,154.35,154.35,193,227.79,Surged Maintain Status Quo,Mongolia,MNG,2021-05-03,v8,TRUE
2021-06-27,infections,3729.79,5257.21,6954.35,6954.35,8651.48,10178.9,Surged Maintain Status Quo,Mongolia,MNG,2021-05-03,v8,TRUE
2021-06-27,prevalence,25335.71,35698.76,47213.26,47213.26,58727.77,69090.82,Surged Maintain Status Quo,Mongolia,MNG,2021-05-03,v8,TRUE
2021-06-27,cumulative_infections,310952.88,396174.8,490865.81,490865.81,585556.82,670778.74,Surged Maintain Status Quo,Mongolia,MNG,2021-05-03,v8,TRUE
2021-06-27,cumulative_deaths,386.52,461.57,544.97,544.97,628.37,703.42,Surged Maintain Status Quo,Mongolia,MNG,2021-05-03,v8,TRUE
2021-06-27,Rt,1.24,1.29,1.34,1.34,1.39,1.43,Surged Maintain Status Quo,Mongolia,MNG,2021-05-03,v8,TRUE
2021-06-27,Reff,0.84,0.85,0.86,0.86,0.88,0.89,Surged Maintain Status Quo,Mongolia,MNG,2021-05-03,v8,TRUE
2021-06-27,deaths,33.15,36.88,41.02,41.02,45.16,48.88,Surged Relax Interventions 50%,Mongolia,MNG,2021-05-03,v8,TRUE
2021-06-27,hospital_demand,1735.35,1838.34,1952.77,1952.77,2067.2,2170.19,Surged Relax Interventions 50%,Mongolia,MNG,2021-05-03,v8,TRUE
2021-06-27,ICU_demand,602.29,654.68,712.9,712.9,771.11,823.5,Surged Relax Interventions 50%,Mongolia,MNG,2021-05-03,v8,TRUE
2021-06-27,infections,20098.03,22079.8,24281.77,24281.77,26483.73,28465.5,Surged Relax Interventions 50%,Mongolia,MNG,2021-05-03,v8,TRUE
2021-06-27,prevalence,137465.7,150500.73,164984.1,164984.1,179467.47,192502.5,Surged Relax Interventions 50%,Mongolia,MNG,2021-05-03,v8,TRUE
2021-06-27,cumulative_infections,1171650,1330900.89,1507846.32,1507846.32,1684791.75,1844042.64,Surged Relax Interventions 50%,Mongolia,MNG,2021-05-03,v8,TRUE
2021-06-27,cumulative_deaths,924.12,1106.11,1308.32,1308.32,1510.54,1692.53,Surged Relax Interventions 50%,Mongolia,MNG,2021-05-03,v8,TRUE
2021-06-27,Rt,1.24,1.29,1.34,1.34,1.39,1.43,Surged Relax Interventions 50%,Mongolia,MNG,2021-05-03,v8,TRUE
2021-06-27,Reff,0.34,0.38,0.42,0.42,0.46,0.5,Surged Relax Interventions 50%,Mongolia,MNG,2021-05-03,v8,TRUE
2021-06-28,deaths,0.17,0.24,0.32,0.32,0.4,0.48,Additional 50% Reduction,Mongolia,MNG,2021-05-03,v8,TRUE
2021-06-28,hospital_demand,5.97,8.75,11.84,11.84,14.92,17.7,Additional 50% Reduction,Mongolia,MNG,2021-05-03,v8,TRUE
2021-06-28,ICU_demand,3.42,4.76,6.24,6.24,7.72,9.05,Additional 50% Reduction,Mongolia,MNG,2021-05-03,v8,TRUE
2021-06-28,infections,28.74,47.8,68.99,68.99,90.17,109.24,Additional 50% Reduction,Mongolia,MNG,2021-05-03,v8,TRUE
2021-06-28,prevalence,202.98,335.11,481.93,481.93,628.75,760.88,Additional 50% Reduction,Mongolia,MNG,2021-05-03,v8,TRUE
2021-06-28,cumulative_infections,138329.99,157255.51,178283.87,178283.87,199312.24,218237.76,Additional 50% Reduction,Mongolia,MNG,2021-05-03,v8,TRUE
2021-06-28,cumulative_deaths,256.93,283.89,313.85,313.85,343.8,370.76,Additional 50% Reduction,Mongolia,MNG,2021-05-03,v8,TRUE
2021-06-28,Rt,1.24,1.29,1.34,1.34,1.39,1.43,Additional 50% Reduction,Mongolia,MNG,2021-05-03,v8,TRUE
2021-06-28,Reff,1.04,1.07,1.1,1.1,1.13,1.16,Additional 50% Reduction,Mongolia,MNG,2021-05-03,v8,TRUE
2021-06-28,deaths,4.42,6.35,8.49,8.49,10.64,12.57,Maintain Status Quo,Mongolia,MNG,2021-05-03,v8,TRUE
2021-06-28,hospital_demand,222.33,319.02,426.45,426.45,533.88,630.57,Maintain Status Quo,Mongolia,MNG,2021-05-03,v8,TRUE
2021-06-28,ICU_demand,80.77,115.59,154.27,154.27,192.95,227.76,Maintain Status Quo,Mongolia,MNG,2021-05-03,v8,TRUE
2021-06-28,infections,3706.13,5209.14,6879.16,6879.16,8549.18,10052.19,Maintain Status Quo,Mongolia,MNG,2021-05-03,v8,TRUE
2021-06-28,prevalence,25175.79,35374.63,46706.68,46706.68,58038.73,68237.57,Maintain Status Quo,Mongolia,MNG,2021-05-03,v8,TRUE
2021-06-28,cumulative_infections,314659.01,401383.94,497744.97,497744.97,594106,680830.93,Maintain Status Quo,Mongolia,MNG,2021-05-03,v8,TRUE
2021-06-28,cumulative_deaths,390.94,467.92,553.46,553.46,639,715.99,Maintain Status Quo,Mongolia,MNG,2021-05-03,v8,TRUE
2021-06-28,Rt,1.24,1.29,1.34,1.34,1.39,1.43,Maintain Status Quo,Mongolia,MNG,2021-05-03,v8,TRUE
2021-06-28,Reff,0.91,0.92,0.93,0.93,0.94,0.95,Maintain Status Quo,Mongolia,MNG,2021-05-03,v8,TRUE
2021-06-28,deaths,46.6,46.96,47.36,47.36,47.76,48.12,Relax Interventions 50%,Mongolia,MNG,2021-05-03,v8,TRUE
2021-06-28,hospital_demand,1727.11,1800.9,1882.89,1882.89,1964.88,2038.67,Relax Interventions 50%,Mongolia,MNG,2021-05-03,v8,TRUE
2021-06-28,ICU_demand,406.6,407.05,407.55,407.55,408.05,408.5,Relax Interventions 50%,Mongolia,MNG,2021-05-03,v8,TRUE
2021-06-28,infections,18724.79,20873.3,23260.53,23260.53,25647.76,27796.27,Relax Interventions 50%,Mongolia,MNG,2021-05-03,v8,TRUE
2021-06-28,prevalence,127789.39,142006.6,157803.5,157803.5,173600.4,187817.61,Relax Interventions 50%,Mongolia,MNG,2021-05-03,v8,TRUE
2021-06-28,cumulative_infections,1199446.73,1356550.53,1531110.31,1531110.31,1705670.1,1862773.9,Relax Interventions 50%,Mongolia,MNG,2021-05-03,v8,TRUE
2021-06-28,cumulative_deaths,1206.58,1504.96,1836.48,1836.48,2168.01,2466.38,Relax Interventions 50%,Mongolia,MNG,2021-05-03,v8,TRUE
2021-06-28,Rt,1.24,1.29,1.34,1.34,1.39,1.43,Relax Interventions 50%,Mongolia,MNG,2021-05-03,v8,TRUE
2021-06-28,Reff,0.4,0.44,0.48,0.48,0.52,0.56,Relax Interventions 50%,Mongolia,MNG,2021-05-03,v8,TRUE
2021-06-28,deaths,0.17,0.24,0.32,0.32,0.4,0.48,Surged Additional 50% Reduction,Mongolia,MNG,2021-05-03,v8,TRUE
2021-06-28,hospital_demand,5.97,8.75,11.84,11.84,14.92,17.7,Surged Additional 50% Reduction,Mongolia,MNG,2021-05-03,v8,TRUE
2021-06-28,ICU_demand,3.42,4.76,6.24,6.24,7.72,9.05,Surged Additional 50% Reduction,Mongolia,MNG,2021-05-03,v8,TRUE
2021-06-28,infections,28.74,47.8,68.99,68.99,90.17,109.24,Surged Additional 50% Reduction,Mongolia,MNG,2021-05-03,v8,TRUE
2021-06-28,prevalence,202.98,335.11,481.93,481.93,628.75,760.88,Surged Additional 50% Reduction,Mongolia,MNG,2021-05-03,v8,TRUE
2021-06-28,cumulative_infections,138329.99,157255.51,178283.87,178283.87,199312.24,218237.76,Surged Additional 50% Reduction,Mongolia,MNG,2021-05-03,v8,TRUE
2021-06-28,cumulative_deaths,256.93,283.89,313.85,313.85,343.8,370.76,Surged Additional 50% Reduction,Mongolia,MNG,2021-05-03,v8,TRUE
2021-06-28,Rt,1.24,1.29,1.34,1.34,1.39,1.43,Surged Additional 50% Reduction,Mongolia,MNG,2021-05-03,v8,TRUE
2021-06-28,Reff,0.98,1,1.03,1.03,1.06,1.09,Surged Additional 50% Reduction,Mongolia,MNG,2021-05-03,v8,TRUE
2021-06-28,deaths,4.42,6.35,8.49,8.49,10.64,12.57,Surged Maintain Status Quo,Mongolia,MNG,2021-05-03,v8,TRUE
2021-06-28,hospital_demand,222.33,319.02,426.45,426.45,533.88,630.57,Surged Maintain Status Quo,Mongolia,MNG,2021-05-03,v8,TRUE
2021-06-28,ICU_demand,80.77,115.59,154.27,154.27,192.95,227.76,Surged Maintain Status Quo,Mongolia,MNG,2021-05-03,v8,TRUE
2021-06-28,infections,3706.13,5209.14,6879.16,6879.16,8549.18,10052.19,Surged Maintain Status Quo,Mongolia,MNG,2021-05-03,v8,TRUE
2021-06-28,prevalence,25175.79,35374.63,46706.68,46706.68,58038.73,68237.57,Surged Maintain Status Quo,Mongolia,MNG,2021-05-03,v8,TRUE
2021-06-28,cumulative_infections,314659.01,401383.94,497744.97,497744.97,594106,680830.93,Surged Maintain Status Quo,Mongolia,MNG,2021-05-03,v8,TRUE
2021-06-28,cumulative_deaths,390.94,467.92,553.46,553.46,639,715.99,Surged Maintain Status Quo,Mongolia,MNG,2021-05-03,v8,TRUE
2021-06-28,Rt,1.24,1.29,1.34,1.34,1.39,1.43,Surged Maintain Status Quo,Mongolia,MNG,2021-05-03,v8,TRUE
2021-06-28,Reff,0.83,0.85,0.86,0.86,0.88,0.89,Surged Maintain Status Quo,Mongolia,MNG,2021-05-03,v8,TRUE
2021-06-28,deaths,33.67,37.03,40.77,40.77,44.51,47.88,Surged Relax Interventions 50%,Mongolia,MNG,2021-05-03,v8,TRUE
2021-06-28,hospital_demand,1745.77,1828.76,1920.98,1920.98,2013.19,2096.19,Surged Relax Interventions 50%,Mongolia,MNG,2021-05-03,v8,TRUE
2021-06-28,ICU_demand,608.93,654.94,706.06,706.06,757.18,803.2,Surged Relax Interventions 50%,Mongolia,MNG,2021-05-03,v8,TRUE
2021-06-28,infections,18724.77,20873.27,23260.5,23260.5,25647.72,27796.23,Surged Relax Interventions 50%,Mongolia,MNG,2021-05-03,v8,TRUE
2021-06-28,prevalence,128243.02,142404.61,158139.72,158139.72,173874.83,188036.43,Surged Relax Interventions 50%,Mongolia,MNG,2021-05-03,v8,TRUE
2021-06-28,cumulative_infections,1199446.23,1356548.61,1531106.82,1531106.82,1705665.02,1862767.4,Surged Relax Interventions 50%,Mongolia,MNG,2021-05-03,v8,TRUE
2021-06-28,cumulative_deaths,957.78,1143.14,1349.1,1349.1,1555.05,1740.41,Surged Relax Interventions 50%,Mongolia,MNG,2021-05-03,v8,TRUE
2021-06-28,Rt,1.24,1.29,1.34,1.34,1.39,1.43,Surged Relax Interventions 50%,Mongolia,MNG,2021-05-03,v8,TRUE
2021-06-28,Reff,0.33,0.37,0.41,0.41,0.46,0.49,Surged Relax Interventions 50%,Mongolia,MNG,2021-05-03,v8,TRUE
2021-06-29,deaths,0.16,0.22,0.3,0.3,0.38,0.44,Additional 50% Reduction,Mongolia,MNG,2021-05-03,v8,TRUE
2021-06-29,hospital_demand,5.49,8.09,10.98,10.98,13.87,16.47,Additional 50% Reduction,Mongolia,MNG,2021-05-03,v8,TRUE
2021-06-29,ICU_demand,3.15,4.41,5.8,5.8,7.19,8.44,Additional 50% Reduction,Mongolia,MNG,2021-05-03,v8,TRUE
2021-06-29,infections,26.38,44.18,63.96,63.96,83.74,101.55,Additional 50% Reduction,Mongolia,MNG,2021-05-03,v8,TRUE
2021-06-29,prevalence,186.31,309.72,446.84,446.84,583.96,707.37,Additional 50% Reduction,Mongolia,MNG,2021-05-03,v8,TRUE
2021-06-29,cumulative_infections,138356.36,157299.69,178347.84,178347.84,199395.98,218339.31,Additional 50% Reduction,Mongolia,MNG,2021-05-03,v8,TRUE
2021-06-29,cumulative_deaths,257.09,284.12,314.15,314.15,344.18,371.21,Additional 50% Reduction,Mongolia,MNG,2021-05-03,v8,TRUE
2021-06-29,Rt,1.24,1.29,1.34,1.34,1.39,1.43,Additional 50% Reduction,Mongolia,MNG,2021-05-03,v8,TRUE
2021-06-29,Reff,1.04,1.07,1.1,1.1,1.13,1.16,Additional 50% Reduction,Mongolia,MNG,2021-05-03,v8,TRUE
2021-06-29,deaths,4.41,6.34,8.49,8.49,10.64,12.57,Maintain Status Quo,Mongolia,MNG,2021-05-03,v8,TRUE
2021-06-29,hospital_demand,221.75,318.15,425.25,425.25,532.36,628.76,Maintain Status Quo,Mongolia,MNG,2021-05-03,v8,TRUE
2021-06-29,ICU_demand,80.61,115.42,154.1,154.1,192.77,227.58,Maintain Status Quo,Mongolia,MNG,2021-05-03,v8,TRUE
2021-06-29,infections,3681.72,5159.26,6800.98,6800.98,8442.7,9920.24,Maintain Status Quo,Mongolia,MNG,2021-05-03,v8,TRUE
2021-06-29,prevalence,25010.75,35038.12,46179.65,46179.65,57321.18,67348.55,Maintain Status Quo,Mongolia,MNG,2021-05-03,v8,TRUE
2021-06-29,cumulative_infections,318340.73,406543.2,504545.95,504545.95,602548.7,690751.17,Maintain Status Quo,Mongolia,MNG,2021-05-03,v8,TRUE
2021-06-29,cumulative_deaths,395.35,474.27,561.96,561.96,649.65,728.57,Maintain Status Quo,Mongolia,MNG,2021-05-03,v8,TRUE
2021-06-29,Rt,1.24,1.29,1.34,1.34,1.39,1.43,Maintain Status Quo,Mongolia,MNG,2021-05-03,v8,TRUE
2021-06-29,Reff,0.91,0.92,0.93,0.93,0.94,0.95,Maintain Status Quo,Mongolia,MNG,2021-05-03,v8,TRUE
2021-06-29,deaths,45.18,45.45,45.75,45.75,46.05,46.32,Relax Interventions 50%,Mongolia,MNG,2021-05-03,v8,TRUE
2021-06-29,hospital_demand,1732.29,1786.85,1847.48,1847.48,1908.1,1962.67,Relax Interventions 50%,Mongolia,MNG,2021-05-03,v8,TRUE
2021-06-29,ICU_demand,403.22,404.36,405.63,405.63,406.9,408.04,Relax Interventions 50%,Mongolia,MNG,2021-05-03,v8,TRUE
2021-06-29,infections,17421.05,19709.2,22251.6,22251.6,24793.99,27082.15,Relax Interventions 50%,Mongolia,MNG,2021-05-03,v8,TRUE
2021-06-29,prevalence,119036.56,134196.49,151040.86,151040.86,167885.22,183045.15,Relax Interventions 50%,Mongolia,MNG,2021-05-03,v8,TRUE
2021-06-29,cumulative_infections,1226528.87,1381344.52,1553361.91,1553361.91,1725379.3,1880194.95,Relax Interventions 50%,Mongolia,MNG,2021-05-03,v8,TRUE
2021-06-29,cumulative_deaths,1252.9,1551.01,1882.23,1882.23,2213.46,2511.56,Relax Interventions 50%,Mongolia,MNG,2021-05-03,v8,TRUE
2021-06-29,Rt,1.24,1.29,1.34,1.34,1.39,1.43,Relax Interventions 50%,Mongolia,MNG,2021-05-03,v8,TRUE
2021-06-29,Reff,0.4,0.43,0.48,0.48,0.52,0.55,Relax Interventions 50%,Mongolia,MNG,2021-05-03,v8,TRUE
2021-06-29,deaths,0.16,0.22,0.3,0.3,0.38,0.44,Surged Additional 50% Reduction,Mongolia,MNG,2021-05-03,v8,TRUE
2021-06-29,hospital_demand,5.49,8.09,10.98,10.98,13.87,16.47,Surged Additional 50% Reduction,Mongolia,MNG,2021-05-03,v8,TRUE
2021-06-29,ICU_demand,3.15,4.41,5.8,5.8,7.19,8.44,Surged Additional 50% Reduction,Mongolia,MNG,2021-05-03,v8,TRUE
2021-06-29,infections,26.38,44.18,63.96,63.96,83.74,101.55,Surged Additional 50% Reduction,Mongolia,MNG,2021-05-03,v8,TRUE
2021-06-29,prevalence,186.31,309.72,446.84,446.84,583.96,707.37,Surged Additional 50% Reduction,Mongolia,MNG,2021-05-03,v8,TRUE
2021-06-29,cumulative_infections,138356.36,157299.69,178347.84,178347.84,199395.98,218339.31,Surged Additional 50% Reduction,Mongolia,MNG,2021-05-03,v8,TRUE
2021-06-29,cumulative_deaths,257.09,284.12,314.15,314.15,344.18,371.21,Surged Additional 50% Reduction,Mongolia,MNG,2021-05-03,v8,TRUE
2021-06-29,Rt,1.24,1.29,1.34,1.34,1.39,1.43,Surged Additional 50% Reduction,Mongolia,MNG,2021-05-03,v8,TRUE
2021-06-29,Reff,0.98,1,1.03,1.03,1.06,1.09,Surged Additional 50% Reduction,Mongolia,MNG,2021-05-03,v8,TRUE
2021-06-29,deaths,4.41,6.34,8.49,8.49,10.64,12.57,Surged Maintain Status Quo,Mongolia,MNG,2021-05-03,v8,TRUE
2021-06-29,hospital_demand,221.75,318.15,425.25,425.25,532.36,628.76,Surged Maintain Status Quo,Mongolia,MNG,2021-05-03,v8,TRUE
2021-06-29,ICU_demand,80.61,115.42,154.1,154.1,192.77,227.58,Surged Maintain Status Quo,Mongolia,MNG,2021-05-03,v8,TRUE
2021-06-29,infections,3681.72,5159.26,6800.98,6800.98,8442.7,9920.24,Surged Maintain Status Quo,Mongolia,MNG,2021-05-03,v8,TRUE
2021-06-29,prevalence,25010.75,35038.12,46179.65,46179.65,57321.18,67348.55,Surged Maintain Status Quo,Mongolia,MNG,2021-05-03,v8,TRUE
2021-06-29,cumulative_infections,318340.73,406543.2,504545.95,504545.95,602548.7,690751.17,Surged Maintain Status Quo,Mongolia,MNG,2021-05-03,v8,TRUE
2021-06-29,cumulative_deaths,395.35,474.27,561.96,561.96,649.65,728.57,Surged Maintain Status Quo,Mongolia,MNG,2021-05-03,v8,TRUE
2021-06-29,Rt,1.24,1.29,1.34,1.34,1.39,1.43,Surged Maintain Status Quo,Mongolia,MNG,2021-05-03,v8,TRUE
2021-06-29,Reff,0.83,0.84,0.86,0.86,0.87,0.89,Surged Maintain Status Quo,Mongolia,MNG,2021-05-03,v8,TRUE
2021-06-29,deaths,34.11,37.11,40.43,40.43,43.76,46.76,Surged Relax Interventions 50%,Mongolia,MNG,2021-05-03,v8,TRUE
2021-06-29,hospital_demand,1752.23,1815.5,1885.8,1885.8,1956.1,2019.37,Surged Relax Interventions 50%,Mongolia,MNG,2021-05-03,v8,TRUE
2021-06-29,ICU_demand,614.32,653.89,697.87,697.87,741.84,781.42,Surged Relax Interventions 50%,Mongolia,MNG,2021-05-03,v8,TRUE
2021-06-29,infections,17420.95,19709.11,22251.51,22251.51,24793.91,27082.08,Surged Relax Interventions 50%,Mongolia,MNG,2021-05-03,v8,TRUE
2021-06-29,prevalence,119471.19,134581.73,151371.21,151371.21,168160.7,183271.23,Surged Relax Interventions 50%,Mongolia,MNG,2021-05-03,v8,TRUE
2021-06-29,cumulative_infections,1226528.31,1381342.53,1553358.33,1553358.33,1725374.13,1880188.35,Surged Relax Interventions 50%,Mongolia,MNG,2021-05-03,v8,TRUE
2021-06-29,cumulative_deaths,991.9,1180.25,1389.53,1389.53,1598.81,1787.16,Surged Relax Interventions 50%,Mongolia,MNG,2021-05-03,v8,TRUE
2021-06-29,Rt,1.24,1.29,1.34,1.34,1.39,1.43,Surged Relax Interventions 50%,Mongolia,MNG,2021-05-03,v8,TRUE
2021-06-29,Reff,0.33,0.37,0.41,0.41,0.45,0.49,Surged Relax Interventions 50%,Mongolia,MNG,2021-05-03,v8,TRUE
2021-06-30,deaths,0.14,0.21,0.28,0.28,0.35,0.41,Additional 50% Reduction,Mongolia,MNG,2021-05-03,v8,TRUE
2021-06-30,hospital_demand,5.04,7.47,10.18,10.18,12.89,15.32,Additional 50% Reduction,Mongolia,MNG,2021-05-03,v8,TRUE
2021-06-30,ICU_demand,2.91,4.08,5.39,5.39,6.69,7.87,Additional 50% Reduction,Mongolia,MNG,2021-05-03,v8,TRUE
2021-06-30,infections,24.21,40.83,59.31,59.31,77.78,94.4,Additional 50% Reduction,Mongolia,MNG,2021-05-03,v8,TRUE
2021-06-30,prevalence,171.02,286.27,414.33,414.33,542.39,657.64,Additional 50% Reduction,Mongolia,MNG,2021-05-03,v8,TRUE
2021-06-30,cumulative_infections,138380.57,157340.53,178407.14,178407.14,199473.76,218433.71,Additional 50% Reduction,Mongolia,MNG,2021-05-03,v8,TRUE
2021-06-30,cumulative_deaths,257.23,284.32,314.42,314.42,344.53,371.62,Additional 50% Reduction,Mongolia,MNG,2021-05-03,v8,TRUE
2021-06-30,Rt,1.24,1.29,1.34,1.34,1.39,1.43,Additional 50% Reduction,Mongolia,MNG,2021-05-03,v8,TRUE
2021-06-30,Reff,1.04,1.07,1.1,1.1,1.13,1.16,Additional 50% Reduction,Mongolia,MNG,2021-05-03,v8,TRUE
2021-06-30,deaths,4.4,6.34,8.49,8.49,10.64,12.57,Maintain Status Quo,Mongolia,MNG,2021-05-03,v8,TRUE
2021-06-30,hospital_demand,221.12,317.13,423.82,423.82,530.5,626.51,Maintain Status Quo,Mongolia,MNG,2021-05-03,v8,TRUE
2021-06-30,ICU_demand,80.44,115.21,153.85,153.85,192.48,227.25,Maintain Status Quo,Mongolia,MNG,2021-05-03,v8,TRUE
2021-06-30,infections,3656.58,5107.65,6719.95,6719.95,8332.25,9783.31,Maintain Status Quo,Mongolia,MNG,2021-05-03,v8,TRUE
2021-06-30,prevalence,24840.95,34690.03,45633.45,45633.45,56576.87,66425.95,Maintain Status Quo,Mongolia,MNG,2021-05-03,v8,TRUE
2021-06-30,cumulative_infections,321997.31,411650.85,511265.9,511265.9,610880.94,700534.48,Maintain Status Quo,Mongolia,MNG,2021-05-03,v8,TRUE
2021-06-30,cumulative_deaths,399.75,480.61,570.44,570.44,660.28,741.14,Maintain Status Quo,Mongolia,MNG,2021-05-03,v8,TRUE
2021-06-30,Rt,1.24,1.29,1.34,1.34,1.39,1.43,Maintain Status Quo,Mongolia,MNG,2021-05-03,v8,TRUE
2021-06-30,Reff,0.9,0.92,0.93,0.93,0.94,0.95,Maintain Status Quo,Mongolia,MNG,2021-05-03,v8,TRUE
2021-06-30,deaths,42.26,43.12,44.08,44.08,45.04,45.91,Relax Interventions 50%,Mongolia,MNG,2021-05-03,v8,TRUE
2021-06-30,hospital_demand,1733.58,1769.4,1809.2,1809.2,1849,1884.82,Relax Interventions 50%,Mongolia,MNG,2021-05-03,v8,TRUE
2021-06-30,ICU_demand,399.89,401.68,403.66,403.66,405.65,407.44,Relax Interventions 50%,Mongolia,MNG,2021-05-03,v8,TRUE
2021-06-30,infections,16187.3,18589.32,21258.24,21258.24,23927.15,26329.17,Relax Interventions 50%,Mongolia,MNG,2021-05-03,v8,TRUE
2021-06-30,prevalence,110741.58,126674.62,144378,144378,162081.37,178014.41,Relax Interventions 50%,Mongolia,MNG,2021-05-03,v8,TRUE
2021-06-30,cumulative_infections,1252858.05,1405271.67,1574620.15,1574620.15,1743968.62,1896382.25,Relax Interventions 50%,Mongolia,MNG,2021-05-03,v8,TRUE
2021-06-30,cumulative_deaths,1298.81,1596.05,1926.31,1926.31,2256.58,2553.82,Relax Interventions 50%,Mongolia,MNG,2021-05-03,v8,TRUE
2021-06-30,Rt,1.24,1.29,1.34,1.34,1.39,1.43,Relax Interventions 50%,Mongolia,MNG,2021-05-03,v8,TRUE
2021-06-30,Reff,0.39,0.43,0.47,0.47,0.51,0.55,Relax Interventions 50%,Mongolia,MNG,2021-05-03,v8,TRUE
2021-06-30,deaths,0.14,0.21,0.28,0.28,0.35,0.41,Surged Additional 50% Reduction,Mongolia,MNG,2021-05-03,v8,TRUE
2021-06-30,hospital_demand,5.04,7.47,10.18,10.18,12.89,15.32,Surged Additional 50% Reduction,Mongolia,MNG,2021-05-03,v8,TRUE
2021-06-30,ICU_demand,2.91,4.08,5.39,5.39,6.69,7.87,Surged Additional 50% Reduction,Mongolia,MNG,2021-05-03,v8,TRUE
2021-06-30,infections,24.21,40.83,59.31,59.31,77.78,94.4,Surged Additional 50% Reduction,Mongolia,MNG,2021-05-03,v8,TRUE
2021-06-30,prevalence,171.02,286.27,414.33,414.33,542.39,657.64,Surged Additional 50% Reduction,Mongolia,MNG,2021-05-03,v8,TRUE
2021-06-30,cumulative_infections,138380.57,157340.53,178407.14,178407.14,199473.76,218433.71,Surged Additional 50% Reduction,Mongolia,MNG,2021-05-03,v8,TRUE
2021-06-30,cumulative_deaths,257.23,284.32,314.42,314.42,344.53,371.62,Surged Additional 50% Reduction,Mongolia,MNG,2021-05-03,v8,TRUE
2021-06-30,Rt,1.24,1.29,1.34,1.34,1.39,1.43,Surged Additional 50% Reduction,Mongolia,MNG,2021-05-03,v8,TRUE
2021-06-30,Reff,0.98,1.01,1.03,1.03,1.06,1.09,Surged Additional 50% Reduction,Mongolia,MNG,2021-05-03,v8,TRUE
2021-06-30,deaths,4.4,6.34,8.49,8.49,10.64,12.57,Surged Maintain Status Quo,Mongolia,MNG,2021-05-03,v8,TRUE
2021-06-30,hospital_demand,221.12,317.13,423.82,423.82,530.5,626.51,Surged Maintain Status Quo,Mongolia,MNG,2021-05-03,v8,TRUE
2021-06-30,ICU_demand,80.44,115.21,153.85,153.85,192.48,227.25,Surged Maintain Status Quo,Mongolia,MNG,2021-05-03,v8,TRUE
2021-06-30,infections,3656.58,5107.65,6719.95,6719.95,8332.25,9783.31,Surged Maintain Status Quo,Mongolia,MNG,2021-05-03,v8,TRUE
2021-06-30,prevalence,24840.95,34690.03,45633.45,45633.45,56576.87,66425.95,Surged Maintain Status Quo,Mongolia,MNG,2021-05-03,v8,TRUE
2021-06-30,cumulative_infections,321997.31,411650.85,511265.9,511265.9,610880.94,700534.48,Surged Maintain Status Quo,Mongolia,MNG,2021-05-03,v8,TRUE
2021-06-30,cumulative_deaths,399.75,480.61,570.44,570.44,660.28,741.14,Surged Maintain Status Quo,Mongolia,MNG,2021-05-03,v8,TRUE
2021-06-30,Rt,1.24,1.29,1.34,1.34,1.39,1.43,Surged Maintain Status Quo,Mongolia,MNG,2021-05-03,v8,TRUE
2021-06-30,Reff,0.83,0.84,0.86,0.86,0.87,0.89,Surged Maintain Status Quo,Mongolia,MNG,2021-05-03,v8,TRUE
2021-06-30,deaths,34.49,37.1,40.01,40.01,42.92,45.53,Surged Relax Interventions 50%,Mongolia,MNG,2021-05-03,v8,TRUE
2021-06-30,hospital_demand,1754.73,1798.71,1847.59,1847.59,1896.46,1940.45,Surged Relax Interventions 50%,Mongolia,MNG,2021-05-03,v8,TRUE
2021-06-30,ICU_demand,618.43,651.58,688.41,688.41,725.24,758.39,Surged Relax Interventions 50%,Mongolia,MNG,2021-05-03,v8,TRUE
2021-06-30,infections,16187.27,18589.31,21258.25,21258.25,23927.18,26329.22,Surged Relax Interventions 50%,Mongolia,MNG,2021-05-03,v8,TRUE
2021-06-30,prevalence,111155.94,127045.91,144701.43,144701.43,162356.95,178246.92,Surged Relax Interventions 50%,Mongolia,MNG,2021-05-03,v8,TRUE
2021-06-30,cumulative_infections,1252857.53,1405269.71,1574616.57,1574616.57,1743963.44,1896375.62,Surged Relax Interventions 50%,Mongolia,MNG,2021-05-03,v8,TRUE
2021-06-30,cumulative_deaths,1026.38,1217.35,1429.54,1429.54,1641.73,1832.7,Surged Relax Interventions 50%,Mongolia,MNG,2021-05-03,v8,TRUE
2021-06-30,Rt,1.24,1.29,1.34,1.34,1.39,1.43,Surged Relax Interventions 50%,Mongolia,MNG,2021-05-03,v8,TRUE
2021-06-30,Reff,0.33,0.36,0.4,0.4,0.44,0.48,Surged Relax Interventions 50%,Mongolia,MNG,2021-05-03,v8,TRUE
2021-07-01,deaths,0.13,0.19,0.26,0.26,0.32,0.38,Additional 50% Reduction,Mongolia,MNG,2021-05-03,v8,TRUE
2021-07-01,hospital_demand,4.63,6.91,9.44,9.44,11.98,14.26,Additional 50% Reduction,Mongolia,MNG,2021-05-03,v8,TRUE
2021-07-01,ICU_demand,2.68,3.78,5,5,6.23,7.33,Additional 50% Reduction,Mongolia,MNG,2021-05-03,v8,TRUE
2021-07-01,infections,22.22,37.74,54.99,54.99,72.24,87.76,Additional 50% Reduction,Mongolia,MNG,2021-05-03,v8,TRUE
2021-07-01,prevalence,156.99,264.62,384.2,384.2,503.79,611.41,Additional 50% Reduction,Mongolia,MNG,2021-05-03,v8,TRUE
2021-07-01,cumulative_infections,138402.79,157378.27,178462.14,178462.14,199546,218521.48,Additional 50% Reduction,Mongolia,MNG,2021-05-03,v8,TRUE
2021-07-01,cumulative_deaths,257.36,284.51,314.68,314.68,344.85,372,Additional 50% Reduction,Mongolia,MNG,2021-05-03,v8,TRUE
2021-07-01,Rt,1.24,1.29,1.34,1.34,1.39,1.43,Additional 50% Reduction,Mongolia,MNG,2021-05-03,v8,TRUE
2021-07-01,Reff,1.04,1.07,1.1,1.1,1.13,1.16,Additional 50% Reduction,Mongolia,MNG,2021-05-03,v8,TRUE
2021-07-01,deaths,4.4,6.33,8.48,8.48,10.63,12.56,Maintain Status Quo,Mongolia,MNG,2021-05-03,v8,TRUE
2021-07-01,hospital_demand,220.45,315.99,422.14,422.14,528.3,623.84,Maintain Status Quo,Mongolia,MNG,2021-05-03,v8,TRUE
2021-07-01,ICU_demand,80.25,114.95,153.51,153.51,192.07,226.77,Maintain Status Quo,Mongolia,MNG,2021-05-03,v8,TRUE
2021-07-01,infections,3630.77,5054.44,6636.3,6636.3,8218.16,9641.83,Maintain Status Quo,Mongolia,MNG,2021-05-03,v8,TRUE
2021-07-01,prevalence,24666.53,34331.13,45069.57,45069.57,55808.01,65472.61,Maintain Status Quo,Mongolia,MNG,2021-05-03,v8,TRUE
2021-07-01,cumulative_infections,325628.08,416705.29,517902.2,517902.2,619099.1,710176.32,Maintain Status Quo,Mongolia,MNG,2021-05-03,v8,TRUE
2021-07-01,cumulative_deaths,404.15,486.94,578.92,578.92,670.91,753.7,Maintain Status Quo,Mongolia,MNG,2021-05-03,v8,TRUE
2021-07-01,Rt,1.24,1.29,1.34,1.34,1.39,1.43,Maintain Status Quo,Mongolia,MNG,2021-05-03,v8,TRUE
2021-07-01,Reff,0.9,0.91,0.93,0.93,0.94,0.95,Maintain Status Quo,Mongolia,MNG,2021-05-03,v8,TRUE
2021-07-01,deaths,39.38,40.8,42.37,42.37,43.95,45.37,Relax Interventions 50%,Mongolia,MNG,2021-05-03,v8,TRUE
2021-07-01,hospital_demand,1731,1748.71,1768.4,1768.4,1788.08,1805.79,Relax Interventions 50%,Mongolia,MNG,2021-05-03,v8,TRUE
2021-07-01,ICU_demand,396.63,399.01,401.66,401.66,404.3,406.69,Relax Interventions 50%,Mongolia,MNG,2021-05-03,v8,TRUE
2021-07-01,infections,15023.44,17515.02,20283.45,20283.45,23051.88,25543.46,Relax Interventions 50%,Mongolia,MNG,2021-05-03,v8,TRUE
2021-07-01,prevalence,102905.18,119451.06,137835.38,137835.38,156219.69,172765.58,Relax Interventions 50%,Mongolia,MNG,2021-05-03,v8,TRUE
2021-07-01,cumulative_infections,1278401.51,1428323.55,1594903.6,1594903.6,1761483.64,1911405.68,Relax Interventions 50%,Mongolia,MNG,2021-05-03,v8,TRUE
2021-07-01,cumulative_deaths,1344.18,1640,1968.69,1968.69,2297.38,2593.2,Relax Interventions 50%,Mongolia,MNG,2021-05-03,v8,TRUE
2021-07-01,Rt,1.24,1.29,1.34,1.34,1.39,1.43,Relax Interventions 50%,Mongolia,MNG,2021-05-03,v8,TRUE
2021-07-01,Reff,0.39,0.43,0.46,0.46,0.5,0.54,Relax Interventions 50%,Mongolia,MNG,2021-05-03,v8,TRUE
2021-07-01,deaths,0.13,0.19,0.26,0.26,0.32,0.38,Surged Additional 50% Reduction,Mongolia,MNG,2021-05-03,v8,TRUE
2021-07-01,hospital_demand,4.63,6.91,9.44,9.44,11.98,14.26,Surged Additional 50% Reduction,Mongolia,MNG,2021-05-03,v8,TRUE
2021-07-01,ICU_demand,2.68,3.78,5,5,6.23,7.33,Surged Additional 50% Reduction,Mongolia,MNG,2021-05-03,v8,TRUE
2021-07-01,infections,22.22,37.74,54.99,54.99,72.24,87.76,Surged Additional 50% Reduction,Mongolia,MNG,2021-05-03,v8,TRUE
2021-07-01,prevalence,156.99,264.62,384.2,384.2,503.79,611.41,Surged Additional 50% Reduction,Mongolia,MNG,2021-05-03,v8,TRUE
2021-07-01,cumulative_infections,138402.79,157378.27,178462.14,178462.14,199546,218521.48,Surged Additional 50% Reduction,Mongolia,MNG,2021-05-03,v8,TRUE
2021-07-01,cumulative_deaths,257.36,284.51,314.68,314.68,344.85,372,Surged Additional 50% Reduction,Mongolia,MNG,2021-05-03,v8,TRUE
2021-07-01,Rt,1.24,1.29,1.34,1.34,1.39,1.43,Surged Additional 50% Reduction,Mongolia,MNG,2021-05-03,v8,TRUE
2021-07-01,Reff,0.98,1.01,1.03,1.03,1.06,1.09,Surged Additional 50% Reduction,Mongolia,MNG,2021-05-03,v8,TRUE
2021-07-01,deaths,4.4,6.33,8.48,8.48,10.63,12.56,Surged Maintain Status Quo,Mongolia,MNG,2021-05-03,v8,TRUE
2021-07-01,hospital_demand,220.45,315.99,422.14,422.14,528.3,623.84,Surged Maintain Status Quo,Mongolia,MNG,2021-05-03,v8,TRUE
2021-07-01,ICU_demand,80.25,114.95,153.51,153.51,192.07,226.77,Surged Maintain Status Quo,Mongolia,MNG,2021-05-03,v8,TRUE
2021-07-01,infections,3630.77,5054.44,6636.3,6636.3,8218.16,9641.83,Surged Maintain Status Quo,Mongolia,MNG,2021-05-03,v8,TRUE
2021-07-01,prevalence,24666.53,34331.13,45069.57,45069.57,55808.01,65472.61,Surged Maintain Status Quo,Mongolia,MNG,2021-05-03,v8,TRUE
2021-07-01,cumulative_infections,325628.08,416705.29,517902.2,517902.2,619099.1,710176.32,Surged Maintain Status Quo,Mongolia,MNG,2021-05-03,v8,TRUE
2021-07-01,cumulative_deaths,404.15,486.94,578.92,578.92,670.91,753.7,Surged Maintain Status Quo,Mongolia,MNG,2021-05-03,v8,TRUE
2021-07-01,Rt,1.24,1.29,1.34,1.34,1.39,1.43,Surged Maintain Status Quo,Mongolia,MNG,2021-05-03,v8,TRUE
2021-07-01,Reff,0.82,0.84,0.85,0.85,0.87,0.89,Surged Maintain Status Quo,Mongolia,MNG,2021-05-03,v8,TRUE
2021-07-01,deaths,34.79,37.03,39.51,39.51,41.99,44.22,Surged Relax Interventions 50%,Mongolia,MNG,2021-05-03,v8,TRUE
2021-07-01,hospital_demand,1753.26,1778.56,1806.68,1806.68,1834.8,1860.1,Surged Relax Interventions 50%,Mongolia,MNG,2021-05-03,v8,TRUE
2021-07-01,ICU_demand,621.25,648.03,677.78,677.78,707.54,734.32,Surged Relax Interventions 50%,Mongolia,MNG,2021-05-03,v8,TRUE
2021-07-01,infections,15023.48,17515.06,20283.48,20283.48,23051.9,25543.48,Surged Relax Interventions 50%,Mongolia,MNG,2021-05-03,v8,TRUE
2021-07-01,prevalence,103297.62,119806.52,138149.75,138149.75,156492.97,173001.88,Surged Relax Interventions 50%,Mongolia,MNG,2021-05-03,v8,TRUE
2021-07-01,cumulative_infections,1278401.01,1428321.61,1594900.05,1594900.05,1761478.5,1911399.1,Surged Relax Interventions 50%,Mongolia,MNG,2021-05-03,v8,TRUE
2021-07-01,cumulative_deaths,1061.18,1254.38,1469.05,1469.05,1683.72,1876.92,Surged Relax Interventions 50%,Mongolia,MNG,2021-05-03,v8,TRUE
2021-07-01,Rt,1.24,1.29,1.34,1.34,1.39,1.43,Surged Relax Interventions 50%,Mongolia,MNG,2021-05-03,v8,TRUE
2021-07-01,Reff,0.32,0.36,0.4,0.4,0.44,0.47,Surged Relax Interventions 50%,Mongolia,MNG,2021-05-03,v8,TRUE
2021-07-02,deaths,0.12,0.18,0.24,0.24,0.3,0.36,Additional 50% Reduction,Mongolia,MNG,2021-05-03,v8,TRUE
2021-07-02,hospital_demand,4.25,6.39,8.76,8.76,11.13,13.26,Additional 50% Reduction,Mongolia,MNG,2021-05-03,v8,TRUE
2021-07-02,ICU_demand,2.47,3.5,4.65,4.65,5.8,6.83,Additional 50% Reduction,Mongolia,MNG,2021-05-03,v8,TRUE
2021-07-02,infections,20.4,34.89,51,51,67.1,81.59,Additional 50% Reduction,Mongolia,MNG,2021-05-03,v8,TRUE
2021-07-02,prevalence,144.12,244.62,356.28,356.28,467.95,568.45,Additional 50% Reduction,Mongolia,MNG,2021-05-03,v8,TRUE
2021-07-02,cumulative_infections,138423.19,157413.16,178513.13,178513.13,199613.1,218603.07,Additional 50% Reduction,Mongolia,MNG,2021-05-03,v8,TRUE
2021-07-02,cumulative_deaths,257.48,284.69,314.92,314.92,345.15,372.36,Additional 50% Reduction,Mongolia,MNG,2021-05-03,v8,TRUE
2021-07-02,Rt,1.24,1.29,1.34,1.34,1.39,1.43,Additional 50% Reduction,Mongolia,MNG,2021-05-03,v8,TRUE
2021-07-02,Reff,1.04,1.07,1.1,1.1,1.13,1.16,Additional 50% Reduction,Mongolia,MNG,2021-05-03,v8,TRUE
2021-07-02,deaths,4.39,6.32,8.46,8.46,10.61,12.54,Maintain Status Quo,Mongolia,MNG,2021-05-03,v8,TRUE
2021-07-02,hospital_demand,219.72,314.7,420.23,420.23,525.76,620.74,Maintain Status Quo,Mongolia,MNG,2021-05-03,v8,TRUE
2021-07-02,ICU_demand,80.04,114.65,153.09,153.09,191.54,226.14,Maintain Status Quo,Mongolia,MNG,2021-05-03,v8,TRUE
2021-07-02,infections,3604.3,4999.75,6550.24,6550.24,8100.74,9496.18,Maintain Status Quo,Mongolia,MNG,2021-05-03,v8,TRUE
2021-07-02,prevalence,24487.69,33962.18,44489.39,44489.39,55016.6,64491.09,Maintain Status Quo,Mongolia,MNG,2021-05-03,v8,TRUE
2021-07-02,cumulative_infections,329232.38,421705.04,524452.44,524452.44,627199.84,719672.5,Maintain Status Quo,Mongolia,MNG,2021-05-03,v8,TRUE
2021-07-02,cumulative_deaths,408.53,493.25,587.39,587.39,681.52,766.24,Maintain Status Quo,Mongolia,MNG,2021-05-03,v8,TRUE
2021-07-02,Rt,1.24,1.29,1.34,1.34,1.39,1.43,Maintain Status Quo,Mongolia,MNG,2021-05-03,v8,TRUE
2021-07-02,Reff,0.9,0.91,0.92,0.92,0.94,0.95,Maintain Status Quo,Mongolia,MNG,2021-05-03,v8,TRUE
2021-07-02,deaths,36.55,38.48,40.63,40.63,42.77,44.71,Relax Interventions 50%,Mongolia,MNG,2021-05-03,v8,TRUE
2021-07-02,hospital_demand,1724.61,1724.98,1725.4,1725.4,1725.83,1726.2,Relax Interventions 50%,Mongolia,MNG,2021-05-03,v8,TRUE
2021-07-02,ICU_demand,393.45,396.37,399.62,399.62,402.87,405.8,Relax Interventions 50%,Mongolia,MNG,2021-05-03,v8,TRUE
2021-07-02,infections,13928.59,16487.06,19329.81,19329.81,22172.55,24731.02,Relax Interventions 50%,Mongolia,MNG,2021-05-03,v8,TRUE
2021-07-02,prevalence,95522.47,112531.35,131430.11,131430.11,150328.86,167337.74,Relax Interventions 50%,Mongolia,MNG,2021-05-03,v8,TRUE
2021-07-02,cumulative_infections,1303132.53,1450496.1,1614233.41,1614233.41,1777970.71,1925334.28,Relax Interventions 50%,Mongolia,MNG,2021-05-03,v8,TRUE
2021-07-02,cumulative_deaths,1388.89,1682.77,2009.32,2009.32,2335.86,2629.74,Relax Interventions 50%,Mongolia,MNG,2021-05-03,v8,TRUE
2021-07-02,Rt,1.24,1.29,1.34,1.34,1.39,1.43,Relax Interventions 50%,Mongolia,MNG,2021-05-03,v8,TRUE
2021-07-02,Reff,0.39,0.42,0.46,0.46,0.5,0.53,Relax Interventions 50%,Mongolia,MNG,2021-05-03,v8,TRUE
2021-07-02,deaths,0.12,0.18,0.24,0.24,0.3,0.36,Surged Additional 50% Reduction,Mongolia,MNG,2021-05-03,v8,TRUE
2021-07-02,hospital_demand,4.25,6.39,8.76,8.76,11.13,13.26,Surged Additional 50% Reduction,Mongolia,MNG,2021-05-03,v8,TRUE
2021-07-02,ICU_demand,2.47,3.5,4.65,4.65,5.8,6.83,Surged Additional 50% Reduction,Mongolia,MNG,2021-05-03,v8,TRUE
2021-07-02,infections,20.4,34.89,51,51,67.1,81.59,Surged Additional 50% Reduction,Mongolia,MNG,2021-05-03,v8,TRUE
2021-07-02,prevalence,144.12,244.62,356.28,356.28,467.95,568.45,Surged Additional 50% Reduction,Mongolia,MNG,2021-05-03,v8,TRUE
2021-07-02,cumulative_infections,138423.19,157413.16,178513.13,178513.13,199613.1,218603.07,Surged Additional 50% Reduction,Mongolia,MNG,2021-05-03,v8,TRUE
2021-07-02,cumulative_deaths,257.48,284.69,314.92,314.92,345.15,372.36,Surged Additional 50% Reduction,Mongolia,MNG,2021-05-03,v8,TRUE
2021-07-02,Rt,1.24,1.29,1.34,1.34,1.39,1.43,Surged Additional 50% Reduction,Mongolia,MNG,2021-05-03,v8,TRUE
2021-07-02,Reff,0.98,1.01,1.03,1.03,1.06,1.09,Surged Additional 50% Reduction,Mongolia,MNG,2021-05-03,v8,TRUE
2021-07-02,deaths,4.39,6.32,8.46,8.46,10.61,12.54,Surged Maintain Status Quo,Mongolia,MNG,2021-05-03,v8,TRUE
2021-07-02,hospital_demand,219.72,314.7,420.23,420.23,525.76,620.74,Surged Maintain Status Quo,Mongolia,MNG,2021-05-03,v8,TRUE
2021-07-02,ICU_demand,80.04,114.65,153.09,153.09,191.54,226.14,Surged Maintain Status Quo,Mongolia,MNG,2021-05-03,v8,TRUE
2021-07-02,infections,3604.3,4999.75,6550.24,6550.24,8100.74,9496.18,Surged Maintain Status Quo,Mongolia,MNG,2021-05-03,v8,TRUE
2021-07-02,prevalence,24487.69,33962.18,44489.39,44489.39,55016.6,64491.09,Surged Maintain Status Quo,Mongolia,MNG,2021-05-03,v8,TRUE
2021-07-02,cumulative_infections,329232.38,421705.04,524452.44,524452.44,627199.84,719672.5,Surged Maintain Status Quo,Mongolia,MNG,2021-05-03,v8,TRUE
2021-07-02,cumulative_deaths,408.53,493.25,587.39,587.39,681.52,766.24,Surged Maintain Status Quo,Mongolia,MNG,2021-05-03,v8,TRUE
2021-07-02,Rt,1.24,1.29,1.34,1.34,1.39,1.43,Surged Maintain Status Quo,Mongolia,MNG,2021-05-03,v8,TRUE
2021-07-02,Reff,0.82,0.83,0.85,0.85,0.87,0.88,Surged Maintain Status Quo,Mongolia,MNG,2021-05-03,v8,TRUE
2021-07-02,deaths,35.02,36.87,38.93,38.93,40.99,42.84,Surged Relax Interventions 50%,Mongolia,MNG,2021-05-03,v8,TRUE
2021-07-02,hospital_demand,1747.87,1755.23,1763.41,1763.41,1771.6,1778.96,Surged Relax Interventions 50%,Mongolia,MNG,2021-05-03,v8,TRUE
2021-07-02,ICU_demand,622.77,643.29,666.09,666.09,688.9,709.42,Surged Relax Interventions 50%,Mongolia,MNG,2021-05-03,v8,TRUE
2021-07-02,infections,13928.69,16487.11,19329.79,19329.79,22172.48,24730.9,Surged Relax Interventions 50%,Mongolia,MNG,2021-05-03,v8,TRUE
2021-07-02,prevalence,95891.69,112869.82,131734.41,131734.41,150599,167577.13,Surged Relax Interventions 50%,Mongolia,MNG,2021-05-03,v8,TRUE
2021-07-02,cumulative_infections,1303131.91,1450494.09,1614229.84,1614229.84,1777965.6,1925327.78,Surged Relax Interventions 50%,Mongolia,MNG,2021-05-03,v8,TRUE
2021-07-02,cumulative_deaths,1096.2,1291.25,1507.98,1507.98,1724.71,1919.76,Surged Relax Interventions 50%,Mongolia,MNG,2021-05-03,v8,TRUE
2021-07-02,Rt,1.24,1.29,1.34,1.34,1.39,1.43,Surged Relax Interventions 50%,Mongolia,MNG,2021-05-03,v8,TRUE
2021-07-02,Reff,0.32,0.35,0.39,0.39,0.43,0.46,Surged Relax Interventions 50%,Mongolia,MNG,2021-05-03,v8,TRUE
2021-07-03,deaths,0.11,0.16,0.22,0.22,0.28,0.33,Additional 50% Reduction,Mongolia,MNG,2021-05-03,v8,TRUE
2021-07-03,hospital_demand,3.91,5.9,8.12,8.12,10.34,12.34,Additional 50% Reduction,Mongolia,MNG,2021-05-03,v8,TRUE
2021-07-03,ICU_demand,2.27,3.24,4.32,4.32,5.4,6.36,Additional 50% Reduction,Mongolia,MNG,2021-05-03,v8,TRUE
2021-07-03,infections,18.72,32.26,47.29,47.29,62.33,75.86,Additional 50% Reduction,Mongolia,MNG,2021-05-03,v8,TRUE
2021-07-03,prevalence,132.31,226.15,330.41,330.41,434.68,528.52,Additional 50% Reduction,Mongolia,MNG,2021-05-03,v8,TRUE
2021-07-03,cumulative_infections,138441.92,157445.42,178560.42,178560.42,199675.43,218678.93,Additional 50% Reduction,Mongolia,MNG,2021-05-03,v8,TRUE
2021-07-03,cumulative_deaths,257.6,284.86,315.14,315.14,345.43,372.69,Additional 50% Reduction,Mongolia,MNG,2021-05-03,v8,TRUE
2021-07-03,Rt,1.24,1.29,1.34,1.34,1.39,1.43,Additional 50% Reduction,Mongolia,MNG,2021-05-03,v8,TRUE
2021-07-03,Reff,1.04,1.07,1.1,1.1,1.13,1.16,Additional 50% Reduction,Mongolia,MNG,2021-05-03,v8,TRUE
2021-07-03,deaths,4.38,6.3,8.45,8.45,10.59,12.51,Maintain Status Quo,Mongolia,MNG,2021-05-03,v8,TRUE
2021-07-03,hospital_demand,218.96,313.29,418.1,418.1,522.91,617.23,Maintain Status Quo,Mongolia,MNG,2021-05-03,v8,TRUE
2021-07-03,ICU_demand,79.82,114.29,152.59,152.59,190.89,225.36,Maintain Status Quo,Mongolia,MNG,2021-05-03,v8,TRUE
2021-07-03,infections,3577.22,4943.68,6461.98,6461.98,7980.28,9346.75,Maintain Status Quo,Mongolia,MNG,2021-05-03,v8,TRUE
2021-07-03,prevalence,24304.61,33583.89,43894.21,43894.21,54204.52,63483.81,Maintain Status Quo,Mongolia,MNG,2021-05-03,v8,TRUE
2021-07-03,cumulative_infections,332809.59,426648.72,530914.42,530914.42,635180.12,729019.24,Maintain Status Quo,Mongolia,MNG,2021-05-03,v8,TRUE
2021-07-03,cumulative_deaths,412.91,499.56,595.83,595.83,692.11,778.75,Maintain Status Quo,Mongolia,MNG,2021-05-03,v8,TRUE
2021-07-03,Rt,1.24,1.29,1.34,1.34,1.39,1.43,Maintain Status Quo,Mongolia,MNG,2021-05-03,v8,TRUE
2021-07-03,Reff,0.89,0.91,0.92,0.92,0.94,0.95,Maintain Status Quo,Mongolia,MNG,2021-05-03,v8,TRUE
2021-07-03,deaths,33.79,36.19,38.86,38.86,41.53,43.93,Relax Interventions 50%,Mongolia,MNG,2021-05-03,v8,TRUE
2021-07-03,hospital_demand,1646.62,1662.69,1680.55,1680.55,1698.41,1714.49,Relax Interventions 50%,Mongolia,MNG,2021-05-03,v8,TRUE
2021-07-03,ICU_demand,390.36,393.78,397.57,397.57,401.36,404.78,Relax Interventions 50%,Mongolia,MNG,2021-05-03,v8,TRUE
2021-07-03,infections,12901.25,15505.65,18399.43,18399.43,21293.21,23897.61,Relax Interventions 50%,Mongolia,MNG,2021-05-03,v8,TRUE
2021-07-03,prevalence,88584.16,105917.51,125176.79,125176.79,144436.07,161769.42,Relax Interventions 50%,Mongolia,MNG,2021-05-03,v8,TRUE
2021-07-03,cumulative_infections,1327030.15,1471789.31,1632632.84,1632632.84,1793476.36,1938235.53,Relax Interventions 50%,Mongolia,MNG,2021-05-03,v8,TRUE
2021-07-03,cumulative_deaths,1432.82,1724.3,2048.17,2048.17,2372.04,2663.53,Relax Interventions 50%,Mongolia,MNG,2021-05-03,v8,TRUE
2021-07-03,Rt,1.24,1.29,1.34,1.34,1.39,1.43,Relax Interventions 50%,Mongolia,MNG,2021-05-03,v8,TRUE
2021-07-03,Reff,0.38,0.42,0.45,0.45,0.49,0.52,Relax Interventions 50%,Mongolia,MNG,2021-05-03,v8,TRUE
2021-07-03,deaths,0.11,0.16,0.22,0.22,0.28,0.33,Surged Additional 50% Reduction,Mongolia,MNG,2021-05-03,v8,TRUE
2021-07-03,hospital_demand,3.91,5.9,8.12,8.12,10.34,12.34,Surged Additional 50% Reduction,Mongolia,MNG,2021-05-03,v8,TRUE
2021-07-03,ICU_demand,2.27,3.24,4.32,4.32,5.4,6.36,Surged Additional 50% Reduction,Mongolia,MNG,2021-05-03,v8,TRUE
2021-07-03,infections,18.72,32.26,47.29,47.29,62.33,75.86,Surged Additional 50% Reduction,Mongolia,MNG,2021-05-03,v8,TRUE
2021-07-03,prevalence,132.31,226.15,330.41,330.41,434.68,528.52,Surged Additional 50% Reduction,Mongolia,MNG,2021-05-03,v8,TRUE
2021-07-03,cumulative_infections,138441.92,157445.42,178560.42,178560.42,199675.43,218678.93,Surged Additional 50% Reduction,Mongolia,MNG,2021-05-03,v8,TRUE
2021-07-03,cumulative_deaths,257.6,284.86,315.14,315.14,345.43,372.69,Surged Additional 50% Reduction,Mongolia,MNG,2021-05-03,v8,TRUE
2021-07-03,Rt,1.24,1.29,1.34,1.34,1.39,1.43,Surged Additional 50% Reduction,Mongolia,MNG,2021-05-03,v8,TRUE
2021-07-03,Reff,0.98,1.01,1.04,1.04,1.06,1.09,Surged Additional 50% Reduction,Mongolia,MNG,2021-05-03,v8,TRUE
2021-07-03,deaths,4.38,6.3,8.45,8.45,10.59,12.51,Surged Maintain Status Quo,Mongolia,MNG,2021-05-03,v8,TRUE
2021-07-03,hospital_demand,218.96,313.29,418.1,418.1,522.91,617.23,Surged Maintain Status Quo,Mongolia,MNG,2021-05-03,v8,TRUE
2021-07-03,ICU_demand,79.82,114.29,152.59,152.59,190.89,225.36,Surged Maintain Status Quo,Mongolia,MNG,2021-05-03,v8,TRUE
2021-07-03,infections,3577.22,4943.68,6461.98,6461.98,7980.28,9346.75,Surged Maintain Status Quo,Mongolia,MNG,2021-05-03,v8,TRUE
2021-07-03,prevalence,24304.61,33583.89,43894.21,43894.21,54204.52,63483.81,Surged Maintain Status Quo,Mongolia,MNG,2021-05-03,v8,TRUE
2021-07-03,cumulative_infections,332809.59,426648.72,530914.42,530914.42,635180.12,729019.24,Surged Maintain Status Quo,Mongolia,MNG,2021-05-03,v8,TRUE
2021-07-03,cumulative_deaths,412.91,499.56,595.83,595.83,692.11,778.75,Surged Maintain Status Quo,Mongolia,MNG,2021-05-03,v8,TRUE
2021-07-03,Rt,1.24,1.29,1.34,1.34,1.39,1.43,Surged Maintain Status Quo,Mongolia,MNG,2021-05-03,v8,TRUE
2021-07-03,Reff,0.82,0.83,0.85,0.85,0.87,0.88,Surged Maintain Status Quo,Mongolia,MNG,2021-05-03,v8,TRUE
2021-07-03,deaths,35.18,36.65,38.29,38.29,39.92,41.4,Surged Relax Interventions 50%,Mongolia,MNG,2021-05-03,v8,TRUE
2021-07-03,hospital_demand,1697.6,1707.32,1718.12,1718.12,1728.92,1738.64,Surged Relax Interventions 50%,Mongolia,MNG,2021-05-03,v8,TRUE
2021-07-03,ICU_demand,622.98,637.41,653.44,653.44,669.46,683.89,Surged Relax Interventions 50%,Mongolia,MNG,2021-05-03,v8,TRUE
2021-07-03,infections,12901.32,15505.68,18399.41,18399.41,21293.14,23897.5,Surged Relax Interventions 50%,Mongolia,MNG,2021-05-03,v8,TRUE
2021-07-03,prevalence,88929.49,106238.35,125470.42,125470.42,144702.48,162011.34,Surged Relax Interventions 50%,Mongolia,MNG,2021-05-03,v8,TRUE
2021-07-03,cumulative_infections,1327029.41,1471787.23,1632629.26,1632629.26,1793471.28,1938229.1,Surged Relax Interventions 50%,Mongolia,MNG,2021-05-03,v8,TRUE
2021-07-03,cumulative_deaths,1131.38,1327.91,1546.27,1546.27,1764.63,1961.16,Surged Relax Interventions 50%,Mongolia,MNG,2021-05-03,v8,TRUE
2021-07-03,Rt,1.24,1.29,1.34,1.34,1.39,1.43,Surged Relax Interventions 50%,Mongolia,MNG,2021-05-03,v8,TRUE
2021-07-03,Reff,0.32,0.35,0.39,0.39,0.42,0.46,Surged Relax Interventions 50%,Mongolia,MNG,2021-05-03,v8,TRUE
2021-07-04,deaths,0.1,0.15,0.21,0.21,0.26,0.31,Additional 50% Reduction,Mongolia,MNG,2021-05-03,v8,TRUE
2021-07-04,hospital_demand,3.59,5.46,7.54,7.54,9.61,11.48,Additional 50% Reduction,Mongolia,MNG,2021-05-03,v8,TRUE
2021-07-04,ICU_demand,2.09,3,4.01,4.01,5.02,5.93,Additional 50% Reduction,Mongolia,MNG,2021-05-03,v8,TRUE
2021-07-04,infections,17.19,29.82,43.86,43.86,57.89,70.53,Additional 50% Reduction,Mongolia,MNG,2021-05-03,v8,TRUE
2021-07-04,prevalence,121.47,209.08,306.43,306.43,403.78,491.4,Additional 50% Reduction,Mongolia,MNG,2021-05-03,v8,TRUE
2021-07-04,cumulative_infections,138459.11,157475.24,178604.28,178604.28,199733.32,218749.46,Additional 50% Reduction,Mongolia,MNG,2021-05-03,v8,TRUE
2021-07-04,cumulative_deaths,257.7,285.01,315.35,315.35,345.69,373,Additional 50% Reduction,Mongolia,MNG,2021-05-03,v8,TRUE
2021-07-04,Rt,1.24,1.29,1.34,1.34,1.39,1.43,Additional 50% Reduction,Mongolia,MNG,2021-05-03,v8,TRUE
2021-07-04,Reff,1.04,1.07,1.1,1.1,1.13,1.16,Additional 50% Reduction,Mongolia,MNG,2021-05-03,v8,TRUE
2021-07-04,deaths,4.37,6.29,8.42,8.42,10.56,12.48,Maintain Status Quo,Mongolia,MNG,2021-05-03,v8,TRUE
2021-07-04,hospital_demand,218.15,311.74,415.74,415.74,519.73,613.32,Maintain Status Quo,Mongolia,MNG,2021-05-03,v8,TRUE
2021-07-04,ICU_demand,79.59,113.89,152.01,152.01,190.13,224.43,Maintain Status Quo,Mongolia,MNG,2021-05-03,v8,TRUE
2021-07-04,infections,3549.53,4886.36,6371.72,6371.72,7857.07,9193.9,Maintain Status Quo,Mongolia,MNG,2021-05-03,v8,TRUE
2021-07-04,prevalence,24117.51,33197.07,43285.46,43285.46,53373.86,62453.42,Maintain Status Quo,Mongolia,MNG,2021-05-03,v8,TRUE
2021-07-04,cumulative_infections,336359.13,431535.08,537286.13,537286.13,643037.19,738213.14,Maintain Status Quo,Mongolia,MNG,2021-05-03,v8,TRUE
2021-07-04,cumulative_deaths,417.28,505.85,604.25,604.25,702.66,791.23,Maintain Status Quo,Mongolia,MNG,2021-05-03,v8,TRUE
2021-07-04,Rt,1.24,1.29,1.34,1.34,1.39,1.43,Maintain Status Quo,Mongolia,MNG,2021-05-03,v8,TRUE
2021-07-04,Reff,0.89,0.9,0.92,0.92,0.93,0.95,Maintain Status Quo,Mongolia,MNG,2021-05-03,v8,TRUE
2021-07-04,deaths,31.1,33.93,37.07,37.07,40.21,43.04,Relax Interventions 50%,Mongolia,MNG,2021-05-03,v8,TRUE
2021-07-04,hospital_demand,1567.54,1599.09,1634.15,1634.15,1669.21,1700.76,Relax Interventions 50%,Mongolia,MNG,2021-05-03,v8,TRUE
2021-07-04,ICU_demand,387.38,391.23,395.51,395.51,399.79,403.64,Relax Interventions 50%,Mongolia,MNG,2021-05-03,v8,TRUE
2021-07-04,infections,11939.32,14570.55,17494.15,17494.15,20417.75,23048.99,Relax Interventions 50%,Mongolia,MNG,2021-05-03,v8,TRUE
2021-07-04,prevalence,82078.99,99609.75,119088.37,119088.37,138566.99,156097.75,Relax Interventions 50%,Mongolia,MNG,2021-05-03,v8,TRUE
2021-07-04,cumulative_infections,1350079.14,1492207.07,1650126.99,1650126.99,1808046.91,1950174.84,Relax Interventions 50%,Mongolia,MNG,2021-05-03,v8,TRUE
2021-07-04,cumulative_deaths,1475.85,1764.51,2085.24,2085.24,2405.97,2694.63,Relax Interventions 50%,Mongolia,MNG,2021-05-03,v8,TRUE
2021-07-04,Rt,1.24,1.29,1.34,1.34,1.39,1.43,Relax Interventions 50%,Mongolia,MNG,2021-05-03,v8,TRUE
2021-07-04,Reff,0.38,0.41,0.45,0.45,0.49,0.52,Relax Interventions 50%,Mongolia,MNG,2021-05-03,v8,TRUE
2021-07-04,deaths,0.1,0.15,0.21,0.21,0.26,0.31,Surged Additional 50% Reduction,Mongolia,MNG,2021-05-03,v8,TRUE
2021-07-04,hospital_demand,3.59,5.46,7.54,7.54,9.61,11.48,Surged Additional 50% Reduction,Mongolia,MNG,2021-05-03,v8,TRUE
2021-07-04,ICU_demand,2.09,3,4.01,4.01,5.02,5.93,Surged Additional 50% Reduction,Mongolia,MNG,2021-05-03,v8,TRUE
2021-07-04,infections,17.19,29.82,43.86,43.86,57.89,70.53,Surged Additional 50% Reduction,Mongolia,MNG,2021-05-03,v8,TRUE
2021-07-04,prevalence,121.47,209.08,306.43,306.43,403.78,491.4,Surged Additional 50% Reduction,Mongolia,MNG,2021-05-03,v8,TRUE
2021-07-04,cumulative_infections,138459.11,157475.24,178604.28,178604.28,199733.32,218749.46,Surged Additional 50% Reduction,Mongolia,MNG,2021-05-03,v8,TRUE
2021-07-04,cumulative_deaths,257.7,285.01,315.35,315.35,345.69,373,Surged Additional 50% Reduction,Mongolia,MNG,2021-05-03,v8,TRUE
2021-07-04,Rt,1.24,1.29,1.34,1.34,1.39,1.43,Surged Additional 50% Reduction,Mongolia,MNG,2021-05-03,v8,TRUE
2021-07-04,Reff,0.98,1.01,1.04,1.04,1.06,1.09,Surged Additional 50% Reduction,Mongolia,MNG,2021-05-03,v8,TRUE
2021-07-04,deaths,4.37,6.29,8.42,8.42,10.56,12.48,Surged Maintain Status Quo,Mongolia,MNG,2021-05-03,v8,TRUE
2021-07-04,hospital_demand,218.15,311.74,415.74,415.74,519.73,613.32,Surged Maintain Status Quo,Mongolia,MNG,2021-05-03,v8,TRUE
2021-07-04,ICU_demand,79.59,113.89,152.01,152.01,190.13,224.43,Surged Maintain Status Quo,Mongolia,MNG,2021-05-03,v8,TRUE
2021-07-04,infections,3549.53,4886.36,6371.72,6371.72,7857.07,9193.9,Surged Maintain Status Quo,Mongolia,MNG,2021-05-03,v8,TRUE
2021-07-04,prevalence,24117.51,33197.07,43285.46,43285.46,53373.86,62453.42,Surged Maintain Status Quo,Mongolia,MNG,2021-05-03,v8,TRUE
2021-07-04,cumulative_infections,336359.13,431535.08,537286.13,537286.13,643037.19,738213.14,Surged Maintain Status Quo,Mongolia,MNG,2021-05-03,v8,TRUE
2021-07-04,cumulative_deaths,417.28,505.85,604.25,604.25,702.66,791.23,Surged Maintain Status Quo,Mongolia,MNG,2021-05-03,v8,TRUE
2021-07-04,Rt,1.24,1.29,1.34,1.34,1.39,1.43,Surged Maintain Status Quo,Mongolia,MNG,2021-05-03,v8,TRUE
2021-07-04,Reff,0.81,0.83,0.85,0.85,0.87,0.88,Surged Maintain Status Quo,Mongolia,MNG,2021-05-03,v8,TRUE
2021-07-04,deaths,35.26,36.36,37.58,37.58,38.8,39.9,Surged Relax Interventions 50%,Mongolia,MNG,2021-05-03,v8,TRUE
2021-07-04,hospital_demand,1616.56,1642.41,1671.13,1671.13,1699.84,1725.69,Surged Relax Interventions 50%,Mongolia,MNG,2021-05-03,v8,TRUE
2021-07-04,ICU_demand,621.91,630.44,639.91,639.91,649.39,657.92,Surged Relax Interventions 50%,Mongolia,MNG,2021-05-03,v8,TRUE
2021-07-04,infections,11939.45,14570.64,17494.2,17494.2,20417.75,23048.94,Surged Relax Interventions 50%,Mongolia,MNG,2021-05-03,v8,TRUE
2021-07-04,prevalence,82399.63,99911.97,119370.13,119370.13,138828.28,156340.62,Surged Relax Interventions 50%,Mongolia,MNG,2021-05-03,v8,TRUE
2021-07-04,cumulative_infections,1350078.35,1492204.98,1650123.45,1650123.45,1808041.93,1950168.55,Surged Relax Interventions 50%,Mongolia,MNG,2021-05-03,v8,TRUE
2021-07-04,cumulative_deaths,1166.64,1364.26,1583.85,1583.85,1803.43,2001.06,Surged Relax Interventions 50%,Mongolia,MNG,2021-05-03,v8,TRUE
2021-07-04,Rt,1.24,1.29,1.34,1.34,1.39,1.43,Surged Relax Interventions 50%,Mongolia,MNG,2021-05-03,v8,TRUE
2021-07-04,Reff,0.32,0.35,0.38,0.38,0.42,0.45,Surged Relax Interventions 50%,Mongolia,MNG,2021-05-03,v8,TRUE
2021-07-05,deaths,0.09,0.14,0.19,0.19,0.24,0.29,Additional 50% Reduction,Mongolia,MNG,2021-05-03,v8,TRUE
2021-07-05,hospital_demand,3.3,5.05,6.99,6.99,8.93,10.68,Additional 50% Reduction,Mongolia,MNG,2021-05-03,v8,TRUE
2021-07-05,ICU_demand,1.92,2.78,3.73,3.73,4.67,5.53,Additional 50% Reduction,Mongolia,MNG,2021-05-03,v8,TRUE
2021-07-05,infections,15.78,27.57,40.68,40.68,53.78,65.57,Additional 50% Reduction,Mongolia,MNG,2021-05-03,v8,TRUE
2021-07-05,prevalence,111.52,193.32,284.21,284.21,375.1,456.9,Additional 50% Reduction,Mongolia,MNG,2021-05-03,v8,TRUE
2021-07-05,cumulative_infections,138474.89,157502.81,178644.96,178644.96,199787.1,218815.03,Additional 50% Reduction,Mongolia,MNG,2021-05-03,v8,TRUE
2021-07-05,cumulative_deaths,257.79,285.15,315.54,315.54,345.93,373.28,Additional 50% Reduction,Mongolia,MNG,2021-05-03,v8,TRUE
2021-07-05,Rt,1.24,1.29,1.34,1.34,1.39,1.43,Additional 50% Reduction,Mongolia,MNG,2021-05-03,v8,TRUE
2021-07-05,Reff,1.04,1.07,1.1,1.1,1.13,1.16,Additional 50% Reduction,Mongolia,MNG,2021-05-03,v8,TRUE
2021-07-05,deaths,4.36,6.27,8.39,8.39,10.52,12.43,Maintain Status Quo,Mongolia,MNG,2021-05-03,v8,TRUE
2021-07-05,hospital_demand,217.29,310.07,413.16,413.16,516.24,609.02,Maintain Status Quo,Mongolia,MNG,2021-05-03,v8,TRUE
2021-07-05,ICU_demand,79.34,113.45,151.35,151.35,189.25,223.36,Maintain Status Quo,Mongolia,MNG,2021-05-03,v8,TRUE
2021-07-05,infections,3521.29,4827.89,6279.66,6279.66,7731.43,9038.03,Maintain Status Quo,Mongolia,MNG,2021-05-03,v8,TRUE
2021-07-05,prevalence,23926.63,32802.48,42664.53,42664.53,52526.58,61402.42,Maintain Status Quo,Mongolia,MNG,2021-05-03,v8,TRUE
2021-07-05,cumulative_infections,339880.42,436362.97,543565.8,543565.8,650768.62,747251.17,Maintain Status Quo,Mongolia,MNG,2021-05-03,v8,TRUE
2021-07-05,cumulative_deaths,421.64,512.12,612.65,612.65,713.18,803.66,Maintain Status Quo,Mongolia,MNG,2021-05-03,v8,TRUE
2021-07-05,Rt,1.24,1.29,1.34,1.34,1.39,1.43,Maintain Status Quo,Mongolia,MNG,2021-05-03,v8,TRUE
2021-07-05,Reff,0.89,0.9,0.92,0.92,0.93,0.95,Maintain Status Quo,Mongolia,MNG,2021-05-03,v8,TRUE
2021-07-05,deaths,28.58,31.77,35.32,35.32,38.86,42.05,Relax Interventions 50%,Mongolia,MNG,2021-05-03,v8,TRUE
2021-07-05,hospital_demand,1489.43,1535.41,1586.5,1586.5,1637.59,1683.57,Relax Interventions 50%,Mongolia,MNG,2021-05-03,v8,TRUE
2021-07-05,ICU_demand,384.44,388.69,393.41,393.41,398.13,402.38,Relax Interventions 50%,Mongolia,MNG,2021-05-03,v8,TRUE
2021-07-05,infections,11040.57,13681.31,16615.47,16615.47,19549.64,22190.38,Relax Interventions 50%,Mongolia,MNG,2021-05-03,v8,TRUE
2021-07-05,prevalence,75992.67,93605.62,113175.56,113175.56,132745.5,150358.44,Relax Interventions 50%,Mongolia,MNG,2021-05-03,v8,TRUE
2021-07-05,cumulative_infections,1372269.52,1511756.7,1666742.46,1666742.46,1821728.22,1961215.41,Relax Interventions 50%,Mongolia,MNG,2021-05-03,v8,TRUE
2021-07-05,cumulative_deaths,1517.9,1803.37,2120.56,2120.56,2437.74,2723.21,Relax Interventions 50%,Mongolia,MNG,2021-05-03,v8,TRUE
2021-07-05,Rt,1.24,1.29,1.34,1.34,1.39,1.43,Relax Interventions 50%,Mongolia,MNG,2021-05-03,v8,TRUE
2021-07-05,Reff,0.38,0.41,0.45,0.45,0.48,0.51,Relax Interventions 50%,Mongolia,MNG,2021-05-03,v8,TRUE
2021-07-05,deaths,0.09,0.14,0.19,0.19,0.24,0.29,Surged Additional 50% Reduction,Mongolia,MNG,2021-05-03,v8,TRUE
2021-07-05,hospital_demand,3.3,5.05,6.99,6.99,8.93,10.68,Surged Additional 50% Reduction,Mongolia,MNG,2021-05-03,v8,TRUE
2021-07-05,ICU_demand,1.92,2.78,3.73,3.73,4.67,5.53,Surged Additional 50% Reduction,Mongolia,MNG,2021-05-03,v8,TRUE
2021-07-05,infections,15.78,27.57,40.68,40.68,53.78,65.57,Surged Additional 50% Reduction,Mongolia,MNG,2021-05-03,v8,TRUE
2021-07-05,prevalence,111.52,193.32,284.21,284.21,375.1,456.9,Surged Additional 50% Reduction,Mongolia,MNG,2021-05-03,v8,TRUE
2021-07-05,cumulative_infections,138474.89,157502.81,178644.96,178644.96,199787.1,218815.03,Surged Additional 50% Reduction,Mongolia,MNG,2021-05-03,v8,TRUE
2021-07-05,cumulative_deaths,257.79,285.15,315.54,315.54,345.93,373.28,Surged Additional 50% Reduction,Mongolia,MNG,2021-05-03,v8,TRUE
2021-07-05,Rt,1.24,1.29,1.34,1.34,1.39,1.43,Surged Additional 50% Reduction,Mongolia,MNG,2021-05-03,v8,TRUE
2021-07-05,Reff,0.98,1.01,1.04,1.04,1.06,1.09,Surged Additional 50% Reduction,Mongolia,MNG,2021-05-03,v8,TRUE
2021-07-05,deaths,4.36,6.27,8.39,8.39,10.52,12.43,Surged Maintain Status Quo,Mongolia,MNG,2021-05-03,v8,TRUE
2021-07-05,hospital_demand,217.29,310.07,413.16,413.16,516.24,609.02,Surged Maintain Status Quo,Mongolia,MNG,2021-05-03,v8,TRUE
2021-07-05,ICU_demand,79.34,113.45,151.35,151.35,189.25,223.36,Surged Maintain Status Quo,Mongolia,MNG,2021-05-03,v8,TRUE
2021-07-05,infections,3521.29,4827.89,6279.66,6279.66,7731.43,9038.03,Surged Maintain Status Quo,Mongolia,MNG,2021-05-03,v8,TRUE
2021-07-05,prevalence,23926.63,32802.48,42664.53,42664.53,52526.58,61402.42,Surged Maintain Status Quo,Mongolia,MNG,2021-05-03,v8,TRUE
2021-07-05,cumulative_infections,339880.42,436362.97,543565.8,543565.8,650768.62,747251.17,Surged Maintain Status Quo,Mongolia,MNG,2021-05-03,v8,TRUE
2021-07-05,cumulative_deaths,421.64,512.12,612.65,612.65,713.18,803.66,Surged Maintain Status Quo,Mongolia,MNG,2021-05-03,v8,TRUE
2021-07-05,Rt,1.24,1.29,1.34,1.34,1.39,1.43,Surged Maintain Status Quo,Mongolia,MNG,2021-05-03,v8,TRUE
2021-07-05,Reff,0.81,0.83,0.85,0.85,0.86,0.88,Surged Maintain Status Quo,Mongolia,MNG,2021-05-03,v8,TRUE
2021-07-05,deaths,35.26,36,36.82,36.82,37.64,38.38,Surged Relax Interventions 50%,Mongolia,MNG,2021-05-03,v8,TRUE
2021-07-05,hospital_demand,1536.32,1577.25,1622.73,1622.73,1668.22,1709.15,Surged Relax Interventions 50%,Mongolia,MNG,2021-05-03,v8,TRUE
2021-07-05,ICU_demand,619.57,622.44,625.63,625.63,628.81,631.68,Surged Relax Interventions 50%,Mongolia,MNG,2021-05-03,v8,TRUE
2021-07-05,infections,11040.75,13681.45,16615.55,16615.55,19549.65,22190.35,Surged Relax Interventions 50%,Mongolia,MNG,2021-05-03,v8,TRUE
2021-07-05,prevalence,76288.18,93888.57,113444.56,113444.56,133000.56,150600.95,Surged Relax Interventions 50%,Mongolia,MNG,2021-05-03,v8,TRUE
2021-07-05,cumulative_infections,1372268.7,1511754.63,1666739,1666739,1821723.37,1961209.3,Surged Relax Interventions 50%,Mongolia,MNG,2021-05-03,v8,TRUE
2021-07-05,cumulative_deaths,1201.9,1400.26,1620.67,1620.67,1841.07,2039.44,Surged Relax Interventions 50%,Mongolia,MNG,2021-05-03,v8,TRUE
2021-07-05,Rt,1.24,1.29,1.34,1.34,1.39,1.43,Surged Relax Interventions 50%,Mongolia,MNG,2021-05-03,v8,TRUE
2021-07-05,Reff,0.31,0.34,0.38,0.38,0.41,0.44,Surged Relax Interventions 50%,Mongolia,MNG,2021-05-03,v8,TRUE
2021-07-06,deaths,0.09,0.13,0.18,0.18,0.22,0.27,Additional 50% Reduction,Mongolia,MNG,2021-05-03,v8,TRUE
2021-07-06,hospital_demand,3.03,4.67,6.48,6.48,8.3,9.94,Additional 50% Reduction,Mongolia,MNG,2021-05-03,v8,TRUE
2021-07-06,ICU_demand,1.77,2.57,3.46,3.46,4.35,5.15,Additional 50% Reduction,Mongolia,MNG,2021-05-03,v8,TRUE
2021-07-06,infections,14.49,25.5,37.73,37.73,49.96,60.97,Additional 50% Reduction,Mongolia,MNG,2021-05-03,v8,TRUE
2021-07-06,prevalence,102.39,178.76,263.61,263.61,348.47,424.84,Additional 50% Reduction,Mongolia,MNG,2021-05-03,v8,TRUE
2021-07-06,cumulative_infections,138489.37,157528.31,178682.68,178682.68,199837.06,218876,Additional 50% Reduction,Mongolia,MNG,2021-05-03,v8,TRUE
2021-07-06,cumulative_deaths,257.88,285.27,315.71,315.71,346.15,373.55,Additional 50% Reduction,Mongolia,MNG,2021-05-03,v8,TRUE
2021-07-06,Rt,1.24,1.29,1.34,1.34,1.39,1.43,Additional 50% Reduction,Mongolia,MNG,2021-05-03,v8,TRUE
2021-07-06,Reff,1.04,1.07,1.1,1.1,1.13,1.16,Additional 50% Reduction,Mongolia,MNG,2021-05-03,v8,TRUE
2021-07-06,deaths,4.34,6.25,8.36,8.36,10.48,12.38,Maintain Status Quo,Mongolia,MNG,2021-05-03,v8,TRUE
2021-07-06,hospital_demand,216.39,308.28,410.37,410.37,512.46,604.34,Maintain Status Quo,Mongolia,MNG,2021-05-03,v8,TRUE
2021-07-06,ICU_demand,79.08,112.96,150.61,150.61,188.26,222.15,Maintain Status Quo,Mongolia,MNG,2021-05-03,v8,TRUE
2021-07-06,infections,3492.53,4768.38,6186,6186,7603.62,8879.48,Maintain Status Quo,Mongolia,MNG,2021-05-03,v8,TRUE
2021-07-06,prevalence,23732.12,32400.77,42032.59,42032.59,51664.42,60333.06,Maintain Status Quo,Mongolia,MNG,2021-05-03,v8,TRUE
2021-07-06,cumulative_infections,343372.94,441131.35,549751.8,549751.8,658372.24,756130.65,Maintain Status Quo,Mongolia,MNG,2021-05-03,v8,TRUE
2021-07-06,cumulative_deaths,425.98,518.36,621.01,621.01,723.66,816.04,Maintain Status Quo,Mongolia,MNG,2021-05-03,v8,TRUE
2021-07-06,Rt,1.24,1.29,1.34,1.34,1.39,1.43,Maintain Status Quo,Mongolia,MNG,2021-05-03,v8,TRUE
2021-07-06,Reff,0.88,0.9,0.91,0.91,0.93,0.95,Maintain Status Quo,Mongolia,MNG,2021-05-03,v8,TRUE
2021-07-06,deaths,26.94,30.27,33.96,33.96,37.66,40.98,Relax Interventions 50%,Mongolia,MNG,2021-05-03,v8,TRUE
2021-07-06,hospital_demand,1412.68,1471.99,1537.89,1537.89,1603.78,1663.09,Relax Interventions 50%,Mongolia,MNG,2021-05-03,v8,TRUE
2021-07-06,ICU_demand,380.75,385.55,390.88,390.88,396.21,401.01,Relax Interventions 50%,Mongolia,MNG,2021-05-03,v8,TRUE
2021-07-06,infections,10202.43,12837.19,15764.71,15764.71,18692.22,21326.99,Relax Interventions 50%,Mongolia,MNG,2021-05-03,v8,TRUE
2021-07-06,prevalence,70308.19,87900,107446.46,107446.46,126992.92,144584.73,Relax Interventions 50%,Mongolia,MNG,2021-05-03,v8,TRUE
2021-07-06,cumulative_infections,1393596.51,1530448.93,1682507.17,1682507.17,1834565.42,1971417.84,Relax Interventions 50%,Mongolia,MNG,2021-05-03,v8,TRUE
2021-07-06,cumulative_deaths,1558.88,1841.03,2154.52,2154.52,2468.01,2750.16,Relax Interventions 50%,Mongolia,MNG,2021-05-03,v8,TRUE
2021-07-06,Rt,1.24,1.29,1.34,1.34,1.39,1.43,Relax Interventions 50%,Mongolia,MNG,2021-05-03,v8,TRUE
2021-07-06,Reff,0.38,0.41,0.44,0.44,0.48,0.51,Relax Interventions 50%,Mongolia,MNG,2021-05-03,v8,TRUE
2021-07-06,deaths,0.09,0.13,0.18,0.18,0.22,0.27,Surged Additional 50% Reduction,Mongolia,MNG,2021-05-03,v8,TRUE
2021-07-06,hospital_demand,3.03,4.67,6.48,6.48,8.3,9.94,Surged Additional 50% Reduction,Mongolia,MNG,2021-05-03,v8,TRUE
2021-07-06,ICU_demand,1.77,2.57,3.46,3.46,4.35,5.15,Surged Additional 50% Reduction,Mongolia,MNG,2021-05-03,v8,TRUE
2021-07-06,infections,14.49,25.5,37.73,37.73,49.96,60.97,Surged Additional 50% Reduction,Mongolia,MNG,2021-05-03,v8,TRUE
2021-07-06,prevalence,102.39,178.76,263.61,263.61,348.47,424.84,Surged Additional 50% Reduction,Mongolia,MNG,2021-05-03,v8,TRUE
2021-07-06,cumulative_infections,138489.37,157528.31,178682.68,178682.68,199837.06,218876,Surged Additional 50% Reduction,Mongolia,MNG,2021-05-03,v8,TRUE
2021-07-06,cumulative_deaths,257.88,285.27,315.71,315.71,346.15,373.55,Surged Additional 50% Reduction,Mongolia,MNG,2021-05-03,v8,TRUE
2021-07-06,Rt,1.24,1.29,1.34,1.34,1.39,1.43,Surged Additional 50% Reduction,Mongolia,MNG,2021-05-03,v8,TRUE
2021-07-06,Reff,0.98,1.01,1.04,1.04,1.07,1.09,Surged Additional 50% Reduction,Mongolia,MNG,2021-05-03,v8,TRUE
2021-07-06,deaths,4.34,6.25,8.36,8.36,10.48,12.38,Surged Maintain Status Quo,Mongolia,MNG,2021-05-03,v8,TRUE
2021-07-06,hospital_demand,216.39,308.28,410.37,410.37,512.46,604.34,Surged Maintain Status Quo,Mongolia,MNG,2021-05-03,v8,TRUE
2021-07-06,ICU_demand,79.08,112.96,150.61,150.61,188.26,222.15,Surged Maintain Status Quo,Mongolia,MNG,2021-05-03,v8,TRUE
2021-07-06,infections,3492.53,4768.38,6186,6186,7603.62,8879.48,Surged Maintain Status Quo,Mongolia,MNG,2021-05-03,v8,TRUE
2021-07-06,prevalence,23732.12,32400.77,42032.59,42032.59,51664.42,60333.06,Surged Maintain Status Quo,Mongolia,MNG,2021-05-03,v8,TRUE
2021-07-06,cumulative_infections,343372.94,441131.35,549751.8,549751.8,658372.24,756130.65,Surged Maintain Status Quo,Mongolia,MNG,2021-05-03,v8,TRUE
2021-07-06,cumulative_deaths,425.98,518.36,621.01,621.01,723.66,816.04,Surged Maintain Status Quo,Mongolia,MNG,2021-05-03,v8,TRUE
2021-07-06,Rt,1.24,1.29,1.34,1.34,1.39,1.43,Surged Maintain Status Quo,Mongolia,MNG,2021-05-03,v8,TRUE
2021-07-06,Reff,0.81,0.82,0.84,0.84,0.86,0.88,Surged Maintain Status Quo,Mongolia,MNG,2021-05-03,v8,TRUE
2021-07-06,deaths,35.19,35.58,36.01,36.01,36.44,36.83,Surged Relax Interventions 50%,Mongolia,MNG,2021-05-03,v8,TRUE
2021-07-06,hospital_demand,1457.29,1512.21,1573.24,1573.24,1634.26,1689.19,Surged Relax Interventions 50%,Mongolia,MNG,2021-05-03,v8,TRUE
2021-07-06,ICU_demand,605.35,607.87,610.67,610.67,613.47,615.99,Surged Relax Interventions 50%,Mongolia,MNG,2021-05-03,v8,TRUE
2021-07-06,infections,10202.68,12837.38,15764.83,15764.83,18692.27,21326.97,Surged Relax Interventions 50%,Mongolia,MNG,2021-05-03,v8,TRUE
2021-07-06,prevalence,70578.95,88163.75,107702.42,107702.42,127241.08,144825.88,Surged Relax Interventions 50%,Mongolia,MNG,2021-05-03,v8,TRUE
2021-07-06,cumulative_infections,1393595.67,1530446.9,1682503.83,1682503.83,1834560.76,1971411.99,Surged Relax Interventions 50%,Mongolia,MNG,2021-05-03,v8,TRUE
2021-07-06,cumulative_deaths,1237.09,1435.84,1656.67,1656.67,1877.51,2076.26,Surged Relax Interventions 50%,Mongolia,MNG,2021-05-03,v8,TRUE
2021-07-06,Rt,1.24,1.29,1.34,1.34,1.39,1.43,Surged Relax Interventions 50%,Mongolia,MNG,2021-05-03,v8,TRUE
2021-07-06,Reff,0.31,0.34,0.38,0.38,0.41,0.44,Surged Relax Interventions 50%,Mongolia,MNG,2021-05-03,v8,TRUE
2021-07-07,deaths,0.08,0.12,0.16,0.16,0.21,0.25,Additional 50% Reduction,Mongolia,MNG,2021-05-03,v8,TRUE
2021-07-07,hospital_demand,2.78,4.31,6.02,6.02,7.72,9.25,Additional 50% Reduction,Mongolia,MNG,2021-05-03,v8,TRUE
2021-07-07,ICU_demand,1.63,2.38,3.21,3.21,4.05,4.79,Additional 50% Reduction,Mongolia,MNG,2021-05-03,v8,TRUE
2021-07-07,infections,13.3,23.58,35,35,46.41,56.69,Additional 50% Reduction,Mongolia,MNG,2021-05-03,v8,TRUE
2021-07-07,prevalence,94.01,165.3,244.52,244.52,323.74,395.03,Additional 50% Reduction,Mongolia,MNG,2021-05-03,v8,TRUE
2021-07-07,cumulative_infections,138502.67,157551.89,178717.68,178717.68,199883.47,218932.69,Additional 50% Reduction,Mongolia,MNG,2021-05-03,v8,TRUE
2021-07-07,cumulative_deaths,257.96,285.39,315.88,315.88,346.36,373.8,Additional 50% Reduction,Mongolia,MNG,2021-05-03,v8,TRUE
2021-07-07,Rt,1.24,1.29,1.34,1.34,1.39,1.43,Additional 50% Reduction,Mongolia,MNG,2021-05-03,v8,TRUE
2021-07-07,Reff,1.04,1.07,1.1,1.1,1.14,1.16,Additional 50% Reduction,Mongolia,MNG,2021-05-03,v8,TRUE
2021-07-07,deaths,4.33,6.22,8.33,8.33,10.43,12.32,Maintain Status Quo,Mongolia,MNG,2021-05-03,v8,TRUE
2021-07-07,hospital_demand,215.45,306.36,407.38,407.38,508.39,599.3,Maintain Status Quo,Mongolia,MNG,2021-05-03,v8,TRUE
2021-07-07,ICU_demand,78.8,112.43,149.8,149.8,187.17,220.8,Maintain Status Quo,Mongolia,MNG,2021-05-03,v8,TRUE
2021-07-07,infections,3463.24,4707.93,6090.92,6090.92,7473.91,8718.6,Maintain Status Quo,Mongolia,MNG,2021-05-03,v8,TRUE
2021-07-07,prevalence,23534.06,31992.57,41390.91,41390.91,50789.25,59247.75,Maintain Status Quo,Mongolia,MNG,2021-05-03,v8,TRUE
2021-07-07,cumulative_infections,346836.18,445839.28,555842.72,555842.72,665846.15,764849.25,Maintain Status Quo,Mongolia,MNG,2021-05-03,v8,TRUE
2021-07-07,cumulative_deaths,430.31,524.59,629.34,629.34,734.09,828.36,Maintain Status Quo,Mongolia,MNG,2021-05-03,v8,TRUE
2021-07-07,Rt,1.24,1.29,1.34,1.34,1.39,1.43,Maintain Status Quo,Mongolia,MNG,2021-05-03,v8,TRUE
2021-07-07,Reff,0.88,0.9,0.91,0.91,0.93,0.94,Maintain Status Quo,Mongolia,MNG,2021-05-03,v8,TRUE
2021-07-07,deaths,26.05,29.32,32.95,32.95,36.58,39.85,Relax Interventions 50%,Mongolia,MNG,2021-05-03,v8,TRUE
2021-07-07,hospital_demand,1337.62,1409.12,1488.56,1488.56,1568,1639.5,Relax Interventions 50%,Mongolia,MNG,2021-05-03,v8,TRUE
2021-07-07,ICU_demand,375.69,381.33,387.6,387.6,393.87,399.51,Relax Interventions 50%,Mongolia,MNG,2021-05-03,v8,TRUE
2021-07-07,infections,9422.13,12037.19,14942.8,14942.8,17848.42,20463.47,Relax Interventions 50%,Mongolia,MNG,2021-05-03,v8,TRUE
2021-07-07,prevalence,65007.65,82486.46,101907.36,101907.36,121328.26,138807.07,Relax Interventions 50%,Mongolia,MNG,2021-05-03,v8,TRUE
2021-07-07,cumulative_infections,1414059.98,1548297.34,1697449.97,1697449.97,1846602.6,1980839.97,Relax Interventions 50%,Mongolia,MNG,2021-05-03,v8,TRUE
2021-07-07,cumulative_deaths,1598.73,1877.61,2187.47,2187.47,2497.33,2776.21,Relax Interventions 50%,Mongolia,MNG,2021-05-03,v8,TRUE
2021-07-07,Rt,1.24,1.29,1.34,1.34,1.39,1.43,Relax Interventions 50%,Mongolia,MNG,2021-05-03,v8,TRUE
2021-07-07,Reff,0.38,0.41,0.44,0.44,0.47,0.5,Relax Interventions 50%,Mongolia,MNG,2021-05-03,v8,TRUE
2021-07-07,deaths,0.08,0.12,0.16,0.16,0.21,0.25,Surged Additional 50% Reduction,Mongolia,MNG,2021-05-03,v8,TRUE
2021-07-07,hospital_demand,2.78,4.31,6.02,6.02,7.72,9.25,Surged Additional 50% Reduction,Mongolia,MNG,2021-05-03,v8,TRUE
2021-07-07,ICU_demand,1.63,2.38,3.21,3.21,4.05,4.79,Surged Additional 50% Reduction,Mongolia,MNG,2021-05-03,v8,TRUE
2021-07-07,infections,13.3,23.58,35,35,46.41,56.69,Surged Additional 50% Reduction,Mongolia,MNG,2021-05-03,v8,TRUE
2021-07-07,prevalence,94.01,165.3,244.52,244.52,323.74,395.03,Surged Additional 50% Reduction,Mongolia,MNG,2021-05-03,v8,TRUE
2021-07-07,cumulative_infections,138502.67,157551.89,178717.68,178717.68,199883.47,218932.69,Surged Additional 50% Reduction,Mongolia,MNG,2021-05-03,v8,TRUE
2021-07-07,cumulative_deaths,257.96,285.39,315.88,315.88,346.36,373.8,Surged Additional 50% Reduction,Mongolia,MNG,2021-05-03,v8,TRUE
2021-07-07,Rt,1.24,1.29,1.34,1.34,1.39,1.43,Surged Additional 50% Reduction,Mongolia,MNG,2021-05-03,v8,TRUE
2021-07-07,Reff,0.98,1.01,1.04,1.04,1.07,1.09,Surged Additional 50% Reduction,Mongolia,MNG,2021-05-03,v8,TRUE
2021-07-07,deaths,4.33,6.22,8.33,8.33,10.43,12.32,Surged Maintain Status Quo,Mongolia,MNG,2021-05-03,v8,TRUE
2021-07-07,hospital_demand,215.45,306.36,407.38,407.38,508.39,599.3,Surged Maintain Status Quo,Mongolia,MNG,2021-05-03,v8,TRUE
2021-07-07,ICU_demand,78.8,112.43,149.8,149.8,187.17,220.8,Surged Maintain Status Quo,Mongolia,MNG,2021-05-03,v8,TRUE
2021-07-07,infections,3463.24,4707.93,6090.92,6090.92,7473.91,8718.6,Surged Maintain Status Quo,Mongolia,MNG,2021-05-03,v8,TRUE
2021-07-07,prevalence,23534.06,31992.57,41390.91,41390.91,50789.25,59247.75,Surged Maintain Status Quo,Mongolia,MNG,2021-05-03,v8,TRUE
2021-07-07,cumulative_infections,346836.18,445839.28,555842.72,555842.72,665846.15,764849.25,Surged Maintain Status Quo,Mongolia,MNG,2021-05-03,v8,TRUE
2021-07-07,cumulative_deaths,430.31,524.59,629.34,629.34,734.09,828.36,Surged Maintain Status Quo,Mongolia,MNG,2021-05-03,v8,TRUE
2021-07-07,Rt,1.24,1.29,1.34,1.34,1.39,1.43,Surged Maintain Status Quo,Mongolia,MNG,2021-05-03,v8,TRUE
2021-07-07,Reff,0.8,0.82,0.84,0.84,0.86,0.88,Surged Maintain Status Quo,Mongolia,MNG,2021-05-03,v8,TRUE
2021-07-07,deaths,35.04,35.1,35.15,35.15,35.21,35.26,Surged Relax Interventions 50%,Mongolia,MNG,2021-05-03,v8,TRUE
2021-07-07,hospital_demand,1379.84,1447.61,1522.91,1522.91,1598.21,1665.99,Surged Relax Interventions 50%,Mongolia,MNG,2021-05-03,v8,TRUE
2021-07-07,ICU_demand,579.06,586.68,595.14,595.14,603.61,611.23,Surged Relax Interventions 50%,Mongolia,MNG,2021-05-03,v8,TRUE
2021-07-07,infections,9422.38,12037.4,14942.97,14942.97,17848.54,20463.55,Surged Relax Interventions 50%,Mongolia,MNG,2021-05-03,v8,TRUE
2021-07-07,prevalence,65254.7,82731.6,102150.38,102150.38,121569.16,139046.07,Surged Relax Interventions 50%,Mongolia,MNG,2021-05-03,v8,TRUE
2021-07-07,cumulative_infections,1414059.22,1548295.44,1697446.8,1697446.8,1846598.15,1980834.37,Surged Relax Interventions 50%,Mongolia,MNG,2021-05-03,v8,TRUE
2021-07-07,cumulative_deaths,1272.13,1470.93,1691.83,1691.83,1912.72,2111.52,Surged Relax Interventions 50%,Mongolia,MNG,2021-05-03,v8,TRUE
2021-07-07,Rt,1.24,1.29,1.34,1.34,1.39,1.43,Surged Relax Interventions 50%,Mongolia,MNG,2021-05-03,v8,TRUE
2021-07-07,Reff,0.31,0.34,0.37,0.37,0.4,0.43,Surged Relax Interventions 50%,Mongolia,MNG,2021-05-03,v8,TRUE
2021-07-08,deaths,0.07,0.11,0.15,0.15,0.19,0.23,Additional 50% Reduction,Mongolia,MNG,2021-05-03,v8,TRUE
2021-07-08,hospital_demand,2.56,3.99,5.58,5.58,7.17,8.61,Additional 50% Reduction,Mongolia,MNG,2021-05-03,v8,TRUE
2021-07-08,ICU_demand,1.5,2.2,2.98,2.98,3.76,4.47,Additional 50% Reduction,Mongolia,MNG,2021-05-03,v8,TRUE
2021-07-08,infections,12.21,21.8,32.46,32.46,43.12,52.71,Additional 50% Reduction,Mongolia,MNG,2021-05-03,v8,TRUE
2021-07-08,prevalence,86.32,152.87,226.82,226.82,300.77,367.33,Additional 50% Reduction,Mongolia,MNG,2021-05-03,v8,TRUE
2021-07-08,cumulative_infections,138514.89,157573.69,178750.14,178750.14,199926.59,218985.4,Additional 50% Reduction,Mongolia,MNG,2021-05-03,v8,TRUE
2021-07-08,cumulative_deaths,258.03,285.5,316.03,316.03,346.56,374.03,Additional 50% Reduction,Mongolia,MNG,2021-05-03,v8,TRUE
2021-07-08,Rt,1.24,1.29,1.34,1.34,1.39,1.43,Additional 50% Reduction,Mongolia,MNG,2021-05-03,v8,TRUE
2021-07-08,Reff,1.04,1.07,1.1,1.1,1.14,1.16,Additional 50% Reduction,Mongolia,MNG,2021-05-03,v8,TRUE
2021-07-08,deaths,4.32,6.2,8.28,8.28,10.37,12.25,Maintain Status Quo,Mongolia,MNG,2021-05-03,v8,TRUE
2021-07-08,hospital_demand,214.47,304.34,404.19,404.19,504.04,593.91,Maintain Status Quo,Mongolia,MNG,2021-05-03,v8,TRUE
2021-07-08,ICU_demand,78.5,111.85,148.91,148.91,185.97,219.32,Maintain Status Quo,Mongolia,MNG,2021-05-03,v8,TRUE
2021-07-08,infections,3433.47,4646.64,5994.61,5994.61,7342.57,8555.74,Maintain Status Quo,Mongolia,MNG,2021-05-03,v8,TRUE
2021-07-08,prevalence,23332.78,31578.73,40740.9,40740.9,49903.06,58149.01,Maintain Status Quo,Mongolia,MNG,2021-05-03,v8,TRUE
2021-07-08,cumulative_infections,350269.66,450485.92,561837.32,561837.32,673188.72,773404.99,Maintain Status Quo,Mongolia,MNG,2021-05-03,v8,TRUE
2021-07-08,cumulative_deaths,434.63,530.78,637.62,637.62,744.46,840.61,Maintain Status Quo,Mongolia,MNG,2021-05-03,v8,TRUE
2021-07-08,Rt,1.24,1.29,1.34,1.34,1.39,1.43,Maintain Status Quo,Mongolia,MNG,2021-05-03,v8,TRUE
2021-07-08,Reff,0.88,0.89,0.91,0.91,0.93,0.94,Maintain Status Quo,Mongolia,MNG,2021-05-03,v8,TRUE
2021-07-08,deaths,25.34,28.49,31.99,31.99,35.49,38.64,Relax Interventions 50%,Mongolia,MNG,2021-05-03,v8,TRUE
2021-07-08,hospital_demand,1264.53,1347.06,1438.77,1438.77,1530.48,1613.02,Relax Interventions 50%,Mongolia,MNG,2021-05-03,v8,TRUE
2021-07-08,ICU_demand,369.2,375.99,383.54,383.54,391.1,397.89,Relax Interventions 50%,Mongolia,MNG,2021-05-03,v8,TRUE
2021-07-08,infections,8696.82,11280.1,14150.42,14150.42,17020.74,19604.03,Relax Interventions 50%,Mongolia,MNG,2021-05-03,v8,TRUE
2021-07-08,prevalence,60072.53,77357.59,96563.21,96563.21,115768.82,133053.88,Relax Interventions 50%,Mongolia,MNG,2021-05-03,v8,TRUE
2021-07-08,cumulative_infections,1433664.01,1565318.08,1711600.39,1711600.39,1857882.7,1989536.78,Relax Interventions 50%,Mongolia,MNG,2021-05-03,v8,TRUE
2021-07-08,cumulative_deaths,1637.38,1913.1,2219.47,2219.47,2525.83,2801.55,Relax Interventions 50%,Mongolia,MNG,2021-05-03,v8,TRUE
2021-07-08,Rt,1.24,1.29,1.34,1.34,1.39,1.43,Relax Interventions 50%,Mongolia,MNG,2021-05-03,v8,TRUE
2021-07-08,Reff,0.38,0.4,0.43,0.43,0.47,0.49,Relax Interventions 50%,Mongolia,MNG,2021-05-03,v8,TRUE
2021-07-08,deaths,0.07,0.11,0.15,0.15,0.19,0.23,Surged Additional 50% Reduction,Mongolia,MNG,2021-05-03,v8,TRUE
2021-07-08,hospital_demand,2.56,3.99,5.58,5.58,7.17,8.61,Surged Additional 50% Reduction,Mongolia,MNG,2021-05-03,v8,TRUE
2021-07-08,ICU_demand,1.5,2.2,2.98,2.98,3.76,4.47,Surged Additional 50% Reduction,Mongolia,MNG,2021-05-03,v8,TRUE
2021-07-08,infections,12.21,21.8,32.46,32.46,43.12,52.71,Surged Additional 50% Reduction,Mongolia,MNG,2021-05-03,v8,TRUE
2021-07-08,prevalence,86.32,152.87,226.82,226.82,300.77,367.33,Surged Additional 50% Reduction,Mongolia,MNG,2021-05-03,v8,TRUE
2021-07-08,cumulative_infections,138514.89,157573.69,178750.14,178750.14,199926.59,218985.4,Surged Additional 50% Reduction,Mongolia,MNG,2021-05-03,v8,TRUE
2021-07-08,cumulative_deaths,258.03,285.5,316.03,316.03,346.56,374.03,Surged Additional 50% Reduction,Mongolia,MNG,2021-05-03,v8,TRUE
2021-07-08,Rt,1.24,1.29,1.34,1.34,1.39,1.43,Surged Additional 50% Reduction,Mongolia,MNG,2021-05-03,v8,TRUE
2021-07-08,Reff,0.98,1.01,1.04,1.04,1.07,1.09,Surged Additional 50% Reduction,Mongolia,MNG,2021-05-03,v8,TRUE
2021-07-08,deaths,4.32,6.2,8.28,8.28,10.37,12.25,Surged Maintain Status Quo,Mongolia,MNG,2021-05-03,v8,TRUE
2021-07-08,hospital_demand,214.47,304.34,404.19,404.19,504.04,593.91,Surged Maintain Status Quo,Mongolia,MNG,2021-05-03,v8,TRUE
2021-07-08,ICU_demand,78.5,111.85,148.91,148.91,185.97,219.32,Surged Maintain Status Quo,Mongolia,MNG,2021-05-03,v8,TRUE
2021-07-08,infections,3433.47,4646.64,5994.61,5994.61,7342.57,8555.74,Surged Maintain Status Quo,Mongolia,MNG,2021-05-03,v8,TRUE
2021-07-08,prevalence,23332.78,31578.73,40740.9,40740.9,49903.06,58149.01,Surged Maintain Status Quo,Mongolia,MNG,2021-05-03,v8,TRUE
2021-07-08,cumulative_infections,350269.66,450485.92,561837.32,561837.32,673188.72,773404.99,Surged Maintain Status Quo,Mongolia,MNG,2021-05-03,v8,TRUE
2021-07-08,cumulative_deaths,434.63,530.78,637.62,637.62,744.46,840.61,Surged Maintain Status Quo,Mongolia,MNG,2021-05-03,v8,TRUE
2021-07-08,Rt,1.24,1.29,1.34,1.34,1.39,1.43,Surged Maintain Status Quo,Mongolia,MNG,2021-05-03,v8,TRUE
2021-07-08,Reff,0.8,0.82,0.84,0.84,0.86,0.88,Surged Maintain Status Quo,Mongolia,MNG,2021-05-03,v8,TRUE
2021-07-08,deaths,33.69,33.96,34.26,34.26,34.56,34.83,Surged Relax Interventions 50%,Mongolia,MNG,2021-05-03,v8,TRUE
2021-07-08,hospital_demand,1304.28,1383.74,1472.02,1472.02,1560.3,1639.76,Surged Relax Interventions 50%,Mongolia,MNG,2021-05-03,v8,TRUE
2021-07-08,ICU_demand,552.95,565.35,579.13,579.13,592.91,605.32,Surged Relax Interventions 50%,Mongolia,MNG,2021-05-03,v8,TRUE
2021-07-08,infections,8697.04,11280.31,14150.61,14150.61,17020.9,19604.17,Surged Relax Interventions 50%,Mongolia,MNG,2021-05-03,v8,TRUE
2021-07-08,prevalence,60297.32,77584.9,96793.32,96793.32,116001.73,133289.31,Surged Relax Interventions 50%,Mongolia,MNG,2021-05-03,v8,TRUE
2021-07-08,cumulative_infections,1433663.4,1565316.35,1711597.4,1711597.4,1857878.46,1989531.41,Surged Relax Interventions 50%,Mongolia,MNG,2021-05-03,v8,TRUE
2021-07-08,cumulative_deaths,1306.96,1505.49,1726.09,1726.09,1946.68,2145.22,Surged Relax Interventions 50%,Mongolia,MNG,2021-05-03,v8,TRUE
2021-07-08,Rt,1.24,1.29,1.34,1.34,1.39,1.43,Surged Relax Interventions 50%,Mongolia,MNG,2021-05-03,v8,TRUE
2021-07-08,Reff,0.31,0.34,0.37,0.37,0.4,0.43,Surged Relax Interventions 50%,Mongolia,MNG,2021-05-03,v8,TRUE
2021-07-09,deaths,0.07,0.1,0.14,0.14,0.18,0.21,Additional 50% Reduction,Mongolia,MNG,2021-05-03,v8,TRUE
2021-07-09,hospital_demand,2.35,3.69,5.18,5.18,6.67,8.01,Additional 50% Reduction,Mongolia,MNG,2021-05-03,v8,TRUE
2021-07-09,ICU_demand,1.38,2.04,2.77,2.77,3.5,4.16,Additional 50% Reduction,Mongolia,MNG,2021-05-03,v8,TRUE
2021-07-09,infections,11.21,20.17,30.11,30.11,40.06,49.01,Additional 50% Reduction,Mongolia,MNG,2021-05-03,v8,TRUE
2021-07-09,prevalence,79.26,141.39,210.42,210.42,279.45,341.58,Additional 50% Reduction,Mongolia,MNG,2021-05-03,v8,TRUE
2021-07-09,cumulative_infections,138526.1,157593.86,178780.26,178780.26,199966.65,219034.41,Additional 50% Reduction,Mongolia,MNG,2021-05-03,v8,TRUE
2021-07-09,cumulative_deaths,258.1,285.61,316.17,316.17,346.74,374.24,Additional 50% Reduction,Mongolia,MNG,2021-05-03,v8,TRUE
2021-07-09,Rt,1.24,1.29,1.34,1.34,1.39,1.43,Additional 50% Reduction,Mongolia,MNG,2021-05-03,v8,TRUE
2021-07-09,Reff,1.04,1.07,1.1,1.1,1.14,1.16,Additional 50% Reduction,Mongolia,MNG,2021-05-03,v8,TRUE
2021-07-09,deaths,4.3,6.17,8.24,8.24,10.31,12.17,Maintain Status Quo,Mongolia,MNG,2021-05-03,v8,TRUE
2021-07-09,hospital_demand,213.44,302.2,400.81,400.81,499.43,588.18,Maintain Status Quo,Mongolia,MNG,2021-05-03,v8,TRUE
2021-07-09,ICU_demand,78.19,111.23,147.95,147.95,184.66,217.71,Maintain Status Quo,Mongolia,MNG,2021-05-03,v8,TRUE
2021-07-09,infections,3403.26,4584.63,5897.27,5897.27,7209.9,8391.28,Maintain Status Quo,Mongolia,MNG,2021-05-03,v8,TRUE
2021-07-09,prevalence,23128.53,31159.99,40083.84,40083.84,49007.69,57039.15,Maintain Status Quo,Mongolia,MNG,2021-05-03,v8,TRUE
2021-07-09,cumulative_infections,353672.91,455070.55,567734.59,567734.59,680398.63,781796.26,Maintain Status Quo,Mongolia,MNG,2021-05-03,v8,TRUE
2021-07-09,cumulative_deaths,438.93,536.95,645.86,645.86,754.77,852.79,Maintain Status Quo,Mongolia,MNG,2021-05-03,v8,TRUE
2021-07-09,Rt,1.24,1.29,1.34,1.34,1.39,1.43,Maintain Status Quo,Mongolia,MNG,2021-05-03,v8,TRUE
2021-07-09,Reff,0.87,0.89,0.91,0.91,0.93,0.94,Maintain Status Quo,Mongolia,MNG,2021-05-03,v8,TRUE
2021-07-09,deaths,24.63,27.65,31,31,34.35,37.37,Relax Interventions 50%,Mongolia,MNG,2021-05-03,v8,TRUE
2021-07-09,hospital_demand,1193.61,1286.03,1388.73,1388.73,1491.43,1583.86,Relax Interventions 50%,Mongolia,MNG,2021-05-03,v8,TRUE
2021-07-09,ICU_demand,361.41,369.64,378.79,378.79,387.94,396.17,Relax Interventions 50%,Mongolia,MNG,2021-05-03,v8,TRUE
2021-07-09,infections,8023.51,10564.61,13388.06,13388.06,16211.5,18752.6,Relax Interventions 50%,Mongolia,MNG,2021-05-03,v8,TRUE
2021-07-09,prevalence,55483.76,72505.16,91417.83,91417.83,110330.5,127351.9,Relax Interventions 50%,Mongolia,MNG,2021-05-03,v8,TRUE
2021-07-09,cumulative_infections,1452416.61,1581529.59,1724988.45,1724988.45,1868447.32,1997560.3,Relax Interventions 50%,Mongolia,MNG,2021-05-03,v8,TRUE
2021-07-09,cumulative_deaths,1674.74,1947.45,2250.47,2250.47,2553.48,2826.19,Relax Interventions 50%,Mongolia,MNG,2021-05-03,v8,TRUE
2021-07-09,Rt,1.24,1.29,1.34,1.34,1.39,1.43,Relax Interventions 50%,Mongolia,MNG,2021-05-03,v8,TRUE
2021-07-09,Reff,0.37,0.4,0.43,0.43,0.46,0.49,Relax Interventions 50%,Mongolia,MNG,2021-05-03,v8,TRUE
2021-07-09,deaths,0.07,0.1,0.14,0.14,0.18,0.21,Surged Additional 50% Reduction,Mongolia,MNG,2021-05-03,v8,TRUE
2021-07-09,hospital_demand,2.35,3.69,5.18,5.18,6.67,8.01,Surged Additional 50% Reduction,Mongolia,MNG,2021-05-03,v8,TRUE
2021-07-09,ICU_demand,1.38,2.04,2.77,2.77,3.5,4.16,Surged Additional 50% Reduction,Mongolia,MNG,2021-05-03,v8,TRUE
2021-07-09,infections,11.21,20.17,30.11,30.11,40.06,49.01,Surged Additional 50% Reduction,Mongolia,MNG,2021-05-03,v8,TRUE
2021-07-09,prevalence,79.26,141.39,210.42,210.42,279.45,341.58,Surged Additional 50% Reduction,Mongolia,MNG,2021-05-03,v8,TRUE
2021-07-09,cumulative_infections,138526.1,157593.86,178780.26,178780.26,199966.65,219034.41,Surged Additional 50% Reduction,Mongolia,MNG,2021-05-03,v8,TRUE
2021-07-09,cumulative_deaths,258.1,285.61,316.17,316.17,346.74,374.24,Surged Additional 50% Reduction,Mongolia,MNG,2021-05-03,v8,TRUE
2021-07-09,Rt,1.24,1.29,1.34,1.34,1.39,1.43,Surged Additional 50% Reduction,Mongolia,MNG,2021-05-03,v8,TRUE
2021-07-09,Reff,0.98,1.01,1.04,1.04,1.07,1.09,Surged Additional 50% Reduction,Mongolia,MNG,2021-05-03,v8,TRUE
2021-07-09,deaths,4.3,6.17,8.24,8.24,10.31,12.17,Surged Maintain Status Quo,Mongolia,MNG,2021-05-03,v8,TRUE
2021-07-09,hospital_demand,213.44,302.2,400.81,400.81,499.43,588.18,Surged Maintain Status Quo,Mongolia,MNG,2021-05-03,v8,TRUE
2021-07-09,ICU_demand,78.19,111.23,147.95,147.95,184.66,217.71,Surged Maintain Status Quo,Mongolia,MNG,2021-05-03,v8,TRUE
2021-07-09,infections,3403.26,4584.63,5897.27,5897.27,7209.9,8391.28,Surged Maintain Status Quo,Mongolia,MNG,2021-05-03,v8,TRUE
2021-07-09,prevalence,23128.53,31159.99,40083.84,40083.84,49007.69,57039.15,Surged Maintain Status Quo,Mongolia,MNG,2021-05-03,v8,TRUE
2021-07-09,cumulative_infections,353672.91,455070.55,567734.59,567734.59,680398.63,781796.26,Surged Maintain Status Quo,Mongolia,MNG,2021-05-03,v8,TRUE
2021-07-09,cumulative_deaths,438.93,536.95,645.86,645.86,754.77,852.79,Surged Maintain Status Quo,Mongolia,MNG,2021-05-03,v8,TRUE
2021-07-09,Rt,1.24,1.29,1.34,1.34,1.39,1.43,Surged Maintain Status Quo,Mongolia,MNG,2021-05-03,v8,TRUE
2021-07-09,Reff,0.8,0.82,0.84,0.84,0.86,0.88,Surged Maintain Status Quo,Mongolia,MNG,2021-05-03,v8,TRUE
2021-07-09,deaths,32.13,32.7,33.34,33.34,33.97,34.54,Surged Relax Interventions 50%,Mongolia,MNG,2021-05-03,v8,TRUE
2021-07-09,hospital_demand,1230.87,1320.84,1420.8,1420.8,1520.76,1610.72,Surged Relax Interventions 50%,Mongolia,MNG,2021-05-03,v8,TRUE
2021-07-09,ICU_demand,527.15,544,562.73,562.73,581.46,598.32,Surged Relax Interventions 50%,Mongolia,MNG,2021-05-03,v8,TRUE
2021-07-09,infections,8023.71,10564.81,13388.26,13388.26,16211.7,18752.81,Surged Relax Interventions 50%,Mongolia,MNG,2021-05-03,v8,TRUE
2021-07-09,prevalence,55688.1,72715.67,91635.19,91635.19,110554.71,127582.28,Surged Relax Interventions 50%,Mongolia,MNG,2021-05-03,v8,TRUE
2021-07-09,cumulative_infections,1452416.21,1581528.05,1724985.66,1724985.66,1868443.27,1997555.12,Surged Relax Interventions 50%,Mongolia,MNG,2021-05-03,v8,TRUE
2021-07-09,cumulative_deaths,1341.5,1539.46,1759.42,1759.42,1979.39,2177.35,Surged Relax Interventions 50%,Mongolia,MNG,2021-05-03,v8,TRUE
2021-07-09,Rt,1.24,1.29,1.34,1.34,1.39,1.43,Surged Relax Interventions 50%,Mongolia,MNG,2021-05-03,v8,TRUE
2021-07-09,Reff,0.31,0.34,0.37,0.37,0.4,0.42,Surged Relax Interventions 50%,Mongolia,MNG,2021-05-03,v8,TRUE
2021-07-10,deaths,0.06,0.09,0.13,0.13,0.17,0.2,Additional 50% Reduction,Mongolia,MNG,2021-05-03,v8,TRUE
2021-07-10,hospital_demand,2.16,3.41,4.8,4.8,6.2,7.45,Additional 50% Reduction,Mongolia,MNG,2021-05-03,v8,TRUE
2021-07-10,ICU_demand,1.27,1.89,2.57,2.57,3.26,3.88,Additional 50% Reduction,Mongolia,MNG,2021-05-03,v8,TRUE
2021-07-10,infections,10.3,18.65,27.94,27.94,37.22,45.58,Additional 50% Reduction,Mongolia,MNG,2021-05-03,v8,TRUE
2021-07-10,prevalence,72.78,130.77,195.21,195.21,259.65,317.64,Additional 50% Reduction,Mongolia,MNG,2021-05-03,v8,TRUE
2021-07-10,cumulative_infections,138536.39,157612.51,178808.19,178808.19,200003.87,219079.99,Additional 50% Reduction,Mongolia,MNG,2021-05-03,v8,TRUE
2021-07-10,cumulative_deaths,258.16,285.7,316.3,316.3,346.9,374.44,Additional 50% Reduction,Mongolia,MNG,2021-05-03,v8,TRUE
2021-07-10,Rt,1.24,1.29,1.34,1.34,1.39,1.43,Additional 50% Reduction,Mongolia,MNG,2021-05-03,v8,TRUE
2021-07-10,Reff,1.04,1.07,1.1,1.1,1.14,1.16,Additional 50% Reduction,Mongolia,MNG,2021-05-03,v8,TRUE
2021-07-10,deaths,4.29,6.14,8.19,8.19,10.24,12.09,Maintain Status Quo,Mongolia,MNG,2021-05-03,v8,TRUE
2021-07-10,hospital_demand,212.38,299.95,397.26,397.26,494.56,582.14,Maintain Status Quo,Mongolia,MNG,2021-05-03,v8,TRUE
2021-07-10,ICU_demand,77.87,110.58,146.92,146.92,183.26,215.97,Maintain Status Quo,Mongolia,MNG,2021-05-03,v8,TRUE
2021-07-10,infections,3372.63,4522,5799.07,5799.07,7076.14,8225.51,Maintain Status Quo,Mongolia,MNG,2021-05-03,v8,TRUE
2021-07-10,prevalence,22921.54,30737.02,39420.88,39420.88,48104.75,55920.23,Maintain Status Quo,Mongolia,MNG,2021-05-03,v8,TRUE
2021-07-10,cumulative_infections,357045.54,459592.55,573533.66,573533.66,687474.77,790021.77,Maintain Status Quo,Mongolia,MNG,2021-05-03,v8,TRUE
2021-07-10,cumulative_deaths,443.22,543.08,654.05,654.05,765.01,864.88,Maintain Status Quo,Mongolia,MNG,2021-05-03,v8,TRUE
2021-07-10,Rt,1.24,1.29,1.34,1.34,1.39,1.43,Maintain Status Quo,Mongolia,MNG,2021-05-03,v8,TRUE
2021-07-10,Reff,0.87,0.89,0.91,0.91,0.92,0.94,Maintain Status Quo,Mongolia,MNG,2021-05-03,v8,TRUE
2021-07-10,deaths,23.88,26.76,29.96,29.96,33.15,36.03,Relax Interventions 50%,Mongolia,MNG,2021-05-03,v8,TRUE
2021-07-10,hospital_demand,1125.04,1226.23,1338.65,1338.65,1451.08,1552.27,Relax Interventions 50%,Mongolia,MNG,2021-05-03,v8,TRUE
2021-07-10,ICU_demand,352.5,362.41,373.43,373.43,384.45,394.37,Relax Interventions 50%,Mongolia,MNG,2021-05-03,v8,TRUE
2021-07-10,infections,7399.24,9889.29,12656.01,12656.01,15422.73,17912.77,Relax Interventions 50%,Mongolia,MNG,2021-05-03,v8,TRUE
2021-07-10,prevalence,51222.76,67920.29,86473.1,86473.1,105025.91,121723.44,Relax Interventions 50%,Mongolia,MNG,2021-05-03,v8,TRUE
2021-07-10,cumulative_infections,1470329.38,1596952.31,1737644.46,1737644.46,1878336.61,2004959.54,Relax Interventions 50%,Mongolia,MNG,2021-05-03,v8,TRUE
2021-07-10,cumulative_deaths,1710.77,1980.61,2280.42,2280.42,2580.24,2850.07,Relax Interventions 50%,Mongolia,MNG,2021-05-03,v8,TRUE
2021-07-10,Rt,1.24,1.29,1.34,1.34,1.39,1.43,Relax Interventions 50%,Mongolia,MNG,2021-05-03,v8,TRUE
2021-07-10,Reff,0.37,0.4,0.43,0.43,0.46,0.48,Relax Interventions 50%,Mongolia,MNG,2021-05-03,v8,TRUE
2021-07-10,deaths,0.06,0.09,0.13,0.13,0.17,0.2,Surged Additional 50% Reduction,Mongolia,MNG,2021-05-03,v8,TRUE
2021-07-10,hospital_demand,2.16,3.41,4.8,4.8,6.2,7.45,Surged Additional 50% Reduction,Mongolia,MNG,2021-05-03,v8,TRUE
2021-07-10,ICU_demand,1.27,1.89,2.57,2.57,3.26,3.88,Surged Additional 50% Reduction,Mongolia,MNG,2021-05-03,v8,TRUE
2021-07-10,infections,10.3,18.65,27.94,27.94,37.22,45.58,Surged Additional 50% Reduction,Mongolia,MNG,2021-05-03,v8,TRUE
2021-07-10,prevalence,72.78,130.77,195.21,195.21,259.65,317.64,Surged Additional 50% Reduction,Mongolia,MNG,2021-05-03,v8,TRUE
2021-07-10,cumulative_infections,138536.39,157612.51,178808.19,178808.19,200003.87,219079.99,Surged Additional 50% Reduction,Mongolia,MNG,2021-05-03,v8,TRUE
2021-07-10,cumulative_deaths,258.16,285.7,316.3,316.3,346.9,374.44,Surged Additional 50% Reduction,Mongolia,MNG,2021-05-03,v8,TRUE
2021-07-10,Rt,1.24,1.29,1.34,1.34,1.39,1.43,Surged Additional 50% Reduction,Mongolia,MNG,2021-05-03,v8,TRUE
2021-07-10,Reff,0.98,1.01,1.04,1.04,1.07,1.09,Surged Additional 50% Reduction,Mongolia,MNG,2021-05-03,v8,TRUE
2021-07-10,deaths,4.29,6.14,8.19,8.19,10.24,12.09,Surged Maintain Status Quo,Mongolia,MNG,2021-05-03,v8,TRUE
2021-07-10,hospital_demand,212.38,299.95,397.26,397.26,494.56,582.14,Surged Maintain Status Quo,Mongolia,MNG,2021-05-03,v8,TRUE
2021-07-10,ICU_demand,77.87,110.58,146.92,146.92,183.26,215.97,Surged Maintain Status Quo,Mongolia,MNG,2021-05-03,v8,TRUE
2021-07-10,infections,3372.63,4522,5799.07,5799.07,7076.14,8225.51,Surged Maintain Status Quo,Mongolia,MNG,2021-05-03,v8,TRUE
2021-07-10,prevalence,22921.54,30737.02,39420.88,39420.88,48104.75,55920.23,Surged Maintain Status Quo,Mongolia,MNG,2021-05-03,v8,TRUE
2021-07-10,cumulative_infections,357045.54,459592.55,573533.66,573533.66,687474.77,790021.77,Surged Maintain Status Quo,Mongolia,MNG,2021-05-03,v8,TRUE
2021-07-10,cumulative_deaths,443.22,543.08,654.05,654.05,765.01,864.88,Surged Maintain Status Quo,Mongolia,MNG,2021-05-03,v8,TRUE
2021-07-10,Rt,1.24,1.29,1.34,1.34,1.39,1.43,Surged Maintain Status Quo,Mongolia,MNG,2021-05-03,v8,TRUE
2021-07-10,Reff,0.79,0.81,0.83,0.83,0.86,0.88,Surged Maintain Status Quo,Mongolia,MNG,2021-05-03,v8,TRUE
2021-07-10,deaths,30.59,31.44,32.39,32.39,33.33,34.18,Surged Relax Interventions 50%,Mongolia,MNG,2021-05-03,v8,TRUE
2021-07-10,hospital_demand,1159.84,1259.14,1369.48,1369.48,1479.82,1579.12,Surged Relax Interventions 50%,Mongolia,MNG,2021-05-03,v8,TRUE
2021-07-10,ICU_demand,501.76,522.73,546.02,546.02,569.32,590.29,Surged Relax Interventions 50%,Mongolia,MNG,2021-05-03,v8,TRUE
2021-07-10,infections,7399.43,9889.49,12656.22,12656.22,15422.95,17913,Surged Relax Interventions 50%,Mongolia,MNG,2021-05-03,v8,TRUE
2021-07-10,prevalence,51407.93,68114.81,86678.01,86678.01,105241.21,121948.09,Surged Relax Interventions 50%,Mongolia,MNG,2021-05-03,v8,TRUE
2021-07-10,cumulative_infections,1470329.21,1596951,1737641.88,1737641.88,1878332.76,2004954.55,Surged Relax Interventions 50%,Mongolia,MNG,2021-05-03,v8,TRUE
2021-07-10,cumulative_deaths,1375.68,1572.8,1791.81,1791.81,2010.83,2207.94,Surged Relax Interventions 50%,Mongolia,MNG,2021-05-03,v8,TRUE
2021-07-10,Rt,1.24,1.29,1.34,1.34,1.39,1.43,Surged Relax Interventions 50%,Mongolia,MNG,2021-05-03,v8,TRUE
2021-07-10,Reff,0.31,0.33,0.36,0.36,0.39,0.42,Surged Relax Interventions 50%,Mongolia,MNG,2021-05-03,v8,TRUE
2021-07-11,deaths,0.06,0.09,0.12,0.12,0.16,0.19,Additional 50% Reduction,Mongolia,MNG,2021-05-03,v8,TRUE
2021-07-11,hospital_demand,1.98,3.16,4.46,4.46,5.76,6.93,Additional 50% Reduction,Mongolia,MNG,2021-05-03,v8,TRUE
2021-07-11,ICU_demand,1.17,1.75,2.39,2.39,3.03,3.61,Additional 50% Reduction,Mongolia,MNG,2021-05-03,v8,TRUE
2021-07-11,infections,9.45,17.25,25.92,25.92,34.58,42.38,Additional 50% Reduction,Mongolia,MNG,2021-05-03,v8,TRUE
2021-07-11,prevalence,66.84,120.97,181.11,181.11,241.25,295.38,Additional 50% Reduction,Mongolia,MNG,2021-05-03,v8,TRUE
2021-07-11,cumulative_infections,138545.85,157629.76,178834.11,178834.11,200038.46,219122.37,Additional 50% Reduction,Mongolia,MNG,2021-05-03,v8,TRUE
2021-07-11,cumulative_deaths,258.21,285.79,316.42,316.42,347.06,374.63,Additional 50% Reduction,Mongolia,MNG,2021-05-03,v8,TRUE
2021-07-11,Rt,1.24,1.29,1.34,1.34,1.39,1.43,Additional 50% Reduction,Mongolia,MNG,2021-05-03,v8,TRUE
2021-07-11,Reff,1.04,1.07,1.1,1.1,1.14,1.16,Additional 50% Reduction,Mongolia,MNG,2021-05-03,v8,TRUE
2021-07-11,deaths,4.27,6.1,8.14,8.14,10.17,12,Maintain Status Quo,Mongolia,MNG,2021-05-03,v8,TRUE
2021-07-11,hospital_demand,211.27,297.61,393.53,393.53,489.45,575.79,Maintain Status Quo,Mongolia,MNG,2021-05-03,v8,TRUE
2021-07-11,ICU_demand,77.53,109.88,145.82,145.82,181.77,214.11,Maintain Status Quo,Mongolia,MNG,2021-05-03,v8,TRUE
2021-07-11,infections,3341.64,4458.85,5700.2,5700.2,6941.55,8058.76,Maintain Status Quo,Mongolia,MNG,2021-05-03,v8,TRUE
2021-07-11,prevalence,22712.01,30310.47,38753.21,38753.21,47195.95,54794.41,Maintain Status Quo,Mongolia,MNG,2021-05-03,v8,TRUE
2021-07-11,cumulative_infections,360387.18,464051.4,579233.86,579233.86,694416.32,798080.54,Maintain Status Quo,Mongolia,MNG,2021-05-03,v8,TRUE
2021-07-11,cumulative_deaths,447.49,549.19,662.18,662.18,775.18,876.88,Maintain Status Quo,Mongolia,MNG,2021-05-03,v8,TRUE
2021-07-11,Rt,1.24,1.29,1.34,1.34,1.39,1.43,Maintain Status Quo,Mongolia,MNG,2021-05-03,v8,TRUE
2021-07-11,Reff,0.87,0.89,0.9,0.9,0.92,0.94,Maintain Status Quo,Mongolia,MNG,2021-05-03,v8,TRUE
2021-07-11,deaths,23.09,25.83,28.87,28.87,31.91,34.64,Relax Interventions 50%,Mongolia,MNG,2021-05-03,v8,TRUE
2021-07-11,hospital_demand,1058.96,1167.8,1288.73,1288.73,1409.65,1518.49,Relax Interventions 50%,Mongolia,MNG,2021-05-03,v8,TRUE
2021-07-11,ICU_demand,342.64,354.45,367.57,367.57,380.69,392.49,Relax Interventions 50%,Mongolia,MNG,2021-05-03,v8,TRUE
2021-07-11,infections,6821.12,9252.63,11954.31,11954.31,14655.99,17087.51,Relax Interventions 50%,Mongolia,MNG,2021-05-03,v8,TRUE
2021-07-11,prevalence,47270.47,63593.39,81729.96,81729.96,99866.52,116189.44,Relax Interventions 50%,Mongolia,MNG,2021-05-03,v8,TRUE
2021-07-11,cumulative_infections,1487416.89,1611608.31,1749598.77,1749598.77,1887589.24,2011780.66,Relax Interventions 50%,Mongolia,MNG,2021-05-03,v8,TRUE
2021-07-11,cumulative_deaths,1745.42,2012.51,2309.29,2309.29,2606.07,2873.17,Relax Interventions 50%,Mongolia,MNG,2021-05-03,v8,TRUE
2021-07-11,Rt,1.24,1.29,1.34,1.34,1.39,1.43,Relax Interventions 50%,Mongolia,MNG,2021-05-03,v8,TRUE
2021-07-11,Reff,0.37,0.4,0.43,0.43,0.46,0.48,Relax Interventions 50%,Mongolia,MNG,2021-05-03,v8,TRUE
2021-07-11,deaths,0.06,0.09,0.12,0.12,0.16,0.19,Surged Additional 50% Reduction,Mongolia,MNG,2021-05-03,v8,TRUE
2021-07-11,hospital_demand,1.98,3.16,4.46,4.46,5.76,6.93,Surged Additional 50% Reduction,Mongolia,MNG,2021-05-03,v8,TRUE
2021-07-11,ICU_demand,1.17,1.75,2.39,2.39,3.03,3.61,Surged Additional 50% Reduction,Mongolia,MNG,2021-05-03,v8,TRUE
2021-07-11,infections,9.45,17.25,25.92,25.92,34.58,42.38,Surged Additional 50% Reduction,Mongolia,MNG,2021-05-03,v8,TRUE
2021-07-11,prevalence,66.84,120.97,181.11,181.11,241.25,295.38,Surged Additional 50% Reduction,Mongolia,MNG,2021-05-03,v8,TRUE
2021-07-11,cumulative_infections,138545.85,157629.76,178834.11,178834.11,200038.46,219122.37,Surged Additional 50% Reduction,Mongolia,MNG,2021-05-03,v8,TRUE
2021-07-11,cumulative_deaths,258.21,285.79,316.42,316.42,347.06,374.63,Surged Additional 50% Reduction,Mongolia,MNG,2021-05-03,v8,TRUE
2021-07-11,Rt,1.24,1.29,1.34,1.34,1.39,1.43,Surged Additional 50% Reduction,Mongolia,MNG,2021-05-03,v8,TRUE
2021-07-11,Reff,0.98,1.01,1.04,1.04,1.07,1.09,Surged Additional 50% Reduction,Mongolia,MNG,2021-05-03,v8,TRUE
2021-07-11,deaths,4.27,6.1,8.14,8.14,10.17,12,Surged Maintain Status Quo,Mongolia,MNG,2021-05-03,v8,TRUE
2021-07-11,hospital_demand,211.27,297.61,393.53,393.53,489.45,575.79,Surged Maintain Status Quo,Mongolia,MNG,2021-05-03,v8,TRUE
2021-07-11,ICU_demand,77.53,109.88,145.82,145.82,181.77,214.11,Surged Maintain Status Quo,Mongolia,MNG,2021-05-03,v8,TRUE
2021-07-11,infections,3341.64,4458.85,5700.2,5700.2,6941.55,8058.76,Surged Maintain Status Quo,Mongolia,MNG,2021-05-03,v8,TRUE
2021-07-11,prevalence,22712.01,30310.47,38753.21,38753.21,47195.95,54794.41,Surged Maintain Status Quo,Mongolia,MNG,2021-05-03,v8,TRUE
2021-07-11,cumulative_infections,360387.18,464051.4,579233.86,579233.86,694416.32,798080.54,Surged Maintain Status Quo,Mongolia,MNG,2021-05-03,v8,TRUE
2021-07-11,cumulative_deaths,447.49,549.19,662.18,662.18,775.18,876.88,Surged Maintain Status Quo,Mongolia,MNG,2021-05-03,v8,TRUE
2021-07-11,Rt,1.24,1.29,1.34,1.34,1.39,1.43,Surged Maintain Status Quo,Mongolia,MNG,2021-05-03,v8,TRUE
2021-07-11,Reff,0.79,0.81,0.83,0.83,0.85,0.87,Surged Maintain Status Quo,Mongolia,MNG,2021-05-03,v8,TRUE
2021-07-11,deaths,29.06,30.18,31.42,31.42,32.65,33.77,Surged Relax Interventions 50%,Mongolia,MNG,2021-05-03,v8,TRUE
2021-07-11,hospital_demand,1091.33,1198.83,1318.26,1318.26,1437.7,1545.2,Surged Relax Interventions 50%,Mongolia,MNG,2021-05-03,v8,TRUE
2021-07-11,ICU_demand,476.87,501.6,529.09,529.09,556.57,581.3,Surged Relax Interventions 50%,Mongolia,MNG,2021-05-03,v8,TRUE
2021-07-11,infections,6821.28,9252.83,11954.55,11954.55,14656.27,17087.82,Surged Relax Interventions 50%,Mongolia,MNG,2021-05-03,v8,TRUE
2021-07-11,prevalence,47438.22,63773.02,81922.8,81922.8,100072.57,116407.37,Surged Relax Interventions 50%,Mongolia,MNG,2021-05-03,v8,TRUE
2021-07-11,cumulative_infections,1487417.03,1611607.27,1749596.43,1749596.43,1887585.59,2011775.83,Surged Relax Interventions 50%,Mongolia,MNG,2021-05-03,v8,TRUE
2021-07-11,cumulative_deaths,1409.45,1605.45,1823.23,1823.23,2041,2237,Surged Relax Interventions 50%,Mongolia,MNG,2021-05-03,v8,TRUE
2021-07-11,Rt,1.24,1.29,1.34,1.34,1.39,1.43,Surged Relax Interventions 50%,Mongolia,MNG,2021-05-03,v8,TRUE
2021-07-11,Reff,0.31,0.33,0.36,0.36,0.39,0.42,Surged Relax Interventions 50%,Mongolia,MNG,2021-05-03,v8,TRUE
2021-07-12,deaths,0.05,0.08,0.11,0.11,0.14,0.17,Additional 50% Reduction,Mongolia,MNG,2021-05-03,v8,TRUE
2021-07-12,hospital_demand,1.82,2.92,4.14,4.14,5.36,6.45,Additional 50% Reduction,Mongolia,MNG,2021-05-03,v8,TRUE
2021-07-12,ICU_demand,1.08,1.62,2.22,2.22,2.82,3.36,Additional 50% Reduction,Mongolia,MNG,2021-05-03,v8,TRUE
2021-07-12,infections,8.68,15.96,24.05,24.05,32.13,39.41,Additional 50% Reduction,Mongolia,MNG,2021-05-03,v8,TRUE
2021-07-12,prevalence,61.38,111.9,168.04,168.04,224.17,274.7,Additional 50% Reduction,Mongolia,MNG,2021-05-03,v8,TRUE
2021-07-12,cumulative_infections,138554.53,157645.72,178858.16,178858.16,200070.59,219161.78,Additional 50% Reduction,Mongolia,MNG,2021-05-03,v8,TRUE
2021-07-12,cumulative_deaths,258.27,285.87,316.53,316.53,347.2,374.8,Additional 50% Reduction,Mongolia,MNG,2021-05-03,v8,TRUE
2021-07-12,Rt,1.24,1.29,1.34,1.34,1.39,1.43,Additional 50% Reduction,Mongolia,MNG,2021-05-03,v8,TRUE
2021-07-12,Reff,1.05,1.07,1.11,1.11,1.14,1.17,Additional 50% Reduction,Mongolia,MNG,2021-05-03,v8,TRUE
2021-07-12,deaths,4.25,6.07,8.08,8.08,10.09,11.9,Maintain Status Quo,Mongolia,MNG,2021-05-03,v8,TRUE
2021-07-12,hospital_demand,210.13,295.16,389.64,389.64,484.12,569.15,Maintain Status Quo,Mongolia,MNG,2021-05-03,v8,TRUE
2021-07-12,ICU_demand,77.18,109.14,144.66,144.66,180.18,212.14,Maintain Status Quo,Mongolia,MNG,2021-05-03,v8,TRUE
2021-07-12,infections,3310.31,4395.29,5600.83,5600.83,6806.36,7891.35,Maintain Status Quo,Mongolia,MNG,2021-05-03,v8,TRUE
2021-07-12,prevalence,22500.07,29880.99,38082.01,38082.01,46283.03,53663.95,Maintain Status Quo,Mongolia,MNG,2021-05-03,v8,TRUE
2021-07-12,cumulative_infections,363697.49,468446.69,584834.69,584834.69,701222.69,805971.88,Maintain Status Quo,Mongolia,MNG,2021-05-03,v8,TRUE
2021-07-12,cumulative_deaths,451.74,555.25,670.26,670.26,785.27,888.78,Maintain Status Quo,Mongolia,MNG,2021-05-03,v8,TRUE
2021-07-12,Rt,1.24,1.29,1.34,1.34,1.39,1.43,Maintain Status Quo,Mongolia,MNG,2021-05-03,v8,TRUE
2021-07-12,Reff,0.87,0.88,0.9,0.9,0.92,0.94,Maintain Status Quo,Mongolia,MNG,2021-05-03,v8,TRUE
2021-07-12,deaths,22.27,24.86,27.74,27.74,30.62,33.21,Relax Interventions 50%,Mongolia,MNG,2021-05-03,v8,TRUE
2021-07-12,hospital_demand,995.48,1110.89,1239.12,1239.12,1367.35,1482.76,Relax Interventions 50%,Mongolia,MNG,2021-05-03,v8,TRUE
2021-07-12,ICU_demand,332.01,345.88,361.29,361.29,376.69,390.56,Relax Interventions 50%,Mongolia,MNG,2021-05-03,v8,TRUE
2021-07-12,infections,6286.24,8653.08,11282.9,11282.9,13912.71,16279.55,Relax Interventions 50%,Mongolia,MNG,2021-05-03,v8,TRUE
2021-07-12,prevalence,43608.52,59514.68,77188.19,77188.19,94861.7,110767.86,Relax Interventions 50%,Mongolia,MNG,2021-05-03,v8,TRUE
2021-07-12,cumulative_infections,1503696.44,1625521.02,1760881.67,1760881.67,1896242.32,2018066.9,Relax Interventions 50%,Mongolia,MNG,2021-05-03,v8,TRUE
2021-07-12,cumulative_deaths,1778.63,2043.13,2337.03,2337.03,2630.93,2895.43,Relax Interventions 50%,Mongolia,MNG,2021-05-03,v8,TRUE
2021-07-12,Rt,1.24,1.29,1.34,1.34,1.39,1.43,Relax Interventions 50%,Mongolia,MNG,2021-05-03,v8,TRUE
2021-07-12,Reff,0.37,0.4,0.42,0.42,0.45,0.48,Relax Interventions 50%,Mongolia,MNG,2021-05-03,v8,TRUE
2021-07-12,deaths,0.05,0.08,0.11,0.11,0.14,0.17,Surged Additional 50% Reduction,Mongolia,MNG,2021-05-03,v8,TRUE
2021-07-12,hospital_demand,1.82,2.92,4.14,4.14,5.36,6.45,Surged Additional 50% Reduction,Mongolia,MNG,2021-05-03,v8,TRUE
2021-07-12,ICU_demand,1.08,1.62,2.22,2.22,2.82,3.36,Surged Additional 50% Reduction,Mongolia,MNG,2021-05-03,v8,TRUE
2021-07-12,infections,8.68,15.96,24.05,24.05,32.13,39.41,Surged Additional 50% Reduction,Mongolia,MNG,2021-05-03,v8,TRUE
2021-07-12,prevalence,61.38,111.9,168.04,168.04,224.17,274.7,Surged Additional 50% Reduction,Mongolia,MNG,2021-05-03,v8,TRUE
2021-07-12,cumulative_infections,138554.53,157645.72,178858.16,178858.16,200070.59,219161.78,Surged Additional 50% Reduction,Mongolia,MNG,2021-05-03,v8,TRUE
2021-07-12,cumulative_deaths,258.27,285.87,316.53,316.53,347.2,374.8,Surged Additional 50% Reduction,Mongolia,MNG,2021-05-03,v8,TRUE
2021-07-12,Rt,1.24,1.29,1.34,1.34,1.39,1.43,Surged Additional 50% Reduction,Mongolia,MNG,2021-05-03,v8,TRUE
2021-07-12,Reff,0.98,1.01,1.04,1.04,1.07,1.09,Surged Additional 50% Reduction,Mongolia,MNG,2021-05-03,v8,TRUE
2021-07-12,deaths,4.25,6.07,8.08,8.08,10.09,11.9,Surged Maintain Status Quo,Mongolia,MNG,2021-05-03,v8,TRUE
2021-07-12,hospital_demand,210.13,295.16,389.64,389.64,484.12,569.15,Surged Maintain Status Quo,Mongolia,MNG,2021-05-03,v8,TRUE
2021-07-12,ICU_demand,77.18,109.14,144.66,144.66,180.18,212.14,Surged Maintain Status Quo,Mongolia,MNG,2021-05-03,v8,TRUE
2021-07-12,infections,3310.31,4395.29,5600.83,5600.83,6806.36,7891.35,Surged Maintain Status Quo,Mongolia,MNG,2021-05-03,v8,TRUE
2021-07-12,prevalence,22500.07,29880.99,38082.01,38082.01,46283.03,53663.95,Surged Maintain Status Quo,Mongolia,MNG,2021-05-03,v8,TRUE
2021-07-12,cumulative_infections,363697.49,468446.69,584834.69,584834.69,701222.69,805971.88,Surged Maintain Status Quo,Mongolia,MNG,2021-05-03,v8,TRUE
2021-07-12,cumulative_deaths,451.74,555.25,670.26,670.26,785.27,888.78,Surged Maintain Status Quo,Mongolia,MNG,2021-05-03,v8,TRUE
2021-07-12,Rt,1.24,1.29,1.34,1.34,1.39,1.43,Surged Maintain Status Quo,Mongolia,MNG,2021-05-03,v8,TRUE
2021-07-12,Reff,0.79,0.81,0.83,0.83,0.85,0.87,Surged Maintain Status Quo,Mongolia,MNG,2021-05-03,v8,TRUE
2021-07-12,deaths,27.57,28.93,30.43,30.43,31.94,33.29,Surged Relax Interventions 50%,Mongolia,MNG,2021-05-03,v8,TRUE
2021-07-12,hospital_demand,1025.49,1140.05,1267.34,1267.34,1394.64,1509.2,Surged Relax Interventions 50%,Mongolia,MNG,2021-05-03,v8,TRUE
2021-07-12,ICU_demand,452.57,480.72,512,512,543.27,571.43,Surged Relax Interventions 50%,Mongolia,MNG,2021-05-03,v8,TRUE
2021-07-12,infections,6286.41,8653.3,11283.19,11283.19,13913.07,16279.97,Surged Relax Interventions 50%,Mongolia,MNG,2021-05-03,v8,TRUE
2021-07-12,prevalence,43760.35,59680.34,77369.22,77369.22,95058.09,110978.08,Surged Relax Interventions 50%,Mongolia,MNG,2021-05-03,v8,TRUE
2021-07-12,cumulative_infections,1503697,1625520.34,1760879.62,1760879.62,1896238.89,2018062.24,Surged Relax Interventions 50%,Mongolia,MNG,2021-05-03,v8,TRUE
2021-07-12,cumulative_deaths,1442.74,1637.38,1853.66,1853.66,2069.93,2264.57,Surged Relax Interventions 50%,Mongolia,MNG,2021-05-03,v8,TRUE
2021-07-12,Rt,1.24,1.29,1.34,1.34,1.39,1.43,Surged Relax Interventions 50%,Mongolia,MNG,2021-05-03,v8,TRUE
2021-07-12,Reff,0.31,0.33,0.36,0.36,0.39,0.41,Surged Relax Interventions 50%,Mongolia,MNG,2021-05-03,v8,TRUE
2021-07-13,deaths,0.05,0.07,0.1,0.1,0.13,0.16,Additional 50% Reduction,Mongolia,MNG,2021-05-03,v8,TRUE
2021-07-13,hospital_demand,1.67,2.7,3.84,3.84,4.98,6,Additional 50% Reduction,Mongolia,MNG,2021-05-03,v8,TRUE
2021-07-13,ICU_demand,0.99,1.5,2.06,2.06,2.62,3.13,Additional 50% Reduction,Mongolia,MNG,2021-05-03,v8,TRUE
2021-07-13,infections,7.97,14.77,22.31,22.31,29.86,36.65,Additional 50% Reduction,Mongolia,MNG,2021-05-03,v8,TRUE
2021-07-13,prevalence,56.37,103.53,155.92,155.92,208.31,255.46,Additional 50% Reduction,Mongolia,MNG,2021-05-03,v8,TRUE
2021-07-13,cumulative_infections,138562.5,157660.49,178880.47,178880.47,200100.45,219198.44,Additional 50% Reduction,Mongolia,MNG,2021-05-03,v8,TRUE
2021-07-13,cumulative_deaths,258.31,285.94,316.64,316.64,347.34,374.96,Additional 50% Reduction,Mongolia,MNG,2021-05-03,v8,TRUE
2021-07-13,Rt,1.24,1.29,1.34,1.34,1.39,1.43,Additional 50% Reduction,Mongolia,MNG,2021-05-03,v8,TRUE
2021-07-13,Reff,1.05,1.07,1.11,1.11,1.14,1.17,Additional 50% Reduction,Mongolia,MNG,2021-05-03,v8,TRUE
2021-07-13,deaths,4.24,6.03,8.02,8.02,10.01,11.8,Maintain Status Quo,Mongolia,MNG,2021-05-03,v8,TRUE
2021-07-13,hospital_demand,208.95,292.63,385.6,385.6,478.57,562.24,Maintain Status Quo,Mongolia,MNG,2021-05-03,v8,TRUE
2021-07-13,ICU_demand,76.81,108.37,143.44,143.44,178.5,210.06,Maintain Status Quo,Mongolia,MNG,2021-05-03,v8,TRUE
2021-07-13,infections,3278.64,4331.39,5501.11,5501.11,6670.83,7723.58,Maintain Status Quo,Mongolia,MNG,2021-05-03,v8,TRUE
2021-07-13,prevalence,22285.87,29449.14,37408.34,37408.34,45367.54,52530.81,Maintain Status Quo,Mongolia,MNG,2021-05-03,v8,TRUE
2021-07-13,cumulative_infections,366976.13,472778.08,590335.8,590335.8,707893.52,813695.47,Maintain Status Quo,Mongolia,MNG,2021-05-03,v8,TRUE
2021-07-13,cumulative_deaths,455.98,561.28,678.28,678.28,795.28,900.58,Maintain Status Quo,Mongolia,MNG,2021-05-03,v8,TRUE
2021-07-13,Rt,1.24,1.29,1.34,1.34,1.39,1.43,Maintain Status Quo,Mongolia,MNG,2021-05-03,v8,TRUE
2021-07-13,Reff,0.86,0.88,0.9,0.9,0.92,0.94,Maintain Status Quo,Mongolia,MNG,2021-05-03,v8,TRUE
2021-07-13,deaths,21.41,23.86,26.58,26.58,29.3,31.75,Relax Interventions 50%,Mongolia,MNG,2021-05-03,v8,TRUE
2021-07-13,hospital_demand,934.67,1055.62,1190.01,1190.01,1324.4,1445.35,Relax Interventions 50%,Mongolia,MNG,2021-05-03,v8,TRUE
2021-07-13,ICU_demand,320.78,336.84,354.68,354.68,372.53,388.59,Relax Interventions 50%,Mongolia,MNG,2021-05-03,v8,TRUE
2021-07-13,infections,5791.85,8089.06,10641.51,10641.51,13193.97,15491.18,Relax Interventions 50%,Mongolia,MNG,2021-05-03,v8,TRUE
2021-07-13,prevalence,40218.8,55674.02,72846.49,72846.49,90018.96,105474.18,Relax Interventions 50%,Mongolia,MNG,2021-05-03,v8,TRUE
2021-07-13,cumulative_infections,1519187.62,1638714.99,1771523.18,1771523.18,1904331.37,2023858.75,Relax Interventions 50%,Mongolia,MNG,2021-05-03,v8,TRUE
2021-07-13,cumulative_deaths,1810.38,2072.43,2363.61,2363.61,2654.78,2916.84,Relax Interventions 50%,Mongolia,MNG,2021-05-03,v8,TRUE
2021-07-13,Rt,1.24,1.29,1.34,1.34,1.39,1.43,Relax Interventions 50%,Mongolia,MNG,2021-05-03,v8,TRUE
2021-07-13,Reff,0.37,0.4,0.42,0.42,0.45,0.47,Relax Interventions 50%,Mongolia,MNG,2021-05-03,v8,TRUE
2021-07-13,deaths,0.05,0.07,0.1,0.1,0.13,0.16,Surged Additional 50% Reduction,Mongolia,MNG,2021-05-03,v8,TRUE
2021-07-13,hospital_demand,1.67,2.7,3.84,3.84,4.98,6,Surged Additional 50% Reduction,Mongolia,MNG,2021-05-03,v8,TRUE
2021-07-13,ICU_demand,0.99,1.5,2.06,2.06,2.62,3.13,Surged Additional 50% Reduction,Mongolia,MNG,2021-05-03,v8,TRUE
2021-07-13,infections,7.97,14.77,22.31,22.31,29.86,36.65,Surged Additional 50% Reduction,Mongolia,MNG,2021-05-03,v8,TRUE
2021-07-13,prevalence,56.37,103.53,155.92,155.92,208.31,255.46,Surged Additional 50% Reduction,Mongolia,MNG,2021-05-03,v8,TRUE
2021-07-13,cumulative_infections,138562.5,157660.49,178880.47,178880.47,200100.45,219198.44,Surged Additional 50% Reduction,Mongolia,MNG,2021-05-03,v8,TRUE
2021-07-13,cumulative_deaths,258.31,285.94,316.64,316.64,347.34,374.96,Surged Additional 50% Reduction,Mongolia,MNG,2021-05-03,v8,TRUE
2021-07-13,Rt,1.24,1.29,1.34,1.34,1.39,1.43,Surged Additional 50% Reduction,Mongolia,MNG,2021-05-03,v8,TRUE
2021-07-13,Reff,0.98,1.01,1.04,1.04,1.07,1.09,Surged Additional 50% Reduction,Mongolia,MNG,2021-05-03,v8,TRUE
2021-07-13,deaths,4.24,6.03,8.02,8.02,10.01,11.8,Surged Maintain Status Quo,Mongolia,MNG,2021-05-03,v8,TRUE
2021-07-13,hospital_demand,208.95,292.63,385.6,385.6,478.57,562.24,Surged Maintain Status Quo,Mongolia,MNG,2021-05-03,v8,TRUE
2021-07-13,ICU_demand,76.81,108.37,143.44,143.44,178.5,210.06,Surged Maintain Status Quo,Mongolia,MNG,2021-05-03,v8,TRUE
2021-07-13,infections,3278.64,4331.39,5501.11,5501.11,6670.83,7723.58,Surged Maintain Status Quo,Mongolia,MNG,2021-05-03,v8,TRUE
2021-07-13,prevalence,22285.87,29449.14,37408.34,37408.34,45367.54,52530.81,Surged Maintain Status Quo,Mongolia,MNG,2021-05-03,v8,TRUE
2021-07-13,cumulative_infections,366976.13,472778.08,590335.8,590335.8,707893.52,813695.47,Surged Maintain Status Quo,Mongolia,MNG,2021-05-03,v8,TRUE
2021-07-13,cumulative_deaths,455.98,561.28,678.28,678.28,795.28,900.58,Surged Maintain Status Quo,Mongolia,MNG,2021-05-03,v8,TRUE
2021-07-13,Rt,1.24,1.29,1.34,1.34,1.39,1.43,Surged Maintain Status Quo,Mongolia,MNG,2021-05-03,v8,TRUE
2021-07-13,Reff,0.79,0.81,0.83,0.83,0.85,0.87,Surged Maintain Status Quo,Mongolia,MNG,2021-05-03,v8,TRUE
2021-07-13,deaths,26.11,27.68,29.43,29.43,31.18,32.76,Surged Relax Interventions 50%,Mongolia,MNG,2021-05-03,v8,TRUE
2021-07-13,hospital_demand,962.4,1082.95,1216.89,1216.89,1350.84,1471.39,Surged Relax Interventions 50%,Mongolia,MNG,2021-05-03,v8,TRUE
2021-07-13,ICU_demand,428.92,460.14,494.82,494.82,529.51,560.73,Surged Relax Interventions 50%,Mongolia,MNG,2021-05-03,v8,TRUE
2021-07-13,infections,5792.05,8089.32,10641.85,10641.85,13194.37,15491.64,Surged Relax Interventions 50%,Mongolia,MNG,2021-05-03,v8,TRUE
2021-07-13,prevalence,40356.12,55826.46,73015.73,73015.73,90205,105675.34,Surged Relax Interventions 50%,Mongolia,MNG,2021-05-03,v8,TRUE
2021-07-13,cumulative_infections,1519188.64,1638714.72,1771521.47,1771521.47,1904328.21,2023854.29,Surged Relax Interventions 50%,Mongolia,MNG,2021-05-03,v8,TRUE
2021-07-13,cumulative_deaths,1475.49,1668.57,1883.09,1883.09,2097.61,2290.69,Surged Relax Interventions 50%,Mongolia,MNG,2021-05-03,v8,TRUE
2021-07-13,Rt,1.24,1.29,1.34,1.34,1.39,1.43,Surged Relax Interventions 50%,Mongolia,MNG,2021-05-03,v8,TRUE
2021-07-13,Reff,0.31,0.33,0.36,0.36,0.38,0.41,Surged Relax Interventions 50%,Mongolia,MNG,2021-05-03,v8,TRUE
2021-07-14,deaths,0.04,0.07,0.1,0.1,0.12,0.15,Additional 50% Reduction,Mongolia,MNG,2021-05-03,v8,TRUE
2021-07-14,hospital_demand,1.54,2.5,3.56,3.56,4.63,5.59,Additional 50% Reduction,Mongolia,MNG,2021-05-03,v8,TRUE
2021-07-14,ICU_demand,0.91,1.39,1.91,1.91,2.44,2.92,Additional 50% Reduction,Mongolia,MNG,2021-05-03,v8,TRUE
2021-07-14,infections,7.32,13.66,20.7,20.7,27.75,34.09,Additional 50% Reduction,Mongolia,MNG,2021-05-03,v8,TRUE
2021-07-14,prevalence,51.77,95.78,144.68,144.68,193.58,237.59,Additional 50% Reduction,Mongolia,MNG,2021-05-03,v8,TRUE
2021-07-14,cumulative_infections,138569.83,157674.15,178901.17,178901.17,200128.2,219232.52,Additional 50% Reduction,Mongolia,MNG,2021-05-03,v8,TRUE
2021-07-14,cumulative_deaths,258.36,286.01,316.74,316.74,347.46,375.11,Additional 50% Reduction,Mongolia,MNG,2021-05-03,v8,TRUE
2021-07-14,Rt,1.24,1.29,1.34,1.34,1.39,1.43,Additional 50% Reduction,Mongolia,MNG,2021-05-03,v8,TRUE
2021-07-14,Reff,1.05,1.07,1.11,1.11,1.14,1.17,Additional 50% Reduction,Mongolia,MNG,2021-05-03,v8,TRUE
2021-07-14,deaths,4.22,5.99,7.95,7.95,9.92,11.69,Maintain Status Quo,Mongolia,MNG,2021-05-03,v8,TRUE
2021-07-14,hospital_demand,207.74,290.01,381.41,381.41,472.82,555.09,Maintain Status Quo,Mongolia,MNG,2021-05-03,v8,TRUE
2021-07-14,ICU_demand,76.43,107.56,142.15,142.15,176.74,207.87,Maintain Status Quo,Mongolia,MNG,2021-05-03,v8,TRUE
2021-07-14,infections,3246.67,4267.24,5401.2,5401.2,6535.16,7555.73,Maintain Status Quo,Mongolia,MNG,2021-05-03,v8,TRUE
2021-07-14,prevalence,22069.58,29015.49,36733.18,36733.18,44450.86,51396.77,Maintain Status Quo,Mongolia,MNG,2021-05-03,v8,TRUE
2021-07-14,cumulative_infections,370222.8,477045.31,595737,595737,714428.68,821251.19,Maintain Status Quo,Mongolia,MNG,2021-05-03,v8,TRUE
2021-07-14,cumulative_deaths,460.2,567.27,686.23,686.23,805.2,912.27,Maintain Status Quo,Mongolia,MNG,2021-05-03,v8,TRUE
2021-07-14,Rt,1.24,1.29,1.34,1.34,1.39,1.43,Maintain Status Quo,Mongolia,MNG,2021-05-03,v8,TRUE
2021-07-14,Reff,0.86,0.88,0.9,0.9,0.92,0.94,Maintain Status Quo,Mongolia,MNG,2021-05-03,v8,TRUE
2021-07-14,deaths,20.53,22.83,25.39,25.39,27.96,30.26,Relax Interventions 50%,Mongolia,MNG,2021-05-03,v8,TRUE
2021-07-14,hospital_demand,876.56,1002.07,1141.53,1141.53,1280.98,1406.5,Relax Interventions 50%,Mongolia,MNG,2021-05-03,v8,TRUE
2021-07-14,ICU_demand,309.08,327.44,347.83,347.83,368.23,386.58,Relax Interventions 50%,Mongolia,MNG,2021-05-03,v8,TRUE
2021-07-14,infections,5335.24,7558.98,10029.79,10029.79,12500.61,14724.34,Relax Interventions 50%,Mongolia,MNG,2021-05-03,v8,TRUE
2021-07-14,prevalence,37083.58,52060.9,68702.38,68702.38,85343.85,100321.17,Relax Interventions 50%,Mongolia,MNG,2021-05-03,v8,TRUE
2021-07-14,cumulative_infections,1533911.97,1651215.6,1781552.98,1781552.98,1911890.35,2029193.99,Relax Interventions 50%,Mongolia,MNG,2021-05-03,v8,TRUE
2021-07-14,cumulative_deaths,1840.64,2100.39,2389,2389,2677.62,2937.37,Relax Interventions 50%,Mongolia,MNG,2021-05-03,v8,TRUE
2021-07-14,Rt,1.24,1.29,1.34,1.34,1.39,1.43,Relax Interventions 50%,Mongolia,MNG,2021-05-03,v8,TRUE
2021-07-14,Reff,0.37,0.39,0.42,0.42,0.45,0.47,Relax Interventions 50%,Mongolia,MNG,2021-05-03,v8,TRUE
2021-07-14,deaths,0.04,0.07,0.1,0.1,0.12,0.15,Surged Additional 50% Reduction,Mongolia,MNG,2021-05-03,v8,TRUE
2021-07-14,hospital_demand,1.54,2.5,3.56,3.56,4.63,5.59,Surged Additional 50% Reduction,Mongolia,MNG,2021-05-03,v8,TRUE
2021-07-14,ICU_demand,0.91,1.39,1.91,1.91,2.44,2.92,Surged Additional 50% Reduction,Mongolia,MNG,2021-05-03,v8,TRUE
2021-07-14,infections,7.32,13.66,20.7,20.7,27.75,34.09,Surged Additional 50% Reduction,Mongolia,MNG,2021-05-03,v8,TRUE
2021-07-14,prevalence,51.77,95.78,144.68,144.68,193.58,237.59,Surged Additional 50% Reduction,Mongolia,MNG,2021-05-03,v8,TRUE
2021-07-14,cumulative_infections,138569.83,157674.15,178901.17,178901.17,200128.2,219232.52,Surged Additional 50% Reduction,Mongolia,MNG,2021-05-03,v8,TRUE
2021-07-14,cumulative_deaths,258.36,286.01,316.74,316.74,347.46,375.11,Surged Additional 50% Reduction,Mongolia,MNG,2021-05-03,v8,TRUE
2021-07-14,Rt,1.24,1.29,1.34,1.34,1.39,1.43,Surged Additional 50% Reduction,Mongolia,MNG,2021-05-03,v8,TRUE
2021-07-14,Reff,0.98,1.01,1.04,1.04,1.07,1.09,Surged Additional 50% Reduction,Mongolia,MNG,2021-05-03,v8,TRUE
2021-07-14,deaths,4.22,5.99,7.95,7.95,9.92,11.69,Surged Maintain Status Quo,Mongolia,MNG,2021-05-03,v8,TRUE
2021-07-14,hospital_demand,207.74,290.01,381.41,381.41,472.82,555.09,Surged Maintain Status Quo,Mongolia,MNG,2021-05-03,v8,TRUE
2021-07-14,ICU_demand,76.43,107.56,142.15,142.15,176.74,207.87,Surged Maintain Status Quo,Mongolia,MNG,2021-05-03,v8,TRUE
2021-07-14,infections,3246.67,4267.24,5401.2,5401.2,6535.16,7555.73,Surged Maintain Status Quo,Mongolia,MNG,2021-05-03,v8,TRUE
2021-07-14,prevalence,22069.58,29015.49,36733.18,36733.18,44450.86,51396.77,Surged Maintain Status Quo,Mongolia,MNG,2021-05-03,v8,TRUE
2021-07-14,cumulative_infections,370222.8,477045.31,595737,595737,714428.68,821251.19,Surged Maintain Status Quo,Mongolia,MNG,2021-05-03,v8,TRUE
2021-07-14,cumulative_deaths,460.2,567.27,686.23,686.23,805.2,912.27,Surged Maintain Status Quo,Mongolia,MNG,2021-05-03,v8,TRUE
2021-07-14,Rt,1.24,1.29,1.34,1.34,1.39,1.43,Surged Maintain Status Quo,Mongolia,MNG,2021-05-03,v8,TRUE
2021-07-14,Reff,0.78,0.8,0.83,0.83,0.85,0.87,Surged Maintain Status Quo,Mongolia,MNG,2021-05-03,v8,TRUE
2021-07-14,deaths,24.69,26.46,28.43,28.43,30.4,32.17,Surged Relax Interventions 50%,Mongolia,MNG,2021-05-03,v8,TRUE
2021-07-14,hospital_demand,902.12,1027.62,1167.07,1167.07,1306.51,1432.02,Surged Relax Interventions 50%,Mongolia,MNG,2021-05-03,v8,TRUE
2021-07-14,ICU_demand,405.97,439.92,477.64,477.64,515.35,549.3,Surged Relax Interventions 50%,Mongolia,MNG,2021-05-03,v8,TRUE
2021-07-14,infections,5335.46,7559.26,10030.15,10030.15,12501.04,14724.84,Surged Relax Interventions 50%,Mongolia,MNG,2021-05-03,v8,TRUE
2021-07-14,prevalence,37207.48,52200.74,68859.91,68859.91,85519.08,100512.33,Surged Relax Interventions 50%,Mongolia,MNG,2021-05-03,v8,TRUE
2021-07-14,cumulative_infections,1533913.48,1651215.75,1781551.61,1781551.61,1911887.48,2029189.75,Surged Relax Interventions 50%,Mongolia,MNG,2021-05-03,v8,TRUE
2021-07-14,cumulative_deaths,1507.67,1698.97,1911.52,1911.52,2124.08,2315.38,Surged Relax Interventions 50%,Mongolia,MNG,2021-05-03,v8,TRUE
2021-07-14,Rt,1.24,1.29,1.34,1.34,1.39,1.43,Surged Relax Interventions 50%,Mongolia,MNG,2021-05-03,v8,TRUE
2021-07-14,Reff,0.31,0.33,0.36,0.36,0.38,0.41,Surged Relax Interventions 50%,Mongolia,MNG,2021-05-03,v8,TRUE
2021-07-15,deaths,0.04,0.06,0.09,0.09,0.12,0.14,Additional 50% Reduction,Mongolia,MNG,2021-05-03,v8,TRUE
2021-07-15,hospital_demand,1.41,2.31,3.31,3.31,4.3,5.2,Additional 50% Reduction,Mongolia,MNG,2021-05-03,v8,TRUE
2021-07-15,ICU_demand,0.84,1.28,1.78,1.78,2.27,2.72,Additional 50% Reduction,Mongolia,MNG,2021-05-03,v8,TRUE
2021-07-15,infections,6.73,12.64,19.21,19.21,25.79,31.7,Additional 50% Reduction,Mongolia,MNG,2021-05-03,v8,TRUE
2021-07-15,prevalence,47.55,88.63,134.26,134.26,179.9,220.97,Additional 50% Reduction,Mongolia,MNG,2021-05-03,v8,TRUE
2021-07-15,cumulative_infections,138576.55,157686.79,178920.39,178920.39,200153.99,219264.22,Additional 50% Reduction,Mongolia,MNG,2021-05-03,v8,TRUE
2021-07-15,cumulative_deaths,258.4,286.07,316.82,316.82,347.58,375.25,Additional 50% Reduction,Mongolia,MNG,2021-05-03,v8,TRUE
2021-07-15,Rt,1.24,1.29,1.34,1.34,1.39,1.43,Additional 50% Reduction,Mongolia,MNG,2021-05-03,v8,TRUE
2021-07-15,Reff,1.05,1.07,1.11,1.11,1.14,1.17,Additional 50% Reduction,Mongolia,MNG,2021-05-03,v8,TRUE
2021-07-15,deaths,4.2,5.95,7.89,7.89,9.83,11.57,Maintain Status Quo,Mongolia,MNG,2021-05-03,v8,TRUE
2021-07-15,hospital_demand,206.49,287.3,377.09,377.09,466.88,547.69,Maintain Status Quo,Mongolia,MNG,2021-05-03,v8,TRUE
2021-07-15,ICU_demand,76.04,106.72,140.81,140.81,174.9,205.59,Maintain Status Quo,Mongolia,MNG,2021-05-03,v8,TRUE
2021-07-15,infections,3214.42,4202.91,5301.24,5301.24,6399.56,7388.06,Maintain Status Quo,Mongolia,MNG,2021-05-03,v8,TRUE
2021-07-15,prevalence,21851.39,28580.61,36057.53,36057.53,43534.44,50263.67,Maintain Status Quo,Mongolia,MNG,2021-05-03,v8,TRUE
2021-07-15,cumulative_infections,373437.22,481248.23,601038.24,601038.24,720828.24,828639.25,Maintain Status Quo,Mongolia,MNG,2021-05-03,v8,TRUE
2021-07-15,cumulative_deaths,464.4,573.21,694.12,694.12,815.03,923.84,Maintain Status Quo,Mongolia,MNG,2021-05-03,v8,TRUE
2021-07-15,Rt,1.24,1.29,1.34,1.34,1.39,1.43,Maintain Status Quo,Mongolia,MNG,2021-05-03,v8,TRUE
2021-07-15,Reff,0.86,0.88,0.9,0.9,0.92,0.94,Maintain Status Quo,Mongolia,MNG,2021-05-03,v8,TRUE
2021-07-15,deaths,19.63,21.79,24.2,24.2,26.6,28.76,Relax Interventions 50%,Mongolia,MNG,2021-05-03,v8,TRUE
2021-07-15,hospital_demand,821.17,950.32,1093.81,1093.81,1237.3,1366.45,Relax Interventions 50%,Mongolia,MNG,2021-05-03,v8,TRUE
2021-07-15,ICU_demand,297.07,317.79,340.82,340.82,363.84,384.56,Relax Interventions 50%,Mongolia,MNG,2021-05-03,v8,TRUE
2021-07-15,infections,4913.83,7061.22,9447.21,9447.21,11833.19,13980.58,Relax Interventions 50%,Mongolia,MNG,2021-05-03,v8,TRUE
2021-07-15,prevalence,34186.11,48665.12,64752.91,64752.91,80840.7,95319.71,Relax Interventions 50%,Mongolia,MNG,2021-05-03,v8,TRUE
2021-07-15,cumulative_infections,1547892.55,1663048.8,1791000.18,1791000.18,1918951.57,2034107.82,Relax Interventions 50%,Mongolia,MNG,2021-05-03,v8,TRUE
2021-07-15,cumulative_deaths,1869.39,2126.99,2413.2,2413.2,2699.41,2957.01,Relax Interventions 50%,Mongolia,MNG,2021-05-03,v8,TRUE
2021-07-15,Rt,1.24,1.29,1.34,1.34,1.39,1.43,Relax Interventions 50%,Mongolia,MNG,2021-05-03,v8,TRUE
2021-07-15,Reff,0.37,0.39,0.42,0.42,0.44,0.47,Relax Interventions 50%,Mongolia,MNG,2021-05-03,v8,TRUE
2021-07-15,deaths,0.04,0.06,0.09,0.09,0.12,0.14,Surged Additional 50% Reduction,Mongolia,MNG,2021-05-03,v8,TRUE
2021-07-15,hospital_demand,1.41,2.31,3.31,3.31,4.3,5.2,Surged Additional 50% Reduction,Mongolia,MNG,2021-05-03,v8,TRUE
2021-07-15,ICU_demand,0.84,1.28,1.78,1.78,2.27,2.72,Surged Additional 50% Reduction,Mongolia,MNG,2021-05-03,v8,TRUE
2021-07-15,infections,6.73,12.64,19.21,19.21,25.79,31.7,Surged Additional 50% Reduction,Mongolia,MNG,2021-05-03,v8,TRUE
2021-07-15,prevalence,47.55,88.63,134.26,134.26,179.9,220.97,Surged Additional 50% Reduction,Mongolia,MNG,2021-05-03,v8,TRUE
2021-07-15,cumulative_infections,138576.55,157686.79,178920.39,178920.39,200153.99,219264.22,Surged Additional 50% Reduction,Mongolia,MNG,2021-05-03,v8,TRUE
2021-07-15,cumulative_deaths,258.4,286.07,316.82,316.82,347.58,375.25,Surged Additional 50% Reduction,Mongolia,MNG,2021-05-03,v8,TRUE
2021-07-15,Rt,1.24,1.29,1.34,1.34,1.39,1.43,Surged Additional 50% Reduction,Mongolia,MNG,2021-05-03,v8,TRUE
2021-07-15,Reff,0.98,1.01,1.04,1.04,1.07,1.1,Surged Additional 50% Reduction,Mongolia,MNG,2021-05-03,v8,TRUE
2021-07-15,deaths,4.2,5.95,7.89,7.89,9.83,11.57,Surged Maintain Status Quo,Mongolia,MNG,2021-05-03,v8,TRUE
2021-07-15,hospital_demand,206.49,287.3,377.09,377.09,466.88,547.69,Surged Maintain Status Quo,Mongolia,MNG,2021-05-03,v8,TRUE
2021-07-15,ICU_demand,76.04,106.72,140.81,140.81,174.9,205.59,Surged Maintain Status Quo,Mongolia,MNG,2021-05-03,v8,TRUE
2021-07-15,infections,3214.42,4202.91,5301.24,5301.24,6399.56,7388.06,Surged Maintain Status Quo,Mongolia,MNG,2021-05-03,v8,TRUE
2021-07-15,prevalence,21851.39,28580.61,36057.53,36057.53,43534.44,50263.67,Surged Maintain Status Quo,Mongolia,MNG,2021-05-03,v8,TRUE
2021-07-15,cumulative_infections,373437.22,481248.23,601038.24,601038.24,720828.24,828639.25,Surged Maintain Status Quo,Mongolia,MNG,2021-05-03,v8,TRUE
2021-07-15,cumulative_deaths,464.4,573.21,694.12,694.12,815.03,923.84,Surged Maintain Status Quo,Mongolia,MNG,2021-05-03,v8,TRUE
2021-07-15,Rt,1.24,1.29,1.34,1.34,1.39,1.43,Surged Maintain Status Quo,Mongolia,MNG,2021-05-03,v8,TRUE
2021-07-15,Reff,0.78,0.8,0.83,0.83,0.85,0.87,Surged Maintain Status Quo,Mongolia,MNG,2021-05-03,v8,TRUE
2021-07-15,deaths,23.31,25.26,27.43,27.43,29.59,31.54,Surged Relax Interventions 50%,Mongolia,MNG,2021-05-03,v8,TRUE
2021-07-15,hospital_demand,844.67,974.14,1118,1118,1261.86,1391.34,Surged Relax Interventions 50%,Mongolia,MNG,2021-05-03,v8,TRUE
2021-07-15,ICU_demand,383.78,420.12,460.49,460.49,500.87,537.21,Surged Relax Interventions 50%,Mongolia,MNG,2021-05-03,v8,TRUE
2021-07-15,infections,4914.05,7061.49,9447.54,9447.54,11833.59,13981.03,Surged Relax Interventions 50%,Mongolia,MNG,2021-05-03,v8,TRUE
2021-07-15,prevalence,34297.68,48792.97,64898.83,64898.83,81004.7,95499.98,Surged Relax Interventions 50%,Mongolia,MNG,2021-05-03,v8,TRUE
2021-07-15,cumulative_infections,1547894.51,1663049.34,1790999.15,1790999.15,1918948.97,2034103.8,Surged Relax Interventions 50%,Mongolia,MNG,2021-05-03,v8,TRUE
2021-07-15,cumulative_deaths,1539.2,1728.56,1938.95,1938.95,2149.34,2338.69,Surged Relax Interventions 50%,Mongolia,MNG,2021-05-03,v8,TRUE
2021-07-15,Rt,1.24,1.29,1.34,1.34,1.39,1.43,Surged Relax Interventions 50%,Mongolia,MNG,2021-05-03,v8,TRUE
2021-07-15,Reff,0.31,0.33,0.35,0.35,0.38,0.4,Surged Relax Interventions 50%,Mongolia,MNG,2021-05-03,v8,TRUE
2021-07-16,deaths,0.04,0.06,0.08,0.08,0.11,0.13,Additional 50% Reduction,Mongolia,MNG,2021-05-03,v8,TRUE
2021-07-16,hospital_demand,1.3,2.14,3.07,3.07,4,4.84,Additional 50% Reduction,Mongolia,MNG,2021-05-03,v8,TRUE
2021-07-16,ICU_demand,0.77,1.19,1.65,1.65,2.11,2.53,Additional 50% Reduction,Mongolia,MNG,2021-05-03,v8,TRUE
2021-07-16,infections,6.18,11.7,17.83,17.83,23.96,29.48,Additional 50% Reduction,Mongolia,MNG,2021-05-03,v8,TRUE
2021-07-16,prevalence,43.68,82.01,124.6,124.6,167.19,205.52,Additional 50% Reduction,Mongolia,MNG,2021-05-03,v8,TRUE
2021-07-16,cumulative_infections,138582.73,157698.49,178938.22,178938.22,200177.95,219293.71,Additional 50% Reduction,Mongolia,MNG,2021-05-03,v8,TRUE
2021-07-16,cumulative_deaths,258.43,286.13,316.91,316.91,347.68,375.38,Additional 50% Reduction,Mongolia,MNG,2021-05-03,v8,TRUE
2021-07-16,Rt,1.24,1.29,1.34,1.34,1.39,1.43,Additional 50% Reduction,Mongolia,MNG,2021-05-03,v8,TRUE
2021-07-16,Reff,1.05,1.07,1.11,1.11,1.14,1.17,Additional 50% Reduction,Mongolia,MNG,2021-05-03,v8,TRUE
2021-07-16,deaths,4.18,5.9,7.81,7.81,9.73,11.45,Maintain Status Quo,Mongolia,MNG,2021-05-03,v8,TRUE
2021-07-16,hospital_demand,205.21,284.52,372.65,372.65,460.77,540.08,Maintain Status Quo,Mongolia,MNG,2021-05-03,v8,TRUE
2021-07-16,ICU_demand,75.63,105.85,139.42,139.42,172.99,203.2,Maintain Status Quo,Mongolia,MNG,2021-05-03,v8,TRUE
2021-07-16,infections,3181.93,4138.51,5201.37,5201.37,6264.24,7220.82,Maintain Status Quo,Mongolia,MNG,2021-05-03,v8,TRUE
2021-07-16,prevalence,21631.55,28145.14,35382.45,35382.45,42619.77,49133.35,Maintain Status Quo,Mongolia,MNG,2021-05-03,v8,TRUE
2021-07-16,cumulative_infections,376619.15,485386.73,606239.61,606239.61,727092.48,835860.07,Maintain Status Quo,Mongolia,MNG,2021-05-03,v8,TRUE
2021-07-16,cumulative_deaths,468.57,579.11,701.93,701.93,824.75,935.29,Maintain Status Quo,Mongolia,MNG,2021-05-03,v8,TRUE
2021-07-16,Rt,1.24,1.29,1.34,1.34,1.39,1.43,Maintain Status Quo,Mongolia,MNG,2021-05-03,v8,TRUE
2021-07-16,Reff,0.86,0.87,0.9,0.9,0.92,0.93,Maintain Status Quo,Mongolia,MNG,2021-05-03,v8,TRUE
2021-07-16,deaths,18.73,20.75,22.99,22.99,25.23,27.24,Relax Interventions 50%,Mongolia,MNG,2021-05-03,v8,TRUE
2021-07-16,hospital_demand,768.5,900.41,1046.98,1046.98,1193.54,1325.45,Relax Interventions 50%,Mongolia,MNG,2021-05-03,v8,TRUE
2021-07-16,ICU_demand,284.86,307.99,333.7,333.7,359.41,382.54,Relax Interventions 50%,Mongolia,MNG,2021-05-03,v8,TRUE
2021-07-16,infections,4525.16,6594.22,8893.16,8893.16,11192.11,13261.16,Relax Interventions 50%,Mongolia,MNG,2021-05-03,v8,TRUE
2021-07-16,prevalence,31510.07,45476.23,60994.18,60994.18,76512.14,90478.29,Relax Interventions 50%,Mongolia,MNG,2021-05-03,v8,TRUE
2021-07-16,cumulative_infections,1561153.71,1674240.9,1799893.34,1799893.34,1925545.79,2038632.98,Relax Interventions 50%,Mongolia,MNG,2021-05-03,v8,TRUE
2021-07-16,cumulative_deaths,1896.64,2152.21,2436.19,2436.19,2720.16,2975.74,Relax Interventions 50%,Mongolia,MNG,2021-05-03,v8,TRUE
2021-07-16,Rt,1.24,1.29,1.34,1.34,1.39,1.43,Relax Interventions 50%,Mongolia,MNG,2021-05-03,v8,TRUE
2021-07-16,Reff,0.37,0.39,0.42,0.42,0.44,0.46,Relax Interventions 50%,Mongolia,MNG,2021-05-03,v8,TRUE
2021-07-16,deaths,0.04,0.06,0.08,0.08,0.11,0.13,Surged Additional 50% Reduction,Mongolia,MNG,2021-05-03,v8,TRUE
2021-07-16,hospital_demand,1.3,2.14,3.07,3.07,4,4.84,Surged Additional 50% Reduction,Mongolia,MNG,2021-05-03,v8,TRUE
2021-07-16,ICU_demand,0.77,1.19,1.65,1.65,2.11,2.53,Surged Additional 50% Reduction,Mongolia,MNG,2021-05-03,v8,TRUE
2021-07-16,infections,6.18,11.7,17.83,17.83,23.96,29.48,Surged Additional 50% Reduction,Mongolia,MNG,2021-05-03,v8,TRUE
2021-07-16,prevalence,43.68,82.01,124.6,124.6,167.19,205.52,Surged Additional 50% Reduction,Mongolia,MNG,2021-05-03,v8,TRUE
2021-07-16,cumulative_infections,138582.73,157698.49,178938.22,178938.22,200177.95,219293.71,Surged Additional 50% Reduction,Mongolia,MNG,2021-05-03,v8,TRUE
2021-07-16,cumulative_deaths,258.43,286.13,316.91,316.91,347.68,375.38,Surged Additional 50% Reduction,Mongolia,MNG,2021-05-03,v8,TRUE
2021-07-16,Rt,1.24,1.29,1.34,1.34,1.39,1.43,Surged Additional 50% Reduction,Mongolia,MNG,2021-05-03,v8,TRUE
2021-07-16,Reff,0.98,1.01,1.04,1.04,1.07,1.1,Surged Additional 50% Reduction,Mongolia,MNG,2021-05-03,v8,TRUE
2021-07-16,deaths,4.18,5.9,7.81,7.81,9.73,11.45,Surged Maintain Status Quo,Mongolia,MNG,2021-05-03,v8,TRUE
2021-07-16,hospital_demand,205.21,284.52,372.65,372.65,460.77,540.08,Surged Maintain Status Quo,Mongolia,MNG,2021-05-03,v8,TRUE
2021-07-16,ICU_demand,75.63,105.85,139.42,139.42,172.99,203.2,Surged Maintain Status Quo,Mongolia,MNG,2021-05-03,v8,TRUE
2021-07-16,infections,3181.93,4138.51,5201.37,5201.37,6264.24,7220.82,Surged Maintain Status Quo,Mongolia,MNG,2021-05-03,v8,TRUE
2021-07-16,prevalence,21631.55,28145.14,35382.45,35382.45,42619.77,49133.35,Surged Maintain Status Quo,Mongolia,MNG,2021-05-03,v8,TRUE
2021-07-16,cumulative_infections,376619.15,485386.73,606239.61,606239.61,727092.48,835860.07,Surged Maintain Status Quo,Mongolia,MNG,2021-05-03,v8,TRUE
2021-07-16,cumulative_deaths,468.57,579.11,701.93,701.93,824.75,935.29,Surged Maintain Status Quo,Mongolia,MNG,2021-05-03,v8,TRUE
2021-07-16,Rt,1.24,1.29,1.34,1.34,1.39,1.43,Surged Maintain Status Quo,Mongolia,MNG,2021-05-03,v8,TRUE
2021-07-16,Reff,0.78,0.8,0.82,0.82,0.85,0.87,Surged Maintain Status Quo,Mongolia,MNG,2021-05-03,v8,TRUE
2021-07-16,deaths,21.98,24.08,26.42,26.42,28.76,30.86,Surged Relax Interventions 50%,Mongolia,MNG,2021-05-03,v8,TRUE
2021-07-16,hospital_demand,790.06,922.58,1069.82,1069.82,1217.07,1349.59,Surged Relax Interventions 50%,Mongolia,MNG,2021-05-03,v8,TRUE
2021-07-16,ICU_demand,362.37,400.78,443.45,443.45,486.13,524.53,Surged Relax Interventions 50%,Mongolia,MNG,2021-05-03,v8,TRUE
2021-07-16,infections,4525.37,6594.47,8893.47,8893.47,11192.46,13261.56,Surged Relax Interventions 50%,Mongolia,MNG,2021-05-03,v8,TRUE
2021-07-16,prevalence,31610.52,45592.84,61128.75,61128.75,76664.66,90646.98,Surged Relax Interventions 50%,Mongolia,MNG,2021-05-03,v8,TRUE
2021-07-16,cumulative_infections,1561156.07,1674241.8,1799892.62,1799892.62,1925543.43,2038629.17,Surged Relax Interventions 50%,Mongolia,MNG,2021-05-03,v8,TRUE
2021-07-16,cumulative_deaths,1570.07,1757.32,1965.37,1965.37,2173.42,2360.67,Surged Relax Interventions 50%,Mongolia,MNG,2021-05-03,v8,TRUE
2021-07-16,Rt,1.24,1.29,1.34,1.34,1.39,1.43,Surged Relax Interventions 50%,Mongolia,MNG,2021-05-03,v8,TRUE
2021-07-16,Reff,0.31,0.33,0.35,0.35,0.38,0.4,Surged Relax Interventions 50%,Mongolia,MNG,2021-05-03,v8,TRUE
2021-07-17,deaths,0.03,0.05,0.08,0.08,0.1,0.12,Additional 50% Reduction,Mongolia,MNG,2021-05-03,v8,TRUE
2021-07-17,hospital_demand,1.19,1.98,2.85,2.85,3.72,4.5,Additional 50% Reduction,Mongolia,MNG,2021-05-03,v8,TRUE
2021-07-17,ICU_demand,0.71,1.1,1.53,1.53,1.97,2.35,Additional 50% Reduction,Mongolia,MNG,2021-05-03,v8,TRUE
2021-07-17,infections,5.67,10.82,16.55,16.55,22.27,27.42,Additional 50% Reduction,Mongolia,MNG,2021-05-03,v8,TRUE
2021-07-17,prevalence,40.12,75.89,115.64,115.64,155.38,191.15,Additional 50% Reduction,Mongolia,MNG,2021-05-03,v8,TRUE
2021-07-17,cumulative_infections,138588.4,157709.31,178954.77,178954.77,200200.22,219321.13,Additional 50% Reduction,Mongolia,MNG,2021-05-03,v8,TRUE
2021-07-17,cumulative_deaths,258.47,286.19,316.99,316.99,347.78,375.5,Additional 50% Reduction,Mongolia,MNG,2021-05-03,v8,TRUE
2021-07-17,Rt,1.24,1.29,1.34,1.34,1.39,1.43,Additional 50% Reduction,Mongolia,MNG,2021-05-03,v8,TRUE
2021-07-17,Reff,1.05,1.08,1.11,1.11,1.14,1.17,Additional 50% Reduction,Mongolia,MNG,2021-05-03,v8,TRUE
2021-07-17,deaths,4.16,5.85,7.74,7.74,9.63,11.32,Maintain Status Quo,Mongolia,MNG,2021-05-03,v8,TRUE
2021-07-17,hospital_demand,203.89,281.67,368.08,368.08,454.5,532.28,Maintain Status Quo,Mongolia,MNG,2021-05-03,v8,TRUE
2021-07-17,ICU_demand,75.22,104.94,137.98,137.98,171.01,200.74,Maintain Status Quo,Mongolia,MNG,2021-05-03,v8,TRUE
2021-07-17,infections,3149.21,4074.1,5101.75,5101.75,6129.4,7054.28,Maintain Status Quo,Mongolia,MNG,2021-05-03,v8,TRUE
2021-07-17,prevalence,21410.29,27709.57,34708.76,34708.76,41707.96,48007.24,Maintain Status Quo,Mongolia,MNG,2021-05-03,v8,TRUE
2021-07-17,cumulative_infections,379768.36,489460.83,611341.36,611341.36,733221.88,842914.35,Maintain Status Quo,Mongolia,MNG,2021-05-03,v8,TRUE
2021-07-17,cumulative_deaths,472.73,584.97,709.67,709.67,834.38,946.61,Maintain Status Quo,Mongolia,MNG,2021-05-03,v8,TRUE
2021-07-17,Rt,1.24,1.29,1.34,1.34,1.39,1.43,Maintain Status Quo,Mongolia,MNG,2021-05-03,v8,TRUE
2021-07-17,Reff,0.85,0.87,0.89,0.89,0.91,0.93,Maintain Status Quo,Mongolia,MNG,2021-05-03,v8,TRUE
2021-07-17,deaths,17.83,19.7,21.78,21.78,23.86,25.73,Relax Interventions 50%,Mongolia,MNG,2021-05-03,v8,TRUE
2021-07-17,hospital_demand,718.53,852.39,1001.13,1001.13,1149.87,1283.74,Relax Interventions 50%,Mongolia,MNG,2021-05-03,v8,TRUE
2021-07-17,ICU_demand,272.56,298.13,326.54,326.54,354.95,380.52,Relax Interventions 50%,Mongolia,MNG,2021-05-03,v8,TRUE
2021-07-17,infections,4166.88,6156.38,8366.94,8366.94,10577.5,12567,Relax Interventions 50%,Mongolia,MNG,2021-05-03,v8,TRUE
2021-07-17,prevalence,29040.09,42484.01,57421.7,57421.7,72359.39,85803.32,Relax Interventions 50%,Mongolia,MNG,2021-05-03,v8,TRUE
2021-07-17,cumulative_infections,1573720.7,1684818.4,1808260.28,1808260.28,1931702.17,2042799.86,Relax Interventions 50%,Mongolia,MNG,2021-05-03,v8,TRUE
2021-07-17,cumulative_deaths,1922.37,2176.07,2457.97,2457.97,2739.86,2993.57,Relax Interventions 50%,Mongolia,MNG,2021-05-03,v8,TRUE
2021-07-17,Rt,1.24,1.29,1.34,1.34,1.39,1.43,Relax Interventions 50%,Mongolia,MNG,2021-05-03,v8,TRUE
2021-07-17,Reff,0.37,0.39,0.42,0.42,0.44,0.46,Relax Interventions 50%,Mongolia,MNG,2021-05-03,v8,TRUE
2021-07-17,deaths,0.03,0.05,0.08,0.08,0.1,0.12,Surged Additional 50% Reduction,Mongolia,MNG,2021-05-03,v8,TRUE
2021-07-17,hospital_demand,1.19,1.98,2.85,2.85,3.72,4.5,Surged Additional 50% Reduction,Mongolia,MNG,2021-05-03,v8,TRUE
2021-07-17,ICU_demand,0.71,1.1,1.53,1.53,1.97,2.35,Surged Additional 50% Reduction,Mongolia,MNG,2021-05-03,v8,TRUE
2021-07-17,infections,5.67,10.82,16.55,16.55,22.27,27.42,Surged Additional 50% Reduction,Mongolia,MNG,2021-05-03,v8,TRUE
2021-07-17,prevalence,40.12,75.89,115.64,115.64,155.38,191.15,Surged Additional 50% Reduction,Mongolia,MNG,2021-05-03,v8,TRUE
2021-07-17,cumulative_infections,138588.4,157709.31,178954.77,178954.77,200200.22,219321.13,Surged Additional 50% Reduction,Mongolia,MNG,2021-05-03,v8,TRUE
2021-07-17,cumulative_deaths,258.47,286.19,316.99,316.99,347.78,375.5,Surged Additional 50% Reduction,Mongolia,MNG,2021-05-03,v8,TRUE
2021-07-17,Rt,1.24,1.29,1.34,1.34,1.39,1.43,Surged Additional 50% Reduction,Mongolia,MNG,2021-05-03,v8,TRUE
2021-07-17,Reff,0.99,1.01,1.04,1.04,1.07,1.1,Surged Additional 50% Reduction,Mongolia,MNG,2021-05-03,v8,TRUE
2021-07-17,deaths,4.16,5.85,7.74,7.74,9.63,11.32,Surged Maintain Status Quo,Mongolia,MNG,2021-05-03,v8,TRUE
2021-07-17,hospital_demand,203.89,281.67,368.08,368.08,454.5,532.28,Surged Maintain Status Quo,Mongolia,MNG,2021-05-03,v8,TRUE
2021-07-17,ICU_demand,75.22,104.94,137.98,137.98,171.01,200.74,Surged Maintain Status Quo,Mongolia,MNG,2021-05-03,v8,TRUE
2021-07-17,infections,3149.21,4074.1,5101.75,5101.75,6129.4,7054.28,Surged Maintain Status Quo,Mongolia,MNG,2021-05-03,v8,TRUE
2021-07-17,prevalence,21410.29,27709.57,34708.76,34708.76,41707.96,48007.24,Surged Maintain Status Quo,Mongolia,MNG,2021-05-03,v8,TRUE
2021-07-17,cumulative_infections,379768.36,489460.83,611341.36,611341.36,733221.88,842914.35,Surged Maintain Status Quo,Mongolia,MNG,2021-05-03,v8,TRUE
2021-07-17,cumulative_deaths,472.73,584.97,709.67,709.67,834.38,946.61,Surged Maintain Status Quo,Mongolia,MNG,2021-05-03,v8,TRUE
2021-07-17,Rt,1.24,1.29,1.34,1.34,1.39,1.43,Surged Maintain Status Quo,Mongolia,MNG,2021-05-03,v8,TRUE
2021-07-17,Reff,0.78,0.8,0.82,0.82,0.85,0.87,Surged Maintain Status Quo,Mongolia,MNG,2021-05-03,v8,TRUE
2021-07-17,deaths,20.7,22.94,25.42,25.42,27.91,30.15,Surged Relax Interventions 50%,Mongolia,MNG,2021-05-03,v8,TRUE
2021-07-17,hospital_demand,738.26,872.96,1022.64,1022.64,1172.31,1307.01,Surged Relax Interventions 50%,Mongolia,MNG,2021-05-03,v8,TRUE
2021-07-17,ICU_demand,341.78,381.94,426.56,426.56,471.19,511.35,Surged Relax Interventions 50%,Mongolia,MNG,2021-05-03,v8,TRUE
2021-07-17,infections,4167.09,6156.63,8367.23,8367.23,10577.84,12567.38,Surged Relax Interventions 50%,Mongolia,MNG,2021-05-03,v8,TRUE
2021-07-17,prevalence,29130.49,42590.11,57545.26,57545.26,72500.4,85960.03,Surged Relax Interventions 50%,Mongolia,MNG,2021-05-03,v8,TRUE
2021-07-17,cumulative_infections,1573723.45,1684819.64,1808259.85,1808259.85,1931700.07,2042796.26,Surged Relax Interventions 50%,Mongolia,MNG,2021-05-03,v8,TRUE
2021-07-17,cumulative_deaths,1600.22,1785.23,1990.79,1990.79,2196.36,2381.37,Surged Relax Interventions 50%,Mongolia,MNG,2021-05-03,v8,TRUE
2021-07-17,Rt,1.24,1.29,1.34,1.34,1.39,1.43,Surged Relax Interventions 50%,Mongolia,MNG,2021-05-03,v8,TRUE
2021-07-17,Reff,0.31,0.33,0.35,0.35,0.37,0.4,Surged Relax Interventions 50%,Mongolia,MNG,2021-05-03,v8,TRUE
2021-07-18,deaths,0.03,0.05,0.07,0.07,0.09,0.11,Additional 50% Reduction,Mongolia,MNG,2021-05-03,v8,TRUE
2021-07-18,hospital_demand,1.1,1.83,2.65,2.65,3.46,4.19,Additional 50% Reduction,Mongolia,MNG,2021-05-03,v8,TRUE
2021-07-18,ICU_demand,0.65,1.02,1.42,1.42,1.83,2.19,Additional 50% Reduction,Mongolia,MNG,2021-05-03,v8,TRUE
2021-07-18,infections,5.21,10.02,15.36,15.36,20.7,25.5,Additional 50% Reduction,Mongolia,MNG,2021-05-03,v8,TRUE
2021-07-18,prevalence,36.85,70.24,107.33,107.33,144.42,177.8,Additional 50% Reduction,Mongolia,MNG,2021-05-03,v8,TRUE
2021-07-18,cumulative_infections,138593.61,157719.33,178970.12,178970.12,200220.92,219346.63,Additional 50% Reduction,Mongolia,MNG,2021-05-03,v8,TRUE
2021-07-18,cumulative_deaths,258.5,286.24,317.06,317.06,347.88,375.61,Additional 50% Reduction,Mongolia,MNG,2021-05-03,v8,TRUE
2021-07-18,Rt,1.24,1.29,1.34,1.34,1.39,1.43,Additional 50% Reduction,Mongolia,MNG,2021-05-03,v8,TRUE
2021-07-18,Reff,1.05,1.08,1.11,1.11,1.14,1.17,Additional 50% Reduction,Mongolia,MNG,2021-05-03,v8,TRUE
2021-07-18,deaths,4.14,5.81,7.66,7.66,9.52,11.19,Maintain Status Quo,Mongolia,MNG,2021-05-03,v8,TRUE
2021-07-18,hospital_demand,202.55,278.75,363.42,363.42,448.08,524.28,Maintain Status Quo,Mongolia,MNG,2021-05-03,v8,TRUE
2021-07-18,ICU_demand,74.79,104.01,136.48,136.48,168.96,198.18,Maintain Status Quo,Mongolia,MNG,2021-05-03,v8,TRUE
2021-07-18,infections,3116.32,4009.76,5002.47,5002.47,5995.18,6888.62,Maintain Status Quo,Mongolia,MNG,2021-05-03,v8,TRUE
2021-07-18,prevalence,21187.78,27274.45,34037.42,34037.42,40800.39,46887.06,Maintain Status Quo,Mongolia,MNG,2021-05-03,v8,TRUE
2021-07-18,cumulative_infections,382884.68,493470.59,616343.83,616343.83,739217.07,849802.98,Maintain Status Quo,Mongolia,MNG,2021-05-03,v8,TRUE
2021-07-18,cumulative_deaths,476.87,590.77,717.34,717.34,843.9,957.8,Maintain Status Quo,Mongolia,MNG,2021-05-03,v8,TRUE
2021-07-18,Rt,1.24,1.29,1.34,1.34,1.39,1.43,Maintain Status Quo,Mongolia,MNG,2021-05-03,v8,TRUE
2021-07-18,Reff,0.85,0.87,0.89,0.89,0.91,0.93,Maintain Status Quo,Mongolia,MNG,2021-05-03,v8,TRUE
2021-07-18,deaths,16.93,18.7,20.65,20.65,22.61,24.37,Relax Interventions 50%,Mongolia,MNG,2021-05-03,v8,TRUE
2021-07-18,hospital_demand,671.21,806.28,956.37,956.37,1106.45,1241.52,Relax Interventions 50%,Mongolia,MNG,2021-05-03,v8,TRUE
2021-07-18,ICU_demand,260.27,288.25,319.33,319.33,350.41,378.38,Relax Interventions 50%,Mongolia,MNG,2021-05-03,v8,TRUE
2021-07-18,infections,3836.78,5746.19,7867.77,7867.77,9989.34,11898.75,Relax Interventions 50%,Mongolia,MNG,2021-05-03,v8,TRUE
2021-07-18,prevalence,26761.41,39678.33,54030.46,54030.46,68382.59,81299.5,Relax Interventions 50%,Mongolia,MNG,2021-05-03,v8,TRUE
2021-07-18,cumulative_infections,1585619.46,1694807.74,1816128.05,1816128.05,1937448.36,2046636.64,Relax Interventions 50%,Mongolia,MNG,2021-05-03,v8,TRUE
2021-07-18,cumulative_deaths,1946.74,2198.68,2478.62,2478.62,2758.56,3010.5,Relax Interventions 50%,Mongolia,MNG,2021-05-03,v8,TRUE
2021-07-18,Rt,1.24,1.29,1.34,1.34,1.39,1.43,Relax Interventions 50%,Mongolia,MNG,2021-05-03,v8,TRUE
2021-07-18,Reff,0.37,0.39,0.41,0.41,0.44,0.46,Relax Interventions 50%,Mongolia,MNG,2021-05-03,v8,TRUE
2021-07-18,deaths,0.03,0.05,0.07,0.07,0.09,0.11,Surged Additional 50% Reduction,Mongolia,MNG,2021-05-03,v8,TRUE
2021-07-18,hospital_demand,1.1,1.83,2.65,2.65,3.46,4.19,Surged Additional 50% Reduction,Mongolia,MNG,2021-05-03,v8,TRUE
2021-07-18,ICU_demand,0.65,1.02,1.42,1.42,1.83,2.19,Surged Additional 50% Reduction,Mongolia,MNG,2021-05-03,v8,TRUE
2021-07-18,infections,5.21,10.02,15.36,15.36,20.7,25.5,Surged Additional 50% Reduction,Mongolia,MNG,2021-05-03,v8,TRUE
2021-07-18,prevalence,36.85,70.24,107.33,107.33,144.42,177.8,Surged Additional 50% Reduction,Mongolia,MNG,2021-05-03,v8,TRUE
2021-07-18,cumulative_infections,138593.61,157719.33,178970.12,178970.12,200220.92,219346.63,Surged Additional 50% Reduction,Mongolia,MNG,2021-05-03,v8,TRUE
2021-07-18,cumulative_deaths,258.5,286.24,317.06,317.06,347.88,375.61,Surged Additional 50% Reduction,Mongolia,MNG,2021-05-03,v8,TRUE
2021-07-18,Rt,1.24,1.29,1.34,1.34,1.39,1.43,Surged Additional 50% Reduction,Mongolia,MNG,2021-05-03,v8,TRUE
2021-07-18,Reff,0.99,1.01,1.04,1.04,1.07,1.1,Surged Additional 50% Reduction,Mongolia,MNG,2021-05-03,v8,TRUE
2021-07-18,deaths,4.14,5.81,7.66,7.66,9.52,11.19,Surged Maintain Status Quo,Mongolia,MNG,2021-05-03,v8,TRUE
2021-07-18,hospital_demand,202.55,278.75,363.42,363.42,448.08,524.28,Surged Maintain Status Quo,Mongolia,MNG,2021-05-03,v8,TRUE
2021-07-18,ICU_demand,74.79,104.01,136.48,136.48,168.96,198.18,Surged Maintain Status Quo,Mongolia,MNG,2021-05-03,v8,TRUE
2021-07-18,infections,3116.32,4009.76,5002.47,5002.47,5995.18,6888.62,Surged Maintain Status Quo,Mongolia,MNG,2021-05-03,v8,TRUE
2021-07-18,prevalence,21187.78,27274.45,34037.42,34037.42,40800.39,46887.06,Surged Maintain Status Quo,Mongolia,MNG,2021-05-03,v8,TRUE
2021-07-18,cumulative_infections,382884.68,493470.59,616343.83,616343.83,739217.07,849802.98,Surged Maintain Status Quo,Mongolia,MNG,2021-05-03,v8,TRUE
2021-07-18,cumulative_deaths,476.87,590.77,717.34,717.34,843.9,957.8,Surged Maintain Status Quo,Mongolia,MNG,2021-05-03,v8,TRUE
2021-07-18,Rt,1.24,1.29,1.34,1.34,1.39,1.43,Surged Maintain Status Quo,Mongolia,MNG,2021-05-03,v8,TRUE
2021-07-18,Reff,0.77,0.8,0.82,0.82,0.85,0.87,Surged Maintain Status Quo,Mongolia,MNG,2021-05-03,v8,TRUE
2021-07-18,deaths,19.47,21.82,24.44,24.44,27.05,29.4,Surged Relax Interventions 50%,Mongolia,MNG,2021-05-03,v8,TRUE
2021-07-18,hospital_demand,689.23,825.33,976.54,976.54,1127.75,1263.84,Surged Relax Interventions 50%,Mongolia,MNG,2021-05-03,v8,TRUE
2021-07-18,ICU_demand,322.01,363.63,409.87,409.87,456.12,497.74,Surged Relax Interventions 50%,Mongolia,MNG,2021-05-03,v8,TRUE
2021-07-18,infections,3837,5746.46,7868.08,7868.08,9989.7,11899.16,Surged Relax Interventions 50%,Mongolia,MNG,2021-05-03,v8,TRUE
2021-07-18,prevalence,26842.77,39774.53,54143.14,54143.14,68511.75,81443.5,Surged Relax Interventions 50%,Mongolia,MNG,2021-05-03,v8,TRUE
2021-07-18,cumulative_infections,1585622.61,1694809.34,1816127.93,1816127.93,1937446.53,2046633.26,Surged Relax Interventions 50%,Mongolia,MNG,2021-05-03,v8,TRUE
2021-07-18,cumulative_deaths,1629.62,1812.28,2015.23,2015.23,2218.18,2400.83,Surged Relax Interventions 50%,Mongolia,MNG,2021-05-03,v8,TRUE
2021-07-18,Rt,1.24,1.29,1.34,1.34,1.39,1.43,Surged Relax Interventions 50%,Mongolia,MNG,2021-05-03,v8,TRUE
2021-07-18,Reff,0.31,0.33,0.35,0.35,0.37,0.39,Surged Relax Interventions 50%,Mongolia,MNG,2021-05-03,v8,TRUE
2021-07-19,deaths,0.03,0.05,0.07,0.07,0.09,0.1,Additional 50% Reduction,Mongolia,MNG,2021-05-03,v8,TRUE
2021-07-19,hospital_demand,1.01,1.69,2.46,2.46,3.22,3.9,Additional 50% Reduction,Mongolia,MNG,2021-05-03,v8,TRUE
2021-07-19,ICU_demand,0.6,0.94,1.32,1.32,1.7,2.04,Additional 50% Reduction,Mongolia,MNG,2021-05-03,v8,TRUE
2021-07-19,infections,4.79,9.27,14.25,14.25,19.24,23.72,Additional 50% Reduction,Mongolia,MNG,2021-05-03,v8,TRUE
2021-07-19,prevalence,33.86,65.01,99.62,99.62,134.23,165.38,Additional 50% Reduction,Mongolia,MNG,2021-05-03,v8,TRUE
2021-07-19,cumulative_infections,138598.4,157728.6,178984.38,178984.38,200240.16,219370.36,Additional 50% Reduction,Mongolia,MNG,2021-05-03,v8,TRUE
2021-07-19,cumulative_deaths,258.53,286.28,317.12,317.12,347.96,375.72,Additional 50% Reduction,Mongolia,MNG,2021-05-03,v8,TRUE
2021-07-19,Rt,1.24,1.29,1.34,1.34,1.39,1.43,Additional 50% Reduction,Mongolia,MNG,2021-05-03,v8,TRUE
2021-07-19,Reff,1.05,1.08,1.11,1.11,1.14,1.17,Additional 50% Reduction,Mongolia,MNG,2021-05-03,v8,TRUE
2021-07-19,deaths,4.11,5.76,7.58,7.58,9.41,11.05,Maintain Status Quo,Mongolia,MNG,2021-05-03,v8,TRUE
2021-07-19,hospital_demand,201.17,275.77,358.65,358.65,441.53,516.13,Maintain Status Quo,Mongolia,MNG,2021-05-03,v8,TRUE
2021-07-19,ICU_demand,74.34,103.05,134.95,134.95,166.85,195.55,Maintain Status Quo,Mongolia,MNG,2021-05-03,v8,TRUE
2021-07-19,infections,3083.27,3945.57,4903.68,4903.68,5861.8,6724.1,Maintain Status Quo,Mongolia,MNG,2021-05-03,v8,TRUE
2021-07-19,prevalence,20964.18,26840.23,33369.17,33369.17,39898.11,45774.16,Maintain Status Quo,Mongolia,MNG,2021-05-03,v8,TRUE
2021-07-19,cumulative_infections,385967.95,497416.17,621247.51,621247.51,745078.86,856527.07,Maintain Status Quo,Mongolia,MNG,2021-05-03,v8,TRUE
2021-07-19,cumulative_deaths,480.98,596.53,724.92,724.92,853.31,968.85,Maintain Status Quo,Mongolia,MNG,2021-05-03,v8,TRUE
2021-07-19,Rt,1.24,1.29,1.34,1.34,1.39,1.43,Maintain Status Quo,Mongolia,MNG,2021-05-03,v8,TRUE
2021-07-19,Reff,0.85,0.87,0.89,0.89,0.91,0.93,Maintain Status Quo,Mongolia,MNG,2021-05-03,v8,TRUE
2021-07-19,deaths,16.07,17.85,19.84,19.84,21.83,23.62,Relax Interventions 50%,Mongolia,MNG,2021-05-03,v8,TRUE
2021-07-19,hospital_demand,626.49,762.08,912.75,912.75,1063.41,1199.01,Relax Interventions 50%,Mongolia,MNG,2021-05-03,v8,TRUE
2021-07-19,ICU_demand,248.07,278.25,311.79,311.79,345.33,375.52,Relax Interventions 50%,Mongolia,MNG,2021-05-03,v8,TRUE
2021-07-19,infections,3532.76,5362.15,7394.82,7394.82,9427.48,11256.88,Relax Interventions 50%,Mongolia,MNG,2021-05-03,v8,TRUE
2021-07-19,prevalence,24660.2,37049.22,50814.81,50814.81,64580.39,76969.42,Relax Interventions 50%,Mongolia,MNG,2021-05-03,v8,TRUE
2021-07-19,cumulative_infections,1596876.34,1704235.22,1823522.87,1823522.87,1942810.52,2050169.4,Relax Interventions 50%,Mongolia,MNG,2021-05-03,v8,TRUE
2021-07-19,cumulative_deaths,1970.35,2220.51,2498.46,2498.46,2776.41,3026.57,Relax Interventions 50%,Mongolia,MNG,2021-05-03,v8,TRUE
2021-07-19,Rt,1.24,1.29,1.34,1.34,1.39,1.43,Relax Interventions 50%,Mongolia,MNG,2021-05-03,v8,TRUE
2021-07-19,Reff,0.37,0.39,0.41,0.41,0.44,0.46,Relax Interventions 50%,Mongolia,MNG,2021-05-03,v8,TRUE
2021-07-19,deaths,0.03,0.05,0.07,0.07,0.09,0.1,Surged Additional 50% Reduction,Mongolia,MNG,2021-05-03,v8,TRUE
2021-07-19,hospital_demand,1.01,1.69,2.46,2.46,3.22,3.9,Surged Additional 50% Reduction,Mongolia,MNG,2021-05-03,v8,TRUE
2021-07-19,ICU_demand,0.6,0.94,1.32,1.32,1.7,2.04,Surged Additional 50% Reduction,Mongolia,MNG,2021-05-03,v8,TRUE
2021-07-19,infections,4.79,9.27,14.25,14.25,19.24,23.72,Surged Additional 50% Reduction,Mongolia,MNG,2021-05-03,v8,TRUE
2021-07-19,prevalence,33.86,65.01,99.62,99.62,134.23,165.38,Surged Additional 50% Reduction,Mongolia,MNG,2021-05-03,v8,TRUE
2021-07-19,cumulative_infections,138598.4,157728.6,178984.38,178984.38,200240.16,219370.36,Surged Additional 50% Reduction,Mongolia,MNG,2021-05-03,v8,TRUE
2021-07-19,cumulative_deaths,258.53,286.28,317.12,317.12,347.96,375.72,Surged Additional 50% Reduction,Mongolia,MNG,2021-05-03,v8,TRUE
2021-07-19,Rt,1.24,1.29,1.34,1.34,1.39,1.43,Surged Additional 50% Reduction,Mongolia,MNG,2021-05-03,v8,TRUE
2021-07-19,Reff,0.99,1.01,1.04,1.04,1.07,1.1,Surged Additional 50% Reduction,Mongolia,MNG,2021-05-03,v8,TRUE
2021-07-19,deaths,4.11,5.76,7.58,7.58,9.41,11.05,Surged Maintain Status Quo,Mongolia,MNG,2021-05-03,v8,TRUE
2021-07-19,hospital_demand,201.17,275.77,358.65,358.65,441.53,516.13,Surged Maintain Status Quo,Mongolia,MNG,2021-05-03,v8,TRUE
2021-07-19,ICU_demand,74.34,103.05,134.95,134.95,166.85,195.55,Surged Maintain Status Quo,Mongolia,MNG,2021-05-03,v8,TRUE
2021-07-19,infections,3083.27,3945.57,4903.68,4903.68,5861.8,6724.1,Surged Maintain Status Quo,Mongolia,MNG,2021-05-03,v8,TRUE
2021-07-19,prevalence,20964.18,26840.23,33369.17,33369.17,39898.11,45774.16,Surged Maintain Status Quo,Mongolia,MNG,2021-05-03,v8,TRUE
2021-07-19,cumulative_infections,385967.95,497416.17,621247.51,621247.51,745078.86,856527.07,Surged Maintain Status Quo,Mongolia,MNG,2021-05-03,v8,TRUE
2021-07-19,cumulative_deaths,480.98,596.53,724.92,724.92,853.31,968.85,Surged Maintain Status Quo,Mongolia,MNG,2021-05-03,v8,TRUE
2021-07-19,Rt,1.24,1.29,1.34,1.34,1.39,1.43,Surged Maintain Status Quo,Mongolia,MNG,2021-05-03,v8,TRUE
2021-07-19,Reff,0.77,0.79,0.82,0.82,0.84,0.87,Surged Maintain Status Quo,Mongolia,MNG,2021-05-03,v8,TRUE
2021-07-19,deaths,18.29,20.74,23.46,23.46,26.18,28.63,Surged Relax Interventions 50%,Mongolia,MNG,2021-05-03,v8,TRUE
2021-07-19,hospital_demand,642.92,779.67,931.61,931.61,1083.54,1220.29,Surged Relax Interventions 50%,Mongolia,MNG,2021-05-03,v8,TRUE
2021-07-19,ICU_demand,303.08,345.88,393.43,393.43,440.98,483.77,Surged Relax Interventions 50%,Mongolia,MNG,2021-05-03,v8,TRUE
2021-07-19,infections,3533,5362.42,7395.11,7395.11,9427.79,11257.21,Surged Relax Interventions 50%,Mongolia,MNG,2021-05-03,v8,TRUE
2021-07-19,prevalence,24733.43,37136.28,50917.23,50917.23,64698.18,77101.03,Surged Relax Interventions 50%,Mongolia,MNG,2021-05-03,v8,TRUE
2021-07-19,cumulative_infections,1596879.82,1704237.13,1823523.04,1823523.04,1942808.95,2050166.27,Surged Relax Interventions 50%,Mongolia,MNG,2021-05-03,v8,TRUE
2021-07-19,cumulative_deaths,1658.25,1838.46,2038.68,2038.68,2238.91,2419.12,Surged Relax Interventions 50%,Mongolia,MNG,2021-05-03,v8,TRUE
2021-07-19,Rt,1.24,1.29,1.34,1.34,1.39,1.43,Surged Relax Interventions 50%,Mongolia,MNG,2021-05-03,v8,TRUE
2021-07-19,Reff,0.31,0.33,0.35,0.35,0.37,0.39,Surged Relax Interventions 50%,Mongolia,MNG,2021-05-03,v8,TRUE
2021-07-20,deaths,0.03,0.04,0.06,0.06,0.08,0.1,Additional 50% Reduction,Mongolia,MNG,2021-05-03,v8,TRUE
2021-07-20,hospital_demand,0.93,1.57,2.28,2.28,2.99,3.63,Additional 50% Reduction,Mongolia,MNG,2021-05-03,v8,TRUE
2021-07-20,ICU_demand,0.55,0.87,1.23,1.23,1.58,1.9,Additional 50% Reduction,Mongolia,MNG,2021-05-03,v8,TRUE
2021-07-20,infections,4.4,8.58,13.23,13.23,17.88,22.07,Additional 50% Reduction,Mongolia,MNG,2021-05-03,v8,TRUE
2021-07-20,prevalence,31.1,60.17,92.47,92.47,124.77,153.83,Additional 50% Reduction,Mongolia,MNG,2021-05-03,v8,TRUE
2021-07-20,cumulative_infections,138602.8,157737.18,178997.61,178997.61,200258.04,219392.42,Additional 50% Reduction,Mongolia,MNG,2021-05-03,v8,TRUE
2021-07-20,cumulative_deaths,258.55,286.33,317.19,317.19,348.04,375.82,Additional 50% Reduction,Mongolia,MNG,2021-05-03,v8,TRUE
2021-07-20,Rt,1.24,1.29,1.34,1.34,1.39,1.43,Additional 50% Reduction,Mongolia,MNG,2021-05-03,v8,TRUE
2021-07-20,Reff,1.05,1.07,1.11,1.11,1.14,1.17,Additional 50% Reduction,Mongolia,MNG,2021-05-03,v8,TRUE
2021-07-20,deaths,4.09,5.71,7.5,7.5,9.29,10.91,Maintain Status Quo,Mongolia,MNG,2021-05-03,v8,TRUE
2021-07-20,hospital_demand,199.77,272.73,353.8,353.8,434.87,507.83,Maintain Status Quo,Mongolia,MNG,2021-05-03,v8,TRUE
2021-07-20,ICU_demand,73.89,102.07,133.37,133.37,164.68,192.85,Maintain Status Quo,Mongolia,MNG,2021-05-03,v8,TRUE
2021-07-20,infections,3050.1,3881.6,4805.49,4805.49,5729.39,6560.89,Maintain Status Quo,Mongolia,MNG,2021-05-03,v8,TRUE
2021-07-20,prevalence,20739.64,26407.36,32704.84,32704.84,39002.31,44670.03,Maintain Status Quo,Mongolia,MNG,2021-05-03,v8,TRUE
2021-07-20,cumulative_infections,389018.05,501297.77,626053.01,626053.01,750808.25,863087.96,Maintain Status Quo,Mongolia,MNG,2021-05-03,v8,TRUE
2021-07-20,cumulative_deaths,485.08,602.24,732.42,732.42,862.6,979.76,Maintain Status Quo,Mongolia,MNG,2021-05-03,v8,TRUE
2021-07-20,Rt,1.24,1.29,1.34,1.34,1.39,1.43,Maintain Status Quo,Mongolia,MNG,2021-05-03,v8,TRUE
2021-07-20,Reff,0.85,0.87,0.89,0.89,0.91,0.93,Maintain Status Quo,Mongolia,MNG,2021-05-03,v8,TRUE
2021-07-20,deaths,15.22,17.11,19.2,19.2,21.3,23.19,Relax Interventions 50%,Mongolia,MNG,2021-05-03,v8,TRUE
2021-07-20,hospital_demand,584.29,719.79,870.34,870.34,1020.9,1156.39,Relax Interventions 50%,Mongolia,MNG,2021-05-03,v8,TRUE
2021-07-20,ICU_demand,236,268.13,303.83,303.83,339.52,371.65,Relax Interventions 50%,Mongolia,MNG,2021-05-03,v8,TRUE
2021-07-20,infections,3252.86,5002.82,6947.21,6947.21,8891.61,10641.56,Relax Interventions 50%,Mongolia,MNG,2021-05-03,v8,TRUE
2021-07-20,prevalence,22723.54,34587.09,47768.83,47768.83,60950.56,72814.12,Relax Interventions 50%,Mongolia,MNG,2021-05-03,v8,TRUE
2021-07-20,cumulative_infections,1607517.9,1713126.83,1830470.08,1830470.08,1947813.33,2053422.26,Relax Interventions 50%,Mongolia,MNG,2021-05-03,v8,TRUE
2021-07-20,cumulative_deaths,1993.54,2241.81,2517.67,2517.67,2793.52,3041.79,Relax Interventions 50%,Mongolia,MNG,2021-05-03,v8,TRUE
2021-07-20,Rt,1.24,1.29,1.34,1.34,1.39,1.43,Relax Interventions 50%,Mongolia,MNG,2021-05-03,v8,TRUE
2021-07-20,Reff,0.37,0.39,0.41,0.41,0.43,0.45,Relax Interventions 50%,Mongolia,MNG,2021-05-03,v8,TRUE
2021-07-20,deaths,0.03,0.04,0.06,0.06,0.08,0.1,Surged Additional 50% Reduction,Mongolia,MNG,2021-05-03,v8,TRUE
2021-07-20,hospital_demand,0.93,1.57,2.28,2.28,2.99,3.63,Surged Additional 50% Reduction,Mongolia,MNG,2021-05-03,v8,TRUE
2021-07-20,ICU_demand,0.55,0.87,1.23,1.23,1.58,1.9,Surged Additional 50% Reduction,Mongolia,MNG,2021-05-03,v8,TRUE
2021-07-20,infections,4.4,8.58,13.23,13.23,17.88,22.07,Surged Additional 50% Reduction,Mongolia,MNG,2021-05-03,v8,TRUE
2021-07-20,prevalence,31.1,60.17,92.47,92.47,124.77,153.83,Surged Additional 50% Reduction,Mongolia,MNG,2021-05-03,v8,TRUE
2021-07-20,cumulative_infections,138602.8,157737.18,178997.61,178997.61,200258.04,219392.42,Surged Additional 50% Reduction,Mongolia,MNG,2021-05-03,v8,TRUE
2021-07-20,cumulative_deaths,258.55,286.33,317.19,317.19,348.04,375.82,Surged Additional 50% Reduction,Mongolia,MNG,2021-05-03,v8,TRUE
2021-07-20,Rt,1.24,1.29,1.34,1.34,1.39,1.43,Surged Additional 50% Reduction,Mongolia,MNG,2021-05-03,v8,TRUE
2021-07-20,Reff,0.99,1.01,1.04,1.04,1.07,1.1,Surged Additional 50% Reduction,Mongolia,MNG,2021-05-03,v8,TRUE
2021-07-20,deaths,4.09,5.71,7.5,7.5,9.29,10.91,Surged Maintain Status Quo,Mongolia,MNG,2021-05-03,v8,TRUE
2021-07-20,hospital_demand,199.77,272.73,353.8,353.8,434.87,507.83,Surged Maintain Status Quo,Mongolia,MNG,2021-05-03,v8,TRUE
2021-07-20,ICU_demand,73.89,102.07,133.37,133.37,164.68,192.85,Surged Maintain Status Quo,Mongolia,MNG,2021-05-03,v8,TRUE
2021-07-20,infections,3050.1,3881.6,4805.49,4805.49,5729.39,6560.89,Surged Maintain Status Quo,Mongolia,MNG,2021-05-03,v8,TRUE
2021-07-20,prevalence,20739.64,26407.36,32704.84,32704.84,39002.31,44670.03,Surged Maintain Status Quo,Mongolia,MNG,2021-05-03,v8,TRUE
2021-07-20,cumulative_infections,389018.05,501297.77,626053.01,626053.01,750808.25,863087.96,Surged Maintain Status Quo,Mongolia,MNG,2021-05-03,v8,TRUE
2021-07-20,cumulative_deaths,485.08,602.24,732.42,732.42,862.6,979.76,Surged Maintain Status Quo,Mongolia,MNG,2021-05-03,v8,TRUE
2021-07-20,Rt,1.24,1.29,1.34,1.34,1.39,1.43,Surged Maintain Status Quo,Mongolia,MNG,2021-05-03,v8,TRUE
2021-07-20,Reff,0.77,0.79,0.82,0.82,0.84,0.87,Surged Maintain Status Quo,Mongolia,MNG,2021-05-03,v8,TRUE
2021-07-20,deaths,17.16,19.69,22.49,22.49,25.3,27.83,Surged Relax Interventions 50%,Mongolia,MNG,2021-05-03,v8,TRUE
2021-07-20,hospital_demand,599.26,735.99,887.91,887.91,1039.83,1176.56,Surged Relax Interventions 50%,Mongolia,MNG,2021-05-03,v8,TRUE
2021-07-20,ICU_demand,284.99,328.7,377.26,377.26,425.82,469.53,Surged Relax Interventions 50%,Mongolia,MNG,2021-05-03,v8,TRUE
2021-07-20,infections,3253.13,5003.1,6947.5,6947.5,8891.9,10641.87,Surged Relax Interventions 50%,Mongolia,MNG,2021-05-03,v8,TRUE
2021-07-20,prevalence,22789.4,34665.82,47861.83,47861.83,61057.84,72934.26,Surged Relax Interventions 50%,Mongolia,MNG,2021-05-03,v8,TRUE
2021-07-20,cumulative_infections,1607521.68,1713129.04,1830470.54,1830470.54,1947812.05,2053419.4,Surged Relax Interventions 50%,Mongolia,MNG,2021-05-03,v8,TRUE
2021-07-20,cumulative_deaths,1686.08,1863.76,2061.18,2061.18,2258.6,2436.28,Surged Relax Interventions 50%,Mongolia,MNG,2021-05-03,v8,TRUE
2021-07-20,Rt,1.24,1.29,1.34,1.34,1.39,1.43,Surged Relax Interventions 50%,Mongolia,MNG,2021-05-03,v8,TRUE
2021-07-20,Reff,0.31,0.33,0.35,0.35,0.37,0.39,Surged Relax Interventions 50%,Mongolia,MNG,2021-05-03,v8,TRUE
2021-07-21,deaths,0.02,0.04,0.06,0.06,0.07,0.09,Additional 50% Reduction,Mongolia,MNG,2021-05-03,v8,TRUE
2021-07-21,hospital_demand,0.85,1.45,2.12,2.12,2.78,3.38,Additional 50% Reduction,Mongolia,MNG,2021-05-03,v8,TRUE
2021-07-21,ICU_demand,0.51,0.81,1.14,1.14,1.47,1.77,Additional 50% Reduction,Mongolia,MNG,2021-05-03,v8,TRUE
2021-07-21,infections,4.04,7.94,12.28,12.28,16.62,20.53,Additional 50% Reduction,Mongolia,MNG,2021-05-03,v8,TRUE
2021-07-21,prevalence,28.57,55.7,85.84,85.84,115.97,143.1,Additional 50% Reduction,Mongolia,MNG,2021-05-03,v8,TRUE
2021-07-21,cumulative_infections,138606.84,157745.13,179009.89,179009.89,200274.66,219412.95,Additional 50% Reduction,Mongolia,MNG,2021-05-03,v8,TRUE
2021-07-21,cumulative_deaths,258.58,286.37,317.24,317.24,348.12,375.91,Additional 50% Reduction,Mongolia,MNG,2021-05-03,v8,TRUE
2021-07-21,Rt,1.24,1.29,1.34,1.34,1.39,1.43,Additional 50% Reduction,Mongolia,MNG,2021-05-03,v8,TRUE
2021-07-21,Reff,1.04,1.07,1.1,1.1,1.14,1.16,Additional 50% Reduction,Mongolia,MNG,2021-05-03,v8,TRUE
2021-07-21,deaths,4.07,5.65,7.41,7.41,9.18,10.76,Maintain Status Quo,Mongolia,MNG,2021-05-03,v8,TRUE
2021-07-21,hospital_demand,198.34,269.64,348.87,348.87,428.09,499.4,Maintain Status Quo,Mongolia,MNG,2021-05-03,v8,TRUE
2021-07-21,ICU_demand,73.43,101.06,131.76,131.76,162.46,190.09,Maintain Status Quo,Mongolia,MNG,2021-05-03,v8,TRUE
2021-07-21,infections,3016.8,3817.9,4708,4708,5598.11,6399.21,Maintain Status Quo,Mongolia,MNG,2021-05-03,v8,TRUE
2021-07-21,prevalence,20514.25,25976.24,32045.11,32045.11,38113.99,43575.97,Maintain Status Quo,Mongolia,MNG,2021-05-03,v8,TRUE
2021-07-21,cumulative_infections,392034.85,505115.66,630761.01,630761.01,756406.36,869487.17,Maintain Status Quo,Mongolia,MNG,2021-05-03,v8,TRUE
2021-07-21,cumulative_deaths,489.14,607.89,739.83,739.83,871.78,990.52,Maintain Status Quo,Mongolia,MNG,2021-05-03,v8,TRUE
2021-07-21,Rt,1.24,1.29,1.34,1.34,1.39,1.43,Maintain Status Quo,Mongolia,MNG,2021-05-03,v8,TRUE
2021-07-21,Reff,0.84,0.86,0.88,0.88,0.91,0.93,Maintain Status Quo,Mongolia,MNG,2021-05-03,v8,TRUE
2021-07-21,deaths,14.4,16.39,18.6,18.6,20.82,22.81,Relax Interventions 50%,Mongolia,MNG,2021-05-03,v8,TRUE
2021-07-21,hospital_demand,544.55,679.38,829.19,829.19,979,1113.83,Relax Interventions 50%,Mongolia,MNG,2021-05-03,v8,TRUE
2021-07-21,ICU_demand,224.14,257.92,295.46,295.46,333,366.78,Relax Interventions 50%,Mongolia,MNG,2021-05-03,v8,TRUE
2021-07-21,infections,2995.27,4666.79,6524.02,6524.02,8381.26,10052.78,Relax Interventions 50%,Mongolia,MNG,2021-05-03,v8,TRUE
2021-07-21,prevalence,20939.22,32282.77,44886.71,44886.71,57490.65,68834.19,Relax Interventions 50%,Mongolia,MNG,2021-05-03,v8,TRUE
2021-07-21,cumulative_infections,1617570.68,1721508.09,1836994.1,1836994.1,1952480.12,2056417.53,Relax Interventions 50%,Mongolia,MNG,2021-05-03,v8,TRUE
2021-07-21,cumulative_deaths,2016.35,2262.63,2536.27,2536.27,2809.91,3056.19,Relax Interventions 50%,Mongolia,MNG,2021-05-03,v8,TRUE
2021-07-21,Rt,1.24,1.29,1.34,1.34,1.39,1.43,Relax Interventions 50%,Mongolia,MNG,2021-05-03,v8,TRUE
2021-07-21,Reff,0.37,0.39,0.41,0.41,0.43,0.45,Relax Interventions 50%,Mongolia,MNG,2021-05-03,v8,TRUE
2021-07-21,deaths,0.02,0.04,0.06,0.06,0.07,0.09,Surged Additional 50% Reduction,Mongolia,MNG,2021-05-03,v8,TRUE
2021-07-21,hospital_demand,0.85,1.45,2.12,2.12,2.78,3.38,Surged Additional 50% Reduction,Mongolia,MNG,2021-05-03,v8,TRUE
2021-07-21,ICU_demand,0.51,0.81,1.14,1.14,1.47,1.77,Surged Additional 50% Reduction,Mongolia,MNG,2021-05-03,v8,TRUE
2021-07-21,infections,4.04,7.94,12.28,12.28,16.62,20.53,Surged Additional 50% Reduction,Mongolia,MNG,2021-05-03,v8,TRUE
2021-07-21,prevalence,28.57,55.7,85.84,85.84,115.97,143.1,Surged Additional 50% Reduction,Mongolia,MNG,2021-05-03,v8,TRUE
2021-07-21,cumulative_infections,138606.84,157745.13,179009.89,179009.89,200274.66,219412.95,Surged Additional 50% Reduction,Mongolia,MNG,2021-05-03,v8,TRUE
2021-07-21,cumulative_deaths,258.58,286.37,317.24,317.24,348.12,375.91,Surged Additional 50% Reduction,Mongolia,MNG,2021-05-03,v8,TRUE
2021-07-21,Rt,1.24,1.29,1.34,1.34,1.39,1.43,Surged Additional 50% Reduction,Mongolia,MNG,2021-05-03,v8,TRUE
2021-07-21,Reff,0.99,1.01,1.04,1.04,1.07,1.1,Surged Additional 50% Reduction,Mongolia,MNG,2021-05-03,v8,TRUE
2021-07-21,deaths,4.07,5.65,7.41,7.41,9.18,10.76,Surged Maintain Status Quo,Mongolia,MNG,2021-05-03,v8,TRUE
2021-07-21,hospital_demand,198.34,269.64,348.87,348.87,428.09,499.4,Surged Maintain Status Quo,Mongolia,MNG,2021-05-03,v8,TRUE
2021-07-21,ICU_demand,73.43,101.06,131.76,131.76,162.46,190.09,Surged Maintain Status Quo,Mongolia,MNG,2021-05-03,v8,TRUE
2021-07-21,infections,3016.8,3817.9,4708,4708,5598.11,6399.21,Surged Maintain Status Quo,Mongolia,MNG,2021-05-03,v8,TRUE
2021-07-21,prevalence,20514.25,25976.24,32045.11,32045.11,38113.99,43575.97,Surged Maintain Status Quo,Mongolia,MNG,2021-05-03,v8,TRUE
2021-07-21,cumulative_infections,392034.85,505115.66,630761.01,630761.01,756406.36,869487.17,Surged Maintain Status Quo,Mongolia,MNG,2021-05-03,v8,TRUE
2021-07-21,cumulative_deaths,489.14,607.89,739.83,739.83,871.78,990.52,Surged Maintain Status Quo,Mongolia,MNG,2021-05-03,v8,TRUE
2021-07-21,Rt,1.24,1.29,1.34,1.34,1.39,1.43,Surged Maintain Status Quo,Mongolia,MNG,2021-05-03,v8,TRUE
2021-07-21,Reff,0.77,0.79,0.82,0.82,0.84,0.87,Surged Maintain Status Quo,Mongolia,MNG,2021-05-03,v8,TRUE
2021-07-21,deaths,16.08,18.67,21.55,21.55,24.42,27.01,Surged Relax Interventions 50%,Mongolia,MNG,2021-05-03,v8,TRUE
2021-07-21,hospital_demand,558.15,694.26,845.5,845.5,996.73,1132.84,Surged Relax Interventions 50%,Mongolia,MNG,2021-05-03,v8,TRUE
2021-07-21,ICU_demand,267.74,312.11,361.4,361.4,410.7,455.07,Surged Relax Interventions 50%,Mongolia,MNG,2021-05-03,v8,TRUE
2021-07-21,infections,2995.57,4667.08,6524.32,6524.32,8381.56,10053.07,Surged Relax Interventions 50%,Mongolia,MNG,2021-05-03,v8,TRUE
2021-07-21,prevalence,20998.32,32353.74,44970.88,44970.88,57588.01,68943.44,Surged Relax Interventions 50%,Mongolia,MNG,2021-05-03,v8,TRUE
2021-07-21,cumulative_infections,1617574.75,1721510.59,1836994.86,1836994.86,1952479.13,2056414.97,Surged Relax Interventions 50%,Mongolia,MNG,2021-05-03,v8,TRUE
2021-07-21,cumulative_deaths,1713.09,1888.18,2082.73,2082.73,2277.27,2452.36,Surged Relax Interventions 50%,Mongolia,MNG,2021-05-03,v8,TRUE
2021-07-21,Rt,1.24,1.29,1.34,1.34,1.39,1.43,Surged Relax Interventions 50%,Mongolia,MNG,2021-05-03,v8,TRUE
2021-07-21,Reff,0.31,0.33,0.35,0.35,0.37,0.39,Surged Relax Interventions 50%,Mongolia,MNG,2021-05-03,v8,TRUE
2021-07-22,deaths,0.02,0.04,0.05,0.05,0.07,0.08,Additional 50% Reduction,Mongolia,MNG,2021-05-03,v8,TRUE
2021-07-22,hospital_demand,0.78,1.34,1.97,1.97,2.59,3.15,Additional 50% Reduction,Mongolia,MNG,2021-05-03,v8,TRUE
2021-07-22,ICU_demand,0.47,0.75,1.06,1.06,1.37,1.65,Additional 50% Reduction,Mongolia,MNG,2021-05-03,v8,TRUE
2021-07-22,infections,3.71,7.35,11.4,11.4,15.45,19.09,Additional 50% Reduction,Mongolia,MNG,2021-05-03,v8,TRUE
2021-07-22,prevalence,26.25,51.56,79.69,79.69,107.81,133.12,Additional 50% Reduction,Mongolia,MNG,2021-05-03,v8,TRUE
2021-07-22,cumulative_infections,138610.55,157752.48,179021.3,179021.3,200290.11,219432.04,Additional 50% Reduction,Mongolia,MNG,2021-05-03,v8,TRUE
2021-07-22,cumulative_deaths,258.6,286.4,317.3,317.3,348.19,375.99,Additional 50% Reduction,Mongolia,MNG,2021-05-03,v8,TRUE
2021-07-22,Rt,1.24,1.29,1.34,1.34,1.39,1.43,Additional 50% Reduction,Mongolia,MNG,2021-05-03,v8,TRUE
2021-07-22,Reff,1.04,1.07,1.1,1.1,1.13,1.16,Additional 50% Reduction,Mongolia,MNG,2021-05-03,v8,TRUE
2021-07-22,deaths,4.04,5.6,7.33,7.33,9.06,10.61,Maintain Status Quo,Mongolia,MNG,2021-05-03,v8,TRUE
2021-07-22,hospital_demand,196.88,266.51,343.87,343.87,421.23,490.85,Maintain Status Quo,Mongolia,MNG,2021-05-03,v8,TRUE
2021-07-22,ICU_demand,72.95,100.03,130.11,130.11,160.19,187.27,Maintain Status Quo,Mongolia,MNG,2021-05-03,v8,TRUE
2021-07-22,infections,2983.41,3754.53,4611.32,4611.32,5468.12,6239.24,Maintain Status Quo,Mongolia,MNG,2021-05-03,v8,TRUE
2021-07-22,prevalence,20288.22,25547.27,31390.65,31390.65,37234.04,42493.09,Maintain Status Quo,Mongolia,MNG,2021-05-03,v8,TRUE
2021-07-22,cumulative_infections,395018.26,508870.19,635372.33,635372.33,761874.48,875726.41,Maintain Status Quo,Mongolia,MNG,2021-05-03,v8,TRUE
2021-07-22,cumulative_deaths,493.19,613.49,747.16,747.16,880.83,1001.13,Maintain Status Quo,Mongolia,MNG,2021-05-03,v8,TRUE
2021-07-22,Rt,1.24,1.29,1.34,1.34,1.39,1.43,Maintain Status Quo,Mongolia,MNG,2021-05-03,v8,TRUE
2021-07-22,Reff,0.83,0.86,0.88,0.88,0.9,0.92,Maintain Status Quo,Mongolia,MNG,2021-05-03,v8,TRUE
2021-07-22,deaths,13.6,15.68,18,18,20.32,22.4,Relax Interventions 50%,Mongolia,MNG,2021-05-03,v8,TRUE
2021-07-22,hospital_demand,507.17,640.82,789.32,789.32,937.82,1071.48,Relax Interventions 50%,Mongolia,MNG,2021-05-03,v8,TRUE
2021-07-22,ICU_demand,212.53,247.69,286.75,286.75,325.82,360.97,Relax Interventions 50%,Mongolia,MNG,2021-05-03,v8,TRUE
2021-07-22,infections,2758.29,4352.74,6124.35,6124.35,7895.96,9490.41,Relax Interventions 50%,Mongolia,MNG,2021-05-03,v8,TRUE
2021-07-22,prevalence,19295.79,30127.29,42162.29,42162.29,54197.29,65028.79,Relax Interventions 50%,Mongolia,MNG,2021-05-03,v8,TRUE
2021-07-22,cumulative_infections,1627061.09,1729404.05,1843118.46,1843118.46,1956832.86,2059175.82,Relax Interventions 50%,Mongolia,MNG,2021-05-03,v8,TRUE
2021-07-22,cumulative_deaths,2038.75,2282.94,2554.27,2554.27,2825.6,3069.79,Relax Interventions 50%,Mongolia,MNG,2021-05-03,v8,TRUE
2021-07-22,Rt,1.24,1.29,1.34,1.34,1.39,1.43,Relax Interventions 50%,Mongolia,MNG,2021-05-03,v8,TRUE
2021-07-22,Reff,0.36,0.38,0.4,0.4,0.42,0.44,Relax Interventions 50%,Mongolia,MNG,2021-05-03,v8,TRUE
2021-07-22,deaths,0.02,0.04,0.05,0.05,0.07,0.08,Surged Additional 50% Reduction,Mongolia,MNG,2021-05-03,v8,TRUE
2021-07-22,hospital_demand,0.78,1.34,1.97,1.97,2.59,3.15,Surged Additional 50% Reduction,Mongolia,MNG,2021-05-03,v8,TRUE
2021-07-22,ICU_demand,0.47,0.75,1.06,1.06,1.37,1.65,Surged Additional 50% Reduction,Mongolia,MNG,2021-05-03,v8,TRUE
2021-07-22,infections,3.71,7.35,11.4,11.4,15.45,19.09,Surged Additional 50% Reduction,Mongolia,MNG,2021-05-03,v8,TRUE
2021-07-22,prevalence,26.25,51.56,79.69,79.69,107.81,133.12,Surged Additional 50% Reduction,Mongolia,MNG,2021-05-03,v8,TRUE
2021-07-22,cumulative_infections,138610.55,157752.48,179021.3,179021.3,200290.11,219432.04,Surged Additional 50% Reduction,Mongolia,MNG,2021-05-03,v8,TRUE
2021-07-22,cumulative_deaths,258.6,286.4,317.3,317.3,348.19,375.99,Surged Additional 50% Reduction,Mongolia,MNG,2021-05-03,v8,TRUE
2021-07-22,Rt,1.24,1.29,1.34,1.34,1.39,1.43,Surged Additional 50% Reduction,Mongolia,MNG,2021-05-03,v8,TRUE
2021-07-22,Reff,0.99,1.01,1.04,1.04,1.07,1.1,Surged Additional 50% Reduction,Mongolia,MNG,2021-05-03,v8,TRUE
2021-07-22,deaths,4.04,5.6,7.33,7.33,9.06,10.61,Surged Maintain Status Quo,Mongolia,MNG,2021-05-03,v8,TRUE
2021-07-22,hospital_demand,196.88,266.51,343.87,343.87,421.23,490.85,Surged Maintain Status Quo,Mongolia,MNG,2021-05-03,v8,TRUE
2021-07-22,ICU_demand,72.95,100.03,130.11,130.11,160.19,187.27,Surged Maintain Status Quo,Mongolia,MNG,2021-05-03,v8,TRUE
2021-07-22,infections,2983.41,3754.53,4611.32,4611.32,5468.12,6239.24,Surged Maintain Status Quo,Mongolia,MNG,2021-05-03,v8,TRUE
2021-07-22,prevalence,20288.22,25547.27,31390.65,31390.65,37234.04,42493.09,Surged Maintain Status Quo,Mongolia,MNG,2021-05-03,v8,TRUE
2021-07-22,cumulative_infections,395018.26,508870.19,635372.33,635372.33,761874.48,875726.41,Surged Maintain Status Quo,Mongolia,MNG,2021-05-03,v8,TRUE
2021-07-22,cumulative_deaths,493.19,613.49,747.16,747.16,880.83,1001.13,Surged Maintain Status Quo,Mongolia,MNG,2021-05-03,v8,TRUE
2021-07-22,Rt,1.24,1.29,1.34,1.34,1.39,1.43,Surged Maintain Status Quo,Mongolia,MNG,2021-05-03,v8,TRUE
2021-07-22,Reff,0.77,0.79,0.82,0.82,0.84,0.86,Surged Maintain Status Quo,Mongolia,MNG,2021-05-03,v8,TRUE
2021-07-22,deaths,15.06,17.69,20.62,20.62,23.54,26.18,Surged Relax Interventions 50%,Mongolia,MNG,2021-05-03,v8,TRUE
2021-07-22,hospital_demand,519.52,654.47,804.42,804.42,954.36,1089.31,Surged Relax Interventions 50%,Mongolia,MNG,2021-05-03,v8,TRUE
2021-07-22,ICU_demand,251.31,296.11,345.89,345.89,395.66,440.46,Surged Relax Interventions 50%,Mongolia,MNG,2021-05-03,v8,TRUE
2021-07-22,infections,2758.57,4353.01,6124.62,6124.62,7896.23,9490.68,Surged Relax Interventions 50%,Mongolia,MNG,2021-05-03,v8,TRUE
2021-07-22,prevalence,19348.64,30191.05,42238.17,42238.17,54285.29,65127.7,Surged Relax Interventions 50%,Mongolia,MNG,2021-05-03,v8,TRUE
2021-07-22,cumulative_infections,1627065.43,1729406.82,1843119.48,1843119.48,1956832.14,2059173.54,Surged Relax Interventions 50%,Mongolia,MNG,2021-05-03,v8,TRUE
2021-07-22,cumulative_deaths,1739.27,1911.72,2103.34,2103.34,2294.96,2467.42,Surged Relax Interventions 50%,Mongolia,MNG,2021-05-03,v8,TRUE
2021-07-22,Rt,1.24,1.29,1.34,1.34,1.39,1.43,Surged Relax Interventions 50%,Mongolia,MNG,2021-05-03,v8,TRUE
2021-07-22,Reff,0.31,0.33,0.35,0.35,0.37,0.39,Surged Relax Interventions 50%,Mongolia,MNG,2021-05-03,v8,TRUE
2021-07-23,deaths,0.02,0.03,0.05,0.05,0.06,0.08,Additional 50% Reduction,Mongolia,MNG,2021-05-03,v8,TRUE
2021-07-23,hospital_demand,0.72,1.24,1.83,1.83,2.41,2.93,Additional 50% Reduction,Mongolia,MNG,2021-05-03,v8,TRUE
2021-07-23,ICU_demand,0.43,0.69,0.98,0.98,1.27,1.54,Additional 50% Reduction,Mongolia,MNG,2021-05-03,v8,TRUE
2021-07-23,infections,3.41,6.81,10.59,10.59,14.36,17.76,Additional 50% Reduction,Mongolia,MNG,2021-05-03,v8,TRUE
2021-07-23,prevalence,24.12,47.74,73.98,73.98,100.22,123.84,Additional 50% Reduction,Mongolia,MNG,2021-05-03,v8,TRUE
2021-07-23,cumulative_infections,138613.96,157759.29,179031.88,179031.88,200304.47,219449.8,Additional 50% Reduction,Mongolia,MNG,2021-05-03,v8,TRUE
2021-07-23,cumulative_deaths,258.62,286.44,317.35,317.35,348.25,376.07,Additional 50% Reduction,Mongolia,MNG,2021-05-03,v8,TRUE
2021-07-23,Rt,1.24,1.29,1.34,1.34,1.39,1.43,Additional 50% Reduction,Mongolia,MNG,2021-05-03,v8,TRUE
2021-07-23,Reff,1.04,1.07,1.1,1.1,1.13,1.16,Additional 50% Reduction,Mongolia,MNG,2021-05-03,v8,TRUE
2021-07-23,deaths,4.02,5.54,7.24,7.24,8.93,10.46,Maintain Status Quo,Mongolia,MNG,2021-05-03,v8,TRUE
2021-07-23,hospital_demand,195.4,263.33,338.81,338.81,414.28,482.21,Maintain Status Quo,Mongolia,MNG,2021-05-03,v8,TRUE
2021-07-23,ICU_demand,72.47,98.98,128.43,128.43,157.88,184.39,Maintain Status Quo,Mongolia,MNG,2021-05-03,v8,TRUE
2021-07-23,infections,2949.95,3691.54,4515.52,4515.52,5339.51,6081.09,Maintain Status Quo,Mongolia,MNG,2021-05-03,v8,TRUE
2021-07-23,prevalence,20061.7,25120.76,30741.93,30741.93,36363.1,41422.15,Maintain Status Quo,Mongolia,MNG,2021-05-03,v8,TRUE
2021-07-23,cumulative_infections,397968.21,512561.73,639887.86,639887.86,767213.98,881807.5,Maintain Status Quo,Mongolia,MNG,2021-05-03,v8,TRUE
2021-07-23,cumulative_deaths,497.21,619.04,754.4,754.4,889.76,1011.59,Maintain Status Quo,Mongolia,MNG,2021-05-03,v8,TRUE
2021-07-23,Rt,1.24,1.29,1.34,1.34,1.39,1.43,Maintain Status Quo,Mongolia,MNG,2021-05-03,v8,TRUE
2021-07-23,Reff,0.83,0.85,0.87,0.87,0.9,0.92,Maintain Status Quo,Mongolia,MNG,2021-05-03,v8,TRUE
2021-07-23,deaths,12.82,14.99,17.39,17.39,19.8,21.96,Relax Interventions 50%,Mongolia,MNG,2021-05-03,v8,TRUE
2021-07-23,hospital_demand,472.08,604.09,750.77,750.77,897.46,1029.47,Relax Interventions 50%,Mongolia,MNG,2021-05-03,v8,TRUE
2021-07-23,ICU_demand,201.23,237.49,277.78,277.78,318.07,354.33,Relax Interventions 50%,Mongolia,MNG,2021-05-03,v8,TRUE
2021-07-23,infections,2540.32,4059.37,5747.21,5747.21,7435.05,8954.11,Relax Interventions 50%,Mongolia,MNG,2021-05-03,v8,TRUE
2021-07-23,prevalence,17782.5,28112.04,39589.3,39589.3,51066.57,61396.1,Relax Interventions 50%,Mongolia,MNG,2021-05-03,v8,TRUE
2021-07-23,cumulative_infections,1636015.2,1736839.11,1848865.67,1848865.67,1960892.23,2061716.14,Relax Interventions 50%,Mongolia,MNG,2021-05-03,v8,TRUE
2021-07-23,cumulative_deaths,2060.71,2302.74,2571.66,2571.66,2840.58,3082.61,Relax Interventions 50%,Mongolia,MNG,2021-05-03,v8,TRUE
2021-07-23,Rt,1.24,1.29,1.34,1.34,1.39,1.43,Relax Interventions 50%,Mongolia,MNG,2021-05-03,v8,TRUE
2021-07-23,Reff,0.36,0.38,0.4,0.4,0.42,0.44,Relax Interventions 50%,Mongolia,MNG,2021-05-03,v8,TRUE
2021-07-23,deaths,0.02,0.03,0.05,0.05,0.06,0.08,Surged Additional 50% Reduction,Mongolia,MNG,2021-05-03,v8,TRUE
2021-07-23,hospital_demand,0.72,1.24,1.83,1.83,2.41,2.93,Surged Additional 50% Reduction,Mongolia,MNG,2021-05-03,v8,TRUE
2021-07-23,ICU_demand,0.43,0.69,0.98,0.98,1.27,1.54,Surged Additional 50% Reduction,Mongolia,MNG,2021-05-03,v8,TRUE
2021-07-23,infections,3.41,6.81,10.59,10.59,14.36,17.76,Surged Additional 50% Reduction,Mongolia,MNG,2021-05-03,v8,TRUE
2021-07-23,prevalence,24.12,47.74,73.98,73.98,100.22,123.84,Surged Additional 50% Reduction,Mongolia,MNG,2021-05-03,v8,TRUE
2021-07-23,cumulative_infections,138613.96,157759.29,179031.88,179031.88,200304.47,219449.8,Surged Additional 50% Reduction,Mongolia,MNG,2021-05-03,v8,TRUE
2021-07-23,cumulative_deaths,258.62,286.44,317.35,317.35,348.25,376.07,Surged Additional 50% Reduction,Mongolia,MNG,2021-05-03,v8,TRUE
2021-07-23,Rt,1.24,1.29,1.34,1.34,1.39,1.43,Surged Additional 50% Reduction,Mongolia,MNG,2021-05-03,v8,TRUE
2021-07-23,Reff,0.99,1.01,1.04,1.04,1.07,1.1,Surged Additional 50% Reduction,Mongolia,MNG,2021-05-03,v8,TRUE
2021-07-23,deaths,4.02,5.54,7.24,7.24,8.93,10.46,Surged Maintain Status Quo,Mongolia,MNG,2021-05-03,v8,TRUE
2021-07-23,hospital_demand,195.4,263.33,338.81,338.81,414.28,482.21,Surged Maintain Status Quo,Mongolia,MNG,2021-05-03,v8,TRUE
2021-07-23,ICU_demand,72.47,98.98,128.43,128.43,157.88,184.39,Surged Maintain Status Quo,Mongolia,MNG,2021-05-03,v8,TRUE
2021-07-23,infections,2949.95,3691.54,4515.52,4515.52,5339.51,6081.09,Surged Maintain Status Quo,Mongolia,MNG,2021-05-03,v8,TRUE
2021-07-23,prevalence,20061.7,25120.76,30741.93,30741.93,36363.1,41422.15,Surged Maintain Status Quo,Mongolia,MNG,2021-05-03,v8,TRUE
2021-07-23,cumulative_infections,397968.21,512561.73,639887.86,639887.86,767213.98,881807.5,Surged Maintain Status Quo,Mongolia,MNG,2021-05-03,v8,TRUE
2021-07-23,cumulative_deaths,497.21,619.04,754.4,754.4,889.76,1011.59,Surged Maintain Status Quo,Mongolia,MNG,2021-05-03,v8,TRUE
2021-07-23,Rt,1.24,1.29,1.34,1.34,1.39,1.43,Surged Maintain Status Quo,Mongolia,MNG,2021-05-03,v8,TRUE
2021-07-23,Reff,0.76,0.79,0.81,0.81,0.84,0.86,Surged Maintain Status Quo,Mongolia,MNG,2021-05-03,v8,TRUE
2021-07-23,deaths,14.09,16.75,19.71,19.71,22.67,25.33,Surged Relax Interventions 50%,Mongolia,MNG,2021-05-03,v8,TRUE
2021-07-23,hospital_demand,483.27,616.58,764.7,764.7,912.82,1046.13,Surged Relax Interventions 50%,Mongolia,MNG,2021-05-03,v8,TRUE
2021-07-23,ICU_demand,235.7,280.72,330.74,330.74,380.76,425.77,Surged Relax Interventions 50%,Mongolia,MNG,2021-05-03,v8,TRUE
2021-07-23,infections,2540.56,4059.61,5747.44,5747.44,7435.27,8954.32,Surged Relax Interventions 50%,Mongolia,MNG,2021-05-03,v8,TRUE
2021-07-23,prevalence,17829.73,28169.18,39657.45,39657.45,51145.73,61485.18,Surged Relax Interventions 50%,Mongolia,MNG,2021-05-03,v8,TRUE
2021-07-23,cumulative_infections,1636019.75,1736842.09,1848866.92,1848866.92,1960891.75,2061714.1,Surged Relax Interventions 50%,Mongolia,MNG,2021-05-03,v8,TRUE
2021-07-23,cumulative_deaths,1764.6,1934.39,2123.05,2123.05,2311.72,2481.51,Surged Relax Interventions 50%,Mongolia,MNG,2021-05-03,v8,TRUE
2021-07-23,Rt,1.24,1.29,1.34,1.34,1.39,1.43,Surged Relax Interventions 50%,Mongolia,MNG,2021-05-03,v8,TRUE
2021-07-23,Reff,0.31,0.33,0.35,0.35,0.37,0.38,Surged Relax Interventions 50%,Mongolia,MNG,2021-05-03,v8,TRUE
2021-07-24,deaths,0.02,0.03,0.05,0.05,0.06,0.07,Additional 50% Reduction,Mongolia,MNG,2021-05-03,v8,TRUE
2021-07-24,hospital_demand,0.66,1.15,1.69,1.69,2.24,2.73,Additional 50% Reduction,Mongolia,MNG,2021-05-03,v8,TRUE
2021-07-24,ICU_demand,0.4,0.64,0.91,0.91,1.19,1.43,Additional 50% Reduction,Mongolia,MNG,2021-05-03,v8,TRUE
2021-07-24,infections,3.13,6.3,9.83,9.83,13.35,16.52,Additional 50% Reduction,Mongolia,MNG,2021-05-03,v8,TRUE
2021-07-24,prevalence,22.16,44.2,68.69,68.69,93.17,115.21,Additional 50% Reduction,Mongolia,MNG,2021-05-03,v8,TRUE
2021-07-24,cumulative_infections,138617.09,157765.6,179041.71,179041.71,200317.82,219466.33,Additional 50% Reduction,Mongolia,MNG,2021-05-03,v8,TRUE
2021-07-24,cumulative_deaths,258.64,286.47,317.39,317.39,348.31,376.14,Additional 50% Reduction,Mongolia,MNG,2021-05-03,v8,TRUE
2021-07-24,Rt,1.24,1.29,1.34,1.34,1.39,1.43,Additional 50% Reduction,Mongolia,MNG,2021-05-03,v8,TRUE
2021-07-24,Reff,1.04,1.07,1.1,1.1,1.13,1.16,Additional 50% Reduction,Mongolia,MNG,2021-05-03,v8,TRUE
2021-07-24,deaths,4,5.49,7.15,7.15,8.81,10.3,Maintain Status Quo,Mongolia,MNG,2021-05-03,v8,TRUE
2021-07-24,hospital_demand,193.9,260.12,333.7,333.7,407.27,473.49,Maintain Status Quo,Mongolia,MNG,2021-05-03,v8,TRUE
2021-07-24,ICU_demand,71.98,97.91,126.72,126.72,155.53,181.46,Maintain Status Quo,Mongolia,MNG,2021-05-03,v8,TRUE
2021-07-24,infections,2916.44,3628.97,4420.67,4420.67,5212.38,5924.91,Maintain Status Quo,Mongolia,MNG,2021-05-03,v8,TRUE
2021-07-24,prevalence,19834.82,24697.08,30099.6,30099.6,35502.11,40364.37,Maintain Status Quo,Mongolia,MNG,2021-05-03,v8,TRUE
2021-07-24,cumulative_infections,400884.65,516190.7,644308.53,644308.53,772426.36,887732.41,Maintain Status Quo,Mongolia,MNG,2021-05-03,v8,TRUE
2021-07-24,cumulative_deaths,501.2,624.52,761.55,761.55,898.57,1021.89,Maintain Status Quo,Mongolia,MNG,2021-05-03,v8,TRUE
2021-07-24,Rt,1.24,1.29,1.34,1.34,1.39,1.43,Maintain Status Quo,Mongolia,MNG,2021-05-03,v8,TRUE
2021-07-24,Reff,0.83,0.85,0.87,0.87,0.89,0.92,Maintain Status Quo,Mongolia,MNG,2021-05-03,v8,TRUE
2021-07-24,deaths,12.07,14.3,16.78,16.78,19.26,21.49,Relax Interventions 50%,Mongolia,MNG,2021-05-03,v8,TRUE
2021-07-24,hospital_demand,439.16,569.14,713.56,713.56,857.98,987.95,Relax Interventions 50%,Mongolia,MNG,2021-05-03,v8,TRUE
2021-07-24,ICU_demand,190.26,227.37,268.6,268.6,309.83,346.94,Relax Interventions 50%,Mongolia,MNG,2021-05-03,v8,TRUE
2021-07-24,infections,2339.84,3785.43,5391.65,5391.65,6997.87,8443.47,Relax Interventions 50%,Mongolia,MNG,2021-05-03,v8,TRUE
2021-07-24,prevalence,16389.15,26228.61,37161.33,37161.33,48094.05,57933.51,Relax Interventions 50%,Mongolia,MNG,2021-05-03,v8,TRUE
2021-07-24,cumulative_infections,1644458.67,1743836.98,1854257.32,1854257.32,1964677.67,2064055.97,Relax Interventions 50%,Mongolia,MNG,2021-05-03,v8,TRUE
2021-07-24,cumulative_deaths,2082.2,2322,2588.44,2588.44,2854.89,3094.68,Relax Interventions 50%,Mongolia,MNG,2021-05-03,v8,TRUE
2021-07-24,Rt,1.24,1.29,1.34,1.34,1.39,1.43,Relax Interventions 50%,Mongolia,MNG,2021-05-03,v8,TRUE
2021-07-24,Reff,0.36,0.38,0.4,0.4,0.42,0.43,Relax Interventions 50%,Mongolia,MNG,2021-05-03,v8,TRUE
2021-07-24,deaths,0.02,0.03,0.05,0.05,0.06,0.07,Surged Additional 50% Reduction,Mongolia,MNG,2021-05-03,v8,TRUE
2021-07-24,hospital_demand,0.66,1.15,1.69,1.69,2.24,2.73,Surged Additional 50% Reduction,Mongolia,MNG,2021-05-03,v8,TRUE
2021-07-24,ICU_demand,0.4,0.64,0.91,0.91,1.19,1.43,Surged Additional 50% Reduction,Mongolia,MNG,2021-05-03,v8,TRUE
2021-07-24,infections,3.13,6.3,9.83,9.83,13.35,16.52,Surged Additional 50% Reduction,Mongolia,MNG,2021-05-03,v8,TRUE
2021-07-24,prevalence,22.16,44.2,68.69,68.69,93.17,115.21,Surged Additional 50% Reduction,Mongolia,MNG,2021-05-03,v8,TRUE
2021-07-24,cumulative_infections,138617.09,157765.6,179041.71,179041.71,200317.82,219466.33,Surged Additional 50% Reduction,Mongolia,MNG,2021-05-03,v8,TRUE
2021-07-24,cumulative_deaths,258.64,286.47,317.39,317.39,348.31,376.14,Surged Additional 50% Reduction,Mongolia,MNG,2021-05-03,v8,TRUE
2021-07-24,Rt,1.24,1.29,1.34,1.34,1.39,1.43,Surged Additional 50% Reduction,Mongolia,MNG,2021-05-03,v8,TRUE
2021-07-24,Reff,0.99,1.01,1.04,1.04,1.07,1.1,Surged Additional 50% Reduction,Mongolia,MNG,2021-05-03,v8,TRUE
2021-07-24,deaths,4,5.49,7.15,7.15,8.81,10.3,Surged Maintain Status Quo,Mongolia,MNG,2021-05-03,v8,TRUE
2021-07-24,hospital_demand,193.9,260.12,333.7,333.7,407.27,473.49,Surged Maintain Status Quo,Mongolia,MNG,2021-05-03,v8,TRUE
2021-07-24,ICU_demand,71.98,97.91,126.72,126.72,155.53,181.46,Surged Maintain Status Quo,Mongolia,MNG,2021-05-03,v8,TRUE
2021-07-24,infections,2916.44,3628.97,4420.67,4420.67,5212.38,5924.91,Surged Maintain Status Quo,Mongolia,MNG,2021-05-03,v8,TRUE
2021-07-24,prevalence,19834.82,24697.08,30099.6,30099.6,35502.11,40364.37,Surged Maintain Status Quo,Mongolia,MNG,2021-05-03,v8,TRUE
2021-07-24,cumulative_infections,400884.65,516190.7,644308.53,644308.53,772426.36,887732.41,Surged Maintain Status Quo,Mongolia,MNG,2021-05-03,v8,TRUE
2021-07-24,cumulative_deaths,501.2,624.52,761.55,761.55,898.57,1021.89,Surged Maintain Status Quo,Mongolia,MNG,2021-05-03,v8,TRUE
2021-07-24,Rt,1.24,1.29,1.34,1.34,1.39,1.43,Surged Maintain Status Quo,Mongolia,MNG,2021-05-03,v8,TRUE
2021-07-24,Reff,0.76,0.79,0.81,0.81,0.84,0.86,Surged Maintain Status Quo,Mongolia,MNG,2021-05-03,v8,TRUE
2021-07-24,deaths,13.17,15.85,18.82,18.82,21.8,24.48,Surged Relax Interventions 50%,Mongolia,MNG,2021-05-03,v8,TRUE
2021-07-24,hospital_demand,449.29,580.54,726.37,726.37,872.2,1003.45,Surged Relax Interventions 50%,Mongolia,MNG,2021-05-03,v8,TRUE
2021-07-24,ICU_demand,220.89,265.93,315.98,315.98,366.02,411.06,Surged Relax Interventions 50%,Mongolia,MNG,2021-05-03,v8,TRUE
2021-07-24,infections,2340.06,3785.63,5391.82,5391.82,6998.01,8443.57,Surged Relax Interventions 50%,Mongolia,MNG,2021-05-03,v8,TRUE
2021-07-24,prevalence,16431.43,26279.82,37222.48,37222.48,48165.15,58013.54,Surged Relax Interventions 50%,Mongolia,MNG,2021-05-03,v8,TRUE
2021-07-24,cumulative_infections,1644463.32,1743840.1,1854258.74,1854258.74,1964677.39,2064054.16,Surged Relax Interventions 50%,Mongolia,MNG,2021-05-03,v8,TRUE
2021-07-24,cumulative_deaths,1789.08,1956.19,2141.88,2141.88,2327.56,2494.68,Surged Relax Interventions 50%,Mongolia,MNG,2021-05-03,v8,TRUE
2021-07-24,Rt,1.24,1.29,1.34,1.34,1.39,1.43,Surged Relax Interventions 50%,Mongolia,MNG,2021-05-03,v8,TRUE
2021-07-24,Reff,0.31,0.33,0.35,0.35,0.37,0.38,Surged Relax Interventions 50%,Mongolia,MNG,2021-05-03,v8,TRUE
2021-07-25,deaths,0.02,0.03,0.04,0.04,0.06,0.07,Additional 50% Reduction,Mongolia,MNG,2021-05-03,v8,TRUE
2021-07-25,hospital_demand,0.61,1.07,1.57,1.57,2.08,2.54,Additional 50% Reduction,Mongolia,MNG,2021-05-03,v8,TRUE
2021-07-25,ICU_demand,0.36,0.59,0.85,0.85,1.1,1.33,Additional 50% Reduction,Mongolia,MNG,2021-05-03,v8,TRUE
2021-07-25,infections,2.88,5.84,9.13,9.13,12.41,15.37,Additional 50% Reduction,Mongolia,MNG,2021-05-03,v8,TRUE
2021-07-25,prevalence,20.37,40.93,63.77,63.77,86.62,107.18,Additional 50% Reduction,Mongolia,MNG,2021-05-03,v8,TRUE
2021-07-25,cumulative_infections,138619.97,157771.43,179050.84,179050.84,200330.24,219481.7,Additional 50% Reduction,Mongolia,MNG,2021-05-03,v8,TRUE
2021-07-25,cumulative_deaths,258.66,286.5,317.43,317.43,348.37,376.21,Additional 50% Reduction,Mongolia,MNG,2021-05-03,v8,TRUE
2021-07-25,Rt,1.24,1.29,1.34,1.34,1.39,1.43,Additional 50% Reduction,Mongolia,MNG,2021-05-03,v8,TRUE
2021-07-25,Reff,1.04,1.06,1.1,1.1,1.13,1.16,Additional 50% Reduction,Mongolia,MNG,2021-05-03,v8,TRUE
2021-07-25,deaths,3.97,5.43,7.05,7.05,8.68,10.14,Maintain Status Quo,Mongolia,MNG,2021-05-03,v8,TRUE
2021-07-25,hospital_demand,192.37,256.87,328.54,328.54,400.21,464.71,Maintain Status Quo,Mongolia,MNG,2021-05-03,v8,TRUE
2021-07-25,ICU_demand,71.47,96.82,124.98,124.98,153.15,178.5,Maintain Status Quo,Mongolia,MNG,2021-05-03,v8,TRUE
2021-07-25,infections,2882.9,3566.88,4326.87,4326.87,5086.85,5770.84,Maintain Status Quo,Mongolia,MNG,2021-05-03,v8,TRUE
2021-07-25,prevalence,19607.68,24276.56,29464.21,29464.21,34651.86,39320.74,Maintain Status Quo,Mongolia,MNG,2021-05-03,v8,TRUE
2021-07-25,cumulative_infections,403767.55,519757.58,648635.4,648635.4,777513.21,893503.25,Maintain Status Quo,Mongolia,MNG,2021-05-03,v8,TRUE
2021-07-25,cumulative_deaths,505.17,629.96,768.6,768.6,907.25,1032.03,Maintain Status Quo,Mongolia,MNG,2021-05-03,v8,TRUE
2021-07-25,Rt,1.24,1.29,1.34,1.34,1.39,1.43,Maintain Status Quo,Mongolia,MNG,2021-05-03,v8,TRUE
2021-07-25,Reff,0.82,0.84,0.87,0.87,0.89,0.91,Maintain Status Quo,Mongolia,MNG,2021-05-03,v8,TRUE
2021-07-25,deaths,11.35,13.63,16.16,16.16,18.7,20.97,Relax Interventions 50%,Mongolia,MNG,2021-05-03,v8,TRUE
2021-07-25,hospital_demand,408.33,535.92,677.68,677.68,819.44,947.03,Relax Interventions 50%,Mongolia,MNG,2021-05-03,v8,TRUE
2021-07-25,ICU_demand,179.66,217.37,259.28,259.28,301.19,338.91,Relax Interventions 50%,Mongolia,MNG,2021-05-03,v8,TRUE
2021-07-25,infections,2155.47,3529.73,5056.68,5056.68,6583.63,7957.89,Relax Interventions 50%,Mongolia,MNG,2021-05-03,v8,TRUE
2021-07-25,prevalence,15106.56,24469.15,34872.02,34872.02,45274.89,54637.48,Relax Interventions 50%,Mongolia,MNG,2021-05-03,v8,TRUE
2021-07-25,cumulative_infections,1652416.56,1750420.61,1859314,1859314,1968207.39,2066211.45,Relax Interventions 50%,Mongolia,MNG,2021-05-03,v8,TRUE
2021-07-25,cumulative_deaths,2103.18,2340.69,2604.61,2604.61,2868.52,3106.04,Relax Interventions 50%,Mongolia,MNG,2021-05-03,v8,TRUE
2021-07-25,Rt,1.24,1.29,1.34,1.34,1.39,1.43,Relax Interventions 50%,Mongolia,MNG,2021-05-03,v8,TRUE
2021-07-25,Reff,0.36,0.38,0.39,0.39,0.41,0.43,Relax Interventions 50%,Mongolia,MNG,2021-05-03,v8,TRUE
2021-07-25,deaths,0.02,0.03,0.04,0.04,0.06,0.07,Surged Additional 50% Reduction,Mongolia,MNG,2021-05-03,v8,TRUE
2021-07-25,hospital_demand,0.61,1.07,1.57,1.57,2.08,2.54,Surged Additional 50% Reduction,Mongolia,MNG,2021-05-03,v8,TRUE
2021-07-25,ICU_demand,0.36,0.59,0.85,0.85,1.1,1.33,Surged Additional 50% Reduction,Mongolia,MNG,2021-05-03,v8,TRUE
2021-07-25,infections,2.88,5.84,9.13,9.13,12.41,15.37,Surged Additional 50% Reduction,Mongolia,MNG,2021-05-03,v8,TRUE
2021-07-25,prevalence,20.37,40.93,63.77,63.77,86.62,107.18,Surged Additional 50% Reduction,Mongolia,MNG,2021-05-03,v8,TRUE
2021-07-25,cumulative_infections,138619.97,157771.43,179050.84,179050.84,200330.24,219481.7,Surged Additional 50% Reduction,Mongolia,MNG,2021-05-03,v8,TRUE
2021-07-25,cumulative_deaths,258.66,286.5,317.43,317.43,348.37,376.21,Surged Additional 50% Reduction,Mongolia,MNG,2021-05-03,v8,TRUE
2021-07-25,Rt,1.24,1.29,1.34,1.34,1.39,1.43,Surged Additional 50% Reduction,Mongolia,MNG,2021-05-03,v8,TRUE
2021-07-25,Reff,0.99,1.01,1.04,1.04,1.07,1.1,Surged Additional 50% Reduction,Mongolia,MNG,2021-05-03,v8,TRUE
2021-07-25,deaths,3.97,5.43,7.05,7.05,8.68,10.14,Surged Maintain Status Quo,Mongolia,MNG,2021-05-03,v8,TRUE
2021-07-25,hospital_demand,192.37,256.87,328.54,328.54,400.21,464.71,Surged Maintain Status Quo,Mongolia,MNG,2021-05-03,v8,TRUE
2021-07-25,ICU_demand,71.47,96.82,124.98,124.98,153.15,178.5,Surged Maintain Status Quo,Mongolia,MNG,2021-05-03,v8,TRUE
2021-07-25,infections,2882.9,3566.88,4326.87,4326.87,5086.85,5770.84,Surged Maintain Status Quo,Mongolia,MNG,2021-05-03,v8,TRUE
2021-07-25,prevalence,19607.68,24276.56,29464.21,29464.21,34651.86,39320.74,Surged Maintain Status Quo,Mongolia,MNG,2021-05-03,v8,TRUE
2021-07-25,cumulative_infections,403767.55,519757.58,648635.4,648635.4,777513.21,893503.25,Surged Maintain Status Quo,Mongolia,MNG,2021-05-03,v8,TRUE
2021-07-25,cumulative_deaths,505.17,629.96,768.6,768.6,907.25,1032.03,Surged Maintain Status Quo,Mongolia,MNG,2021-05-03,v8,TRUE
2021-07-25,Rt,1.24,1.29,1.34,1.34,1.39,1.43,Surged Maintain Status Quo,Mongolia,MNG,2021-05-03,v8,TRUE
2021-07-25,Reff,0.76,0.79,0.81,0.81,0.84,0.86,Surged Maintain Status Quo,Mongolia,MNG,2021-05-03,v8,TRUE
2021-07-25,deaths,12.3,14.98,17.96,17.96,20.94,23.62,Surged Relax Interventions 50%,Mongolia,MNG,2021-05-03,v8,TRUE
2021-07-25,hospital_demand,417.49,546.31,689.44,689.44,832.58,961.4,Surged Relax Interventions 50%,Mongolia,MNG,2021-05-03,v8,TRUE
2021-07-25,ICU_demand,206.86,251.75,301.62,301.62,351.49,396.37,Surged Relax Interventions 50%,Mongolia,MNG,2021-05-03,v8,TRUE
2021-07-25,infections,2155.69,3529.9,5056.8,5056.8,6583.71,7957.92,Surged Relax Interventions 50%,Mongolia,MNG,2021-05-03,v8,TRUE
2021-07-25,prevalence,15144.47,24515.15,34927.01,34927.01,45338.87,54709.55,Surged Relax Interventions 50%,Mongolia,MNG,2021-05-03,v8,TRUE
2021-07-25,cumulative_infections,1652421.24,1750423.81,1859315.55,1859315.55,1968207.29,2066209.85,Surged Relax Interventions 50%,Mongolia,MNG,2021-05-03,v8,TRUE
2021-07-25,cumulative_deaths,1812.7,1977.13,2159.84,2159.84,2342.55,2506.98,Surged Relax Interventions 50%,Mongolia,MNG,2021-05-03,v8,TRUE
2021-07-25,Rt,1.24,1.29,1.34,1.34,1.39,1.43,Surged Relax Interventions 50%,Mongolia,MNG,2021-05-03,v8,TRUE
2021-07-25,Reff,0.31,0.33,0.35,0.35,0.36,0.38,Surged Relax Interventions 50%,Mongolia,MNG,2021-05-03,v8,TRUE
2021-07-26,deaths,0.02,0.03,0.04,0.04,0.05,0.06,Additional 50% Reduction,Mongolia,MNG,2021-05-03,v8,TRUE
2021-07-26,hospital_demand,0.56,0.99,1.46,1.46,1.94,2.36,Additional 50% Reduction,Mongolia,MNG,2021-05-03,v8,TRUE
2021-07-26,ICU_demand,0.33,0.55,0.79,0.79,1.03,1.24,Additional 50% Reduction,Mongolia,MNG,2021-05-03,v8,TRUE
2021-07-26,infections,2.65,5.41,8.47,8.47,11.54,14.3,Additional 50% Reduction,Mongolia,MNG,2021-05-03,v8,TRUE
2021-07-26,prevalence,18.72,37.9,59.22,59.22,80.54,99.72,Additional 50% Reduction,Mongolia,MNG,2021-05-03,v8,TRUE
2021-07-26,cumulative_infections,138622.62,157776.84,179059.31,179059.31,200341.78,219496,Additional 50% Reduction,Mongolia,MNG,2021-05-03,v8,TRUE
2021-07-26,cumulative_deaths,258.67,286.53,317.47,317.47,348.42,376.27,Additional 50% Reduction,Mongolia,MNG,2021-05-03,v8,TRUE
2021-07-26,Rt,1.24,1.29,1.34,1.34,1.39,1.43,Additional 50% Reduction,Mongolia,MNG,2021-05-03,v8,TRUE
2021-07-26,Reff,1.04,1.06,1.09,1.09,1.13,1.15,Additional 50% Reduction,Mongolia,MNG,2021-05-03,v8,TRUE
2021-07-26,deaths,3.94,5.37,6.96,6.96,8.55,9.98,Maintain Status Quo,Mongolia,MNG,2021-05-03,v8,TRUE
2021-07-26,hospital_demand,190.83,253.6,323.35,323.35,393.1,455.87,Maintain Status Quo,Mongolia,MNG,2021-05-03,v8,TRUE
2021-07-26,ICU_demand,70.96,95.72,123.23,123.23,150.73,175.49,Maintain Status Quo,Mongolia,MNG,2021-05-03,v8,TRUE
2021-07-26,infections,2849.34,3505.31,4234.18,4234.18,4963.04,5619.01,Maintain Status Quo,Mongolia,MNG,2021-05-03,v8,TRUE
2021-07-26,prevalence,19380.45,23859.53,28836.28,28836.28,33813.04,38292.12,Maintain Status Quo,Mongolia,MNG,2021-05-03,v8,TRUE
2021-07-26,cumulative_infections,406616.89,523262.9,652869.57,652869.57,782476.25,899122.26,Maintain Status Quo,Mongolia,MNG,2021-05-03,v8,TRUE
2021-07-26,cumulative_deaths,509.12,635.33,775.56,775.56,915.79,1042,Maintain Status Quo,Mongolia,MNG,2021-05-03,v8,TRUE
2021-07-26,Rt,1.24,1.29,1.34,1.34,1.39,1.43,Maintain Status Quo,Mongolia,MNG,2021-05-03,v8,TRUE
2021-07-26,Reff,0.82,0.84,0.86,0.86,0.89,0.91,Maintain Status Quo,Mongolia,MNG,2021-05-03,v8,TRUE
2021-07-26,deaths,10.66,12.97,15.54,15.54,18.12,20.43,Relax Interventions 50%,Mongolia,MNG,2021-05-03,v8,TRUE
2021-07-26,hospital_demand,379.48,504.38,643.15,643.15,781.92,906.81,Relax Interventions 50%,Mongolia,MNG,2021-05-03,v8,TRUE
2021-07-26,ICU_demand,169.44,207.54,249.88,249.88,292.22,330.33,Relax Interventions 50%,Mongolia,MNG,2021-05-03,v8,TRUE
2021-07-26,infections,1985.94,3291.13,4741.34,4741.34,6191.55,7496.74,Relax Interventions 50%,Mongolia,MNG,2021-05-03,v8,TRUE
2021-07-26,prevalence,13926.19,22826.27,32715.26,32715.26,42604.24,51504.33,Relax Interventions 50%,Mongolia,MNG,2021-05-03,v8,TRUE
2021-07-26,cumulative_infections,1659913.29,1756612.16,1864055.34,1864055.34,1971498.52,2068197.39,Relax Interventions 50%,Mongolia,MNG,2021-05-03,v8,TRUE
2021-07-26,cumulative_deaths,2123.6,2358.81,2620.15,2620.15,2881.49,3116.7,Relax Interventions 50%,Mongolia,MNG,2021-05-03,v8,TRUE
2021-07-26,Rt,1.24,1.29,1.34,1.34,1.39,1.43,Relax Interventions 50%,Mongolia,MNG,2021-05-03,v8,TRUE
2021-07-26,Reff,0.36,0.37,0.39,0.39,0.41,0.43,Relax Interventions 50%,Mongolia,MNG,2021-05-03,v8,TRUE
2021-07-26,deaths,0.02,0.03,0.04,0.04,0.05,0.06,Surged Additional 50% Reduction,Mongolia,MNG,2021-05-03,v8,TRUE
2021-07-26,hospital_demand,0.56,0.99,1.46,1.46,1.94,2.36,Surged Additional 50% Reduction,Mongolia,MNG,2021-05-03,v8,TRUE
2021-07-26,ICU_demand,0.33,0.55,0.79,0.79,1.03,1.24,Surged Additional 50% Reduction,Mongolia,MNG,2021-05-03,v8,TRUE
2021-07-26,infections,2.65,5.41,8.47,8.47,11.54,14.3,Surged Additional 50% Reduction,Mongolia,MNG,2021-05-03,v8,TRUE
2021-07-26,prevalence,18.72,37.9,59.22,59.22,80.54,99.72,Surged Additional 50% Reduction,Mongolia,MNG,2021-05-03,v8,TRUE
2021-07-26,cumulative_infections,138622.62,157776.84,179059.31,179059.31,200341.78,219496,Surged Additional 50% Reduction,Mongolia,MNG,2021-05-03,v8,TRUE
2021-07-26,cumulative_deaths,258.67,286.53,317.47,317.47,348.42,376.27,Surged Additional 50% Reduction,Mongolia,MNG,2021-05-03,v8,TRUE
2021-07-26,Rt,1.24,1.29,1.34,1.34,1.39,1.43,Surged Additional 50% Reduction,Mongolia,MNG,2021-05-03,v8,TRUE
2021-07-26,Reff,0.99,1.02,1.04,1.04,1.07,1.1,Surged Additional 50% Reduction,Mongolia,MNG,2021-05-03,v8,TRUE
2021-07-26,deaths,3.94,5.37,6.96,6.96,8.55,9.98,Surged Maintain Status Quo,Mongolia,MNG,2021-05-03,v8,TRUE
2021-07-26,hospital_demand,190.83,253.6,323.35,323.35,393.1,455.87,Surged Maintain Status Quo,Mongolia,MNG,2021-05-03,v8,TRUE
2021-07-26,ICU_demand,70.96,95.72,123.23,123.23,150.73,175.49,Surged Maintain Status Quo,Mongolia,MNG,2021-05-03,v8,TRUE
2021-07-26,infections,2849.34,3505.31,4234.18,4234.18,4963.04,5619.01,Surged Maintain Status Quo,Mongolia,MNG,2021-05-03,v8,TRUE
2021-07-26,prevalence,19380.45,23859.53,28836.28,28836.28,33813.04,38292.12,Surged Maintain Status Quo,Mongolia,MNG,2021-05-03,v8,TRUE
2021-07-26,cumulative_infections,406616.89,523262.9,652869.57,652869.57,782476.25,899122.26,Surged Maintain Status Quo,Mongolia,MNG,2021-05-03,v8,TRUE
2021-07-26,cumulative_deaths,509.12,635.33,775.56,775.56,915.79,1042,Surged Maintain Status Quo,Mongolia,MNG,2021-05-03,v8,TRUE
2021-07-26,Rt,1.24,1.29,1.34,1.34,1.39,1.43,Surged Maintain Status Quo,Mongolia,MNG,2021-05-03,v8,TRUE
2021-07-26,Reff,0.76,0.78,0.81,0.81,0.84,0.86,Surged Maintain Status Quo,Mongolia,MNG,2021-05-03,v8,TRUE
2021-07-26,deaths,11.48,14.15,17.12,17.12,20.09,22.77,Surged Relax Interventions 50%,Mongolia,MNG,2021-05-03,v8,TRUE
2021-07-26,hospital_demand,387.76,513.84,653.92,653.92,794.01,920.08,Surged Relax Interventions 50%,Mongolia,MNG,2021-05-03,v8,TRUE
2021-07-26,ICU_demand,193.59,238.16,287.68,287.68,337.2,381.77,Surged Relax Interventions 50%,Mongolia,MNG,2021-05-03,v8,TRUE
2021-07-26,infections,1986.17,3291.31,4741.46,4741.46,6191.61,7496.74,Surged Relax Interventions 50%,Mongolia,MNG,2021-05-03,v8,TRUE
2021-07-26,prevalence,13960.13,22867.57,32764.72,32764.72,42661.87,51569.3,Surged Relax Interventions 50%,Mongolia,MNG,2021-05-03,v8,TRUE
2021-07-26,cumulative_infections,1659917.99,1756615.42,1864057.01,1864057.01,1971498.6,2068196.03,Surged Relax Interventions 50%,Mongolia,MNG,2021-05-03,v8,TRUE
2021-07-26,cumulative_deaths,1835.47,1997.23,2176.96,2176.96,2356.7,2518.46,Surged Relax Interventions 50%,Mongolia,MNG,2021-05-03,v8,TRUE
2021-07-26,Rt,1.24,1.29,1.34,1.34,1.39,1.43,Surged Relax Interventions 50%,Mongolia,MNG,2021-05-03,v8,TRUE
2021-07-26,Reff,0.31,0.33,0.35,0.35,0.36,0.38,Surged Relax Interventions 50%,Mongolia,MNG,2021-05-03,v8,TRUE
2021-07-27,deaths,0.01,0.03,0.04,0.04,0.05,0.06,Additional 50% Reduction,Mongolia,MNG,2021-05-03,v8,TRUE
2021-07-27,hospital_demand,0.51,0.91,1.36,1.36,1.8,2.2,Additional 50% Reduction,Mongolia,MNG,2021-05-03,v8,TRUE
2021-07-27,ICU_demand,0.31,0.51,0.73,0.73,0.95,1.15,Additional 50% Reduction,Mongolia,MNG,2021-05-03,v8,TRUE
2021-07-27,infections,2.43,5.01,7.87,7.87,10.73,13.31,Additional 50% Reduction,Mongolia,MNG,2021-05-03,v8,TRUE
2021-07-27,prevalence,17.2,35.1,54.99,54.99,74.88,92.78,Additional 50% Reduction,Mongolia,MNG,2021-05-03,v8,TRUE
2021-07-27,cumulative_infections,138625.05,157781.85,179067.18,179067.18,200352.51,219509.3,Additional 50% Reduction,Mongolia,MNG,2021-05-03,v8,TRUE
2021-07-27,cumulative_deaths,258.69,286.55,317.51,317.51,348.47,376.33,Additional 50% Reduction,Mongolia,MNG,2021-05-03,v8,TRUE
2021-07-27,Rt,1.24,1.29,1.34,1.34,1.39,1.43,Additional 50% Reduction,Mongolia,MNG,2021-05-03,v8,TRUE
2021-07-27,Reff,1.03,1.06,1.09,1.09,1.13,1.15,Additional 50% Reduction,Mongolia,MNG,2021-05-03,v8,TRUE
2021-07-27,deaths,3.92,5.31,6.86,6.86,8.41,9.81,Maintain Status Quo,Mongolia,MNG,2021-05-03,v8,TRUE
2021-07-27,hospital_demand,189.26,250.31,318.13,318.13,385.96,447,Maintain Status Quo,Mongolia,MNG,2021-05-03,v8,TRUE
2021-07-27,ICU_demand,70.44,94.6,121.45,121.45,148.29,172.46,Maintain Status Quo,Mongolia,MNG,2021-05-03,v8,TRUE
2021-07-27,infections,2815.79,3444.32,4142.67,4142.67,4841.03,5469.55,Maintain Status Quo,Mongolia,MNG,2021-05-03,v8,TRUE
2021-07-27,prevalence,19153.3,23446.29,28216.27,28216.27,32986.26,37279.24,Maintain Status Quo,Mongolia,MNG,2021-05-03,v8,TRUE
2021-07-27,cumulative_infections,409432.68,526707.21,657012.25,657012.25,787317.28,904591.81,Maintain Status Quo,Mongolia,MNG,2021-05-03,v8,TRUE
2021-07-27,cumulative_deaths,513.03,640.64,782.42,782.42,924.21,1051.81,Maintain Status Quo,Mongolia,MNG,2021-05-03,v8,TRUE
2021-07-27,Rt,1.24,1.29,1.34,1.34,1.39,1.43,Maintain Status Quo,Mongolia,MNG,2021-05-03,v8,TRUE
2021-07-27,Reff,0.82,0.84,0.86,0.86,0.89,0.91,Maintain Status Quo,Mongolia,MNG,2021-05-03,v8,TRUE
2021-07-27,deaths,10,12.33,14.93,14.93,17.52,19.86,Relax Interventions 50%,Mongolia,MNG,2021-05-03,v8,TRUE
2021-07-27,hospital_demand,352.53,474.47,609.96,609.96,745.45,867.4,Relax Interventions 50%,Mongolia,MNG,2021-05-03,v8,TRUE
2021-07-27,ICU_demand,159.62,197.91,240.46,240.46,283,321.3,Relax Interventions 50%,Mongolia,MNG,2021-05-03,v8,TRUE
2021-07-27,infections,1830.09,3068.6,4444.72,4444.72,5820.84,7059.34,Relax Interventions 50%,Mongolia,MNG,2021-05-03,v8,TRUE
2021-07-27,prevalence,12840,21292.84,30684.87,30684.87,40076.91,48529.74,Relax Interventions 50%,Mongolia,MNG,2021-05-03,v8,TRUE
2021-07-27,cumulative_infections,1666972.64,1762432.99,1868500.06,1868500.06,1974567.12,2070027.48,Relax Interventions 50%,Mongolia,MNG,2021-05-03,v8,TRUE
2021-07-27,cumulative_deaths,2143.46,2376.33,2635.08,2635.08,2893.82,3126.69,Relax Interventions 50%,Mongolia,MNG,2021-05-03,v8,TRUE
2021-07-27,Rt,1.24,1.29,1.34,1.34,1.39,1.43,Relax Interventions 50%,Mongolia,MNG,2021-05-03,v8,TRUE
2021-07-27,Reff,0.36,0.37,0.39,0.39,0.41,0.43,Relax Interventions 50%,Mongolia,MNG,2021-05-03,v8,TRUE
2021-07-27,deaths,0.01,0.03,0.04,0.04,0.05,0.06,Surged Additional 50% Reduction,Mongolia,MNG,2021-05-03,v8,TRUE
2021-07-27,hospital_demand,0.51,0.91,1.36,1.36,1.8,2.2,Surged Additional 50% Reduction,Mongolia,MNG,2021-05-03,v8,TRUE
2021-07-27,ICU_demand,0.31,0.51,0.73,0.73,0.95,1.15,Surged Additional 50% Reduction,Mongolia,MNG,2021-05-03,v8,TRUE
2021-07-27,infections,2.43,5.01,7.87,7.87,10.73,13.31,Surged Additional 50% Reduction,Mongolia,MNG,2021-05-03,v8,TRUE
2021-07-27,prevalence,17.2,35.1,54.99,54.99,74.88,92.78,Surged Additional 50% Reduction,Mongolia,MNG,2021-05-03,v8,TRUE
2021-07-27,cumulative_infections,138625.05,157781.85,179067.18,179067.18,200352.51,219509.3,Surged Additional 50% Reduction,Mongolia,MNG,2021-05-03,v8,TRUE
2021-07-27,cumulative_deaths,258.69,286.55,317.51,317.51,348.47,376.33,Surged Additional 50% Reduction,Mongolia,MNG,2021-05-03,v8,TRUE
2021-07-27,Rt,1.24,1.29,1.34,1.34,1.39,1.43,Surged Additional 50% Reduction,Mongolia,MNG,2021-05-03,v8,TRUE
2021-07-27,Reff,0.99,1.02,1.04,1.04,1.07,1.1,Surged Additional 50% Reduction,Mongolia,MNG,2021-05-03,v8,TRUE
2021-07-27,deaths,3.92,5.31,6.86,6.86,8.41,9.81,Surged Maintain Status Quo,Mongolia,MNG,2021-05-03,v8,TRUE
2021-07-27,hospital_demand,189.26,250.31,318.13,318.13,385.96,447,Surged Maintain Status Quo,Mongolia,MNG,2021-05-03,v8,TRUE
2021-07-27,ICU_demand,70.44,94.6,121.45,121.45,148.29,172.46,Surged Maintain Status Quo,Mongolia,MNG,2021-05-03,v8,TRUE
2021-07-27,infections,2815.79,3444.32,4142.67,4142.67,4841.03,5469.55,Surged Maintain Status Quo,Mongolia,MNG,2021-05-03,v8,TRUE
2021-07-27,prevalence,19153.3,23446.29,28216.27,28216.27,32986.26,37279.24,Surged Maintain Status Quo,Mongolia,MNG,2021-05-03,v8,TRUE
2021-07-27,cumulative_infections,409432.68,526707.21,657012.25,657012.25,787317.28,904591.81,Surged Maintain Status Quo,Mongolia,MNG,2021-05-03,v8,TRUE
2021-07-27,cumulative_deaths,513.03,640.64,782.42,782.42,924.21,1051.81,Surged Maintain Status Quo,Mongolia,MNG,2021-05-03,v8,TRUE
2021-07-27,Rt,1.24,1.29,1.34,1.34,1.39,1.43,Surged Maintain Status Quo,Mongolia,MNG,2021-05-03,v8,TRUE
2021-07-27,Reff,0.76,0.78,0.81,0.81,0.84,0.86,Surged Maintain Status Quo,Mongolia,MNG,2021-05-03,v8,TRUE
2021-07-27,deaths,10.71,13.36,16.31,16.31,19.26,21.92,Surged Relax Interventions 50%,Mongolia,MNG,2021-05-03,v8,TRUE
2021-07-27,hospital_demand,359.99,483.06,619.81,619.81,756.55,879.62,Surged Relax Interventions 50%,Mongolia,MNG,2021-05-03,v8,TRUE
2021-07-27,ICU_demand,181.06,225.17,274.18,274.18,323.19,367.29,Surged Relax Interventions 50%,Mongolia,MNG,2021-05-03,v8,TRUE
2021-07-27,infections,1830.3,3068.76,4444.83,4444.83,5820.9,7059.36,Surged Relax Interventions 50%,Mongolia,MNG,2021-05-03,v8,TRUE
2021-07-27,prevalence,12870.23,21329.78,30729.28,30729.28,40128.78,48588.33,Surged Relax Interventions 50%,Mongolia,MNG,2021-05-03,v8,TRUE
2021-07-27,cumulative_infections,1666977.34,1762436.31,1868501.84,1868501.84,1974567.36,2070026.33,Surged Relax Interventions 50%,Mongolia,MNG,2021-05-03,v8,TRUE
2021-07-27,cumulative_deaths,1857.38,2016.49,2193.27,2193.27,2370.06,2529.17,Surged Relax Interventions 50%,Mongolia,MNG,2021-05-03,v8,TRUE
2021-07-27,Rt,1.24,1.29,1.34,1.34,1.39,1.43,Surged Relax Interventions 50%,Mongolia,MNG,2021-05-03,v8,TRUE
2021-07-27,Reff,0.31,0.33,0.35,0.35,0.36,0.38,Surged Relax Interventions 50%,Mongolia,MNG,2021-05-03,v8,TRUE
2021-07-28,deaths,0.01,0.02,0.03,0.03,0.05,0.05,Additional 50% Reduction,Mongolia,MNG,2021-05-03,v8,TRUE
2021-07-28,hospital_demand,0.47,0.85,1.26,1.26,1.68,2.05,Additional 50% Reduction,Mongolia,MNG,2021-05-03,v8,TRUE
2021-07-28,ICU_demand,0.28,0.47,0.68,0.68,0.89,1.08,Additional 50% Reduction,Mongolia,MNG,2021-05-03,v8,TRUE
2021-07-28,infections,2.23,4.64,7.31,7.31,9.98,12.38,Additional 50% Reduction,Mongolia,MNG,2021-05-03,v8,TRUE
2021-07-28,prevalence,15.81,32.51,51.07,51.07,69.63,86.33,Additional 50% Reduction,Mongolia,MNG,2021-05-03,v8,TRUE
2021-07-28,cumulative_infections,138627.29,157786.49,179074.48,179074.48,200362.48,219521.68,Additional 50% Reduction,Mongolia,MNG,2021-05-03,v8,TRUE
2021-07-28,cumulative_deaths,258.7,286.57,317.54,317.54,348.51,376.39,Additional 50% Reduction,Mongolia,MNG,2021-05-03,v8,TRUE
2021-07-28,Rt,1.24,1.29,1.34,1.34,1.39,1.43,Additional 50% Reduction,Mongolia,MNG,2021-05-03,v8,TRUE
2021-07-28,Reff,1.03,1.06,1.09,1.09,1.12,1.15,Additional 50% Reduction,Mongolia,MNG,2021-05-03,v8,TRUE
2021-07-28,deaths,3.89,5.25,6.77,6.77,8.28,9.64,Maintain Status Quo,Mongolia,MNG,2021-05-03,v8,TRUE
2021-07-28,hospital_demand,187.68,247,312.9,312.9,378.8,438.11,Maintain Status Quo,Mongolia,MNG,2021-05-03,v8,TRUE
2021-07-28,ICU_demand,69.91,93.48,119.65,119.65,145.83,169.39,Maintain Status Quo,Mongolia,MNG,2021-05-03,v8,TRUE
2021-07-28,infections,2782.29,3383.93,4052.42,4052.42,4720.91,5322.56,Maintain Status Quo,Mongolia,MNG,2021-05-03,v8,TRUE
2021-07-28,prevalence,18926.33,23037.04,27604.49,27604.49,32171.95,36282.66,Maintain Status Quo,Mongolia,MNG,2021-05-03,v8,TRUE
2021-07-28,cumulative_infections,412214.97,530091.14,661064.67,661064.67,792038.19,909914.37,Maintain Status Quo,Mongolia,MNG,2021-05-03,v8,TRUE
2021-07-28,cumulative_deaths,516.92,645.89,789.19,789.19,932.49,1061.46,Maintain Status Quo,Mongolia,MNG,2021-05-03,v8,TRUE
2021-07-28,Rt,1.24,1.29,1.34,1.34,1.39,1.43,Maintain Status Quo,Mongolia,MNG,2021-05-03,v8,TRUE
2021-07-28,Reff,0.81,0.84,0.86,0.86,0.89,0.91,Maintain Status Quo,Mongolia,MNG,2021-05-03,v8,TRUE
2021-07-28,deaths,9.37,11.71,14.32,14.32,16.92,19.26,Relax Interventions 50%,Mongolia,MNG,2021-05-03,v8,TRUE
2021-07-28,hospital_demand,327.35,446.13,578.11,578.11,710.08,828.86,Relax Interventions 50%,Mongolia,MNG,2021-05-03,v8,TRUE
2021-07-28,ICU_demand,150.21,188.5,231.05,231.05,273.6,311.9,Relax Interventions 50%,Mongolia,MNG,2021-05-03,v8,TRUE
2021-07-28,infections,1686.81,2861.1,4165.88,4165.88,5470.66,6644.96,Relax Interventions 50%,Mongolia,MNG,2021-05-03,v8,TRUE
2021-07-28,prevalence,11840.52,19861.98,28774.71,28774.71,37687.44,45708.91,Relax Interventions 50%,Mongolia,MNG,2021-05-03,v8,TRUE
2021-07-28,cumulative_infections,1673617.59,1767903.65,1872665.94,1872665.94,1977428.23,2071714.29,Relax Interventions 50%,Mongolia,MNG,2021-05-03,v8,TRUE
2021-07-28,cumulative_deaths,2162.73,2393.25,2649.4,2649.4,2905.54,3136.06,Relax Interventions 50%,Mongolia,MNG,2021-05-03,v8,TRUE
2021-07-28,Rt,1.24,1.29,1.34,1.34,1.39,1.43,Relax Interventions 50%,Mongolia,MNG,2021-05-03,v8,TRUE
2021-07-28,Reff,0.36,0.37,0.39,0.39,0.41,0.42,Relax Interventions 50%,Mongolia,MNG,2021-05-03,v8,TRUE
2021-07-28,deaths,0.01,0.02,0.03,0.03,0.05,0.05,Surged Additional 50% Reduction,Mongolia,MNG,2021-05-03,v8,TRUE
2021-07-28,hospital_demand,0.47,0.85,1.26,1.26,1.68,2.05,Surged Additional 50% Reduction,Mongolia,MNG,2021-05-03,v8,TRUE
2021-07-28,ICU_demand,0.28,0.47,0.68,0.68,0.89,1.08,Surged Additional 50% Reduction,Mongolia,MNG,2021-05-03,v8,TRUE
2021-07-28,infections,2.23,4.64,7.31,7.31,9.98,12.38,Surged Additional 50% Reduction,Mongolia,MNG,2021-05-03,v8,TRUE
2021-07-28,prevalence,15.81,32.51,51.07,51.07,69.63,86.33,Surged Additional 50% Reduction,Mongolia,MNG,2021-05-03,v8,TRUE
2021-07-28,cumulative_infections,138627.29,157786.49,179074.48,179074.48,200362.48,219521.68,Surged Additional 50% Reduction,Mongolia,MNG,2021-05-03,v8,TRUE
2021-07-28,cumulative_deaths,258.7,286.57,317.54,317.54,348.51,376.39,Surged Additional 50% Reduction,Mongolia,MNG,2021-05-03,v8,TRUE
2021-07-28,Rt,1.24,1.29,1.34,1.34,1.39,1.43,Surged Additional 50% Reduction,Mongolia,MNG,2021-05-03,v8,TRUE
2021-07-28,Reff,0.99,1.02,1.05,1.05,1.07,1.1,Surged Additional 50% Reduction,Mongolia,MNG,2021-05-03,v8,TRUE
2021-07-28,deaths,3.89,5.25,6.77,6.77,8.28,9.64,Surged Maintain Status Quo,Mongolia,MNG,2021-05-03,v8,TRUE
2021-07-28,hospital_demand,187.68,247,312.9,312.9,378.8,438.11,Surged Maintain Status Quo,Mongolia,MNG,2021-05-03,v8,TRUE
2021-07-28,ICU_demand,69.91,93.48,119.65,119.65,145.83,169.39,Surged Maintain Status Quo,Mongolia,MNG,2021-05-03,v8,TRUE
2021-07-28,infections,2782.29,3383.93,4052.42,4052.42,4720.91,5322.56,Surged Maintain Status Quo,Mongolia,MNG,2021-05-03,v8,TRUE
2021-07-28,prevalence,18926.33,23037.04,27604.49,27604.49,32171.95,36282.66,Surged Maintain Status Quo,Mongolia,MNG,2021-05-03,v8,TRUE
2021-07-28,cumulative_infections,412214.97,530091.14,661064.67,661064.67,792038.19,909914.37,Surged Maintain Status Quo,Mongolia,MNG,2021-05-03,v8,TRUE
2021-07-28,cumulative_deaths,516.92,645.89,789.19,789.19,932.49,1061.46,Surged Maintain Status Quo,Mongolia,MNG,2021-05-03,v8,TRUE
2021-07-28,Rt,1.24,1.29,1.34,1.34,1.39,1.43,Surged Maintain Status Quo,Mongolia,MNG,2021-05-03,v8,TRUE
2021-07-28,Reff,0.76,0.78,0.81,0.81,0.84,0.86,Surged Maintain Status Quo,Mongolia,MNG,2021-05-03,v8,TRUE
2021-07-28,deaths,9.98,12.6,15.52,15.52,18.44,21.07,Surged Relax Interventions 50%,Mongolia,MNG,2021-05-03,v8,TRUE
2021-07-28,hospital_demand,334.08,453.93,587.09,587.09,720.25,840.09,Surged Relax Interventions 50%,Mongolia,MNG,2021-05-03,v8,TRUE
2021-07-28,ICU_demand,169.23,212.75,261.11,261.11,309.47,352.99,Surged Relax Interventions 50%,Mongolia,MNG,2021-05-03,v8,TRUE
2021-07-28,infections,1686.99,2861.26,4166,4166,5470.74,6645.01,Surged Relax Interventions 50%,Mongolia,MNG,2021-05-03,v8,TRUE
2021-07-28,prevalence,11867.46,19895.06,28814.6,28814.6,37734.15,45761.74,Surged Relax Interventions 50%,Mongolia,MNG,2021-05-03,v8,TRUE
2021-07-28,cumulative_infections,1673622.35,1767907.05,1872667.83,1872667.83,1977428.61,2071713.32,Surged Relax Interventions 50%,Mongolia,MNG,2021-05-03,v8,TRUE
2021-07-28,cumulative_deaths,1878.45,2034.93,2208.8,2208.8,2382.66,2539.14,Surged Relax Interventions 50%,Mongolia,MNG,2021-05-03,v8,TRUE
2021-07-28,Rt,1.24,1.29,1.34,1.34,1.39,1.43,Surged Relax Interventions 50%,Mongolia,MNG,2021-05-03,v8,TRUE
2021-07-28,Reff,0.31,0.33,0.35,0.35,0.36,0.38,Surged Relax Interventions 50%,Mongolia,MNG,2021-05-03,v8,TRUE
2021-07-29,deaths,0.01,0.02,0.03,0.03,0.04,0.05,Additional 50% Reduction,Mongolia,MNG,2021-05-03,v8,TRUE
2021-07-29,hospital_demand,0.43,0.78,1.17,1.17,1.56,1.91,Additional 50% Reduction,Mongolia,MNG,2021-05-03,v8,TRUE
2021-07-29,ICU_demand,0.26,0.44,0.63,0.63,0.83,1,Additional 50% Reduction,Mongolia,MNG,2021-05-03,v8,TRUE
2021-07-29,infections,2.05,4.3,6.79,6.79,9.28,11.52,Additional 50% Reduction,Mongolia,MNG,2021-05-03,v8,TRUE
2021-07-29,prevalence,14.53,30.11,47.43,47.43,64.74,80.33,Additional 50% Reduction,Mongolia,MNG,2021-05-03,v8,TRUE
2021-07-29,cumulative_infections,138629.34,157790.78,179081.27,179081.27,200371.76,219533.2,Additional 50% Reduction,Mongolia,MNG,2021-05-03,v8,TRUE
2021-07-29,cumulative_deaths,258.71,286.59,317.58,317.58,348.56,376.44,Additional 50% Reduction,Mongolia,MNG,2021-05-03,v8,TRUE
2021-07-29,Rt,1.24,1.29,1.34,1.34,1.39,1.43,Additional 50% Reduction,Mongolia,MNG,2021-05-03,v8,TRUE
2021-07-29,Reff,1.03,1.06,1.09,1.09,1.12,1.15,Additional 50% Reduction,Mongolia,MNG,2021-05-03,v8,TRUE
2021-07-29,deaths,3.86,5.19,6.67,6.67,8.15,9.47,Maintain Status Quo,Mongolia,MNG,2021-05-03,v8,TRUE
2021-07-29,hospital_demand,186.08,243.67,307.65,307.65,371.63,429.22,Maintain Status Quo,Mongolia,MNG,2021-05-03,v8,TRUE
2021-07-29,ICU_demand,69.38,92.34,117.85,117.85,143.35,166.31,Maintain Status Quo,Mongolia,MNG,2021-05-03,v8,TRUE
2021-07-29,infections,2748.81,3324.16,3963.43,3963.43,4602.71,5178.06,Maintain Status Quo,Mongolia,MNG,2021-05-03,v8,TRUE
2021-07-29,prevalence,18699.59,22631.92,27001.19,27001.19,31370.45,35302.79,Maintain Status Quo,Mongolia,MNG,2021-05-03,v8,TRUE
2021-07-29,cumulative_infections,414963.78,533415.3,665028.1,665028.1,796640.9,915092.42,Maintain Status Quo,Mongolia,MNG,2021-05-03,v8,TRUE
2021-07-29,cumulative_deaths,520.78,651.08,795.86,795.86,940.63,1070.93,Maintain Status Quo,Mongolia,MNG,2021-05-03,v8,TRUE
2021-07-29,Rt,1.24,1.29,1.34,1.34,1.39,1.43,Maintain Status Quo,Mongolia,MNG,2021-05-03,v8,TRUE
2021-07-29,Reff,0.81,0.83,0.86,0.86,0.88,0.91,Maintain Status Quo,Mongolia,MNG,2021-05-03,v8,TRUE
2021-07-29,deaths,8.77,11.11,13.71,13.71,16.31,18.65,Relax Interventions 50%,Mongolia,MNG,2021-05-03,v8,TRUE
2021-07-29,hospital_demand,303.88,419.31,547.58,547.58,675.84,791.28,Relax Interventions 50%,Mongolia,MNG,2021-05-03,v8,TRUE
2021-07-29,ICU_demand,141.21,179.34,221.71,221.71,264.08,302.22,Relax Interventions 50%,Mongolia,MNG,2021-05-03,v8,TRUE
2021-07-29,infections,1555.08,2667.69,3903.93,3903.93,5140.17,6252.79,Relax Interventions 50%,Mongolia,MNG,2021-05-03,v8,TRUE
2021-07-29,prevalence,10920.88,18527.26,26978.79,26978.79,35430.32,43036.7,Relax Interventions 50%,Mongolia,MNG,2021-05-03,v8,TRUE
2021-07-29,cumulative_infections,1679870.38,1773043.82,1876569.87,1876569.87,1980095.92,2073269.36,Relax Interventions 50%,Mongolia,MNG,2021-05-03,v8,TRUE
2021-07-29,cumulative_deaths,2181.38,2409.57,2663.11,2663.11,2916.64,3144.83,Relax Interventions 50%,Mongolia,MNG,2021-05-03,v8,TRUE
2021-07-29,Rt,1.24,1.29,1.34,1.34,1.39,1.43,Relax Interventions 50%,Mongolia,MNG,2021-05-03,v8,TRUE
2021-07-29,Reff,0.36,0.37,0.39,0.39,0.41,0.42,Relax Interventions 50%,Mongolia,MNG,2021-05-03,v8,TRUE
2021-07-29,deaths,0.01,0.02,0.03,0.03,0.04,0.05,Surged Additional 50% Reduction,Mongolia,MNG,2021-05-03,v8,TRUE
2021-07-29,hospital_demand,0.43,0.78,1.17,1.17,1.56,1.91,Surged Additional 50% Reduction,Mongolia,MNG,2021-05-03,v8,TRUE
2021-07-29,ICU_demand,0.26,0.44,0.63,0.63,0.83,1,Surged Additional 50% Reduction,Mongolia,MNG,2021-05-03,v8,TRUE
2021-07-29,infections,2.05,4.3,6.79,6.79,9.28,11.52,Surged Additional 50% Reduction,Mongolia,MNG,2021-05-03,v8,TRUE
2021-07-29,prevalence,14.53,30.11,47.43,47.43,64.74,80.33,Surged Additional 50% Reduction,Mongolia,MNG,2021-05-03,v8,TRUE
2021-07-29,cumulative_infections,138629.34,157790.78,179081.27,179081.27,200371.76,219533.2,Surged Additional 50% Reduction,Mongolia,MNG,2021-05-03,v8,TRUE
2021-07-29,cumulative_deaths,258.71,286.59,317.58,317.58,348.56,376.44,Surged Additional 50% Reduction,Mongolia,MNG,2021-05-03,v8,TRUE
2021-07-29,Rt,1.24,1.29,1.34,1.34,1.39,1.43,Surged Additional 50% Reduction,Mongolia,MNG,2021-05-03,v8,TRUE
2021-07-29,Reff,0.99,1.02,1.05,1.05,1.08,1.1,Surged Additional 50% Reduction,Mongolia,MNG,2021-05-03,v8,TRUE
2021-07-29,deaths,3.86,5.19,6.67,6.67,8.15,9.47,Surged Maintain Status Quo,Mongolia,MNG,2021-05-03,v8,TRUE
2021-07-29,hospital_demand,186.08,243.67,307.65,307.65,371.63,429.22,Surged Maintain Status Quo,Mongolia,MNG,2021-05-03,v8,TRUE
2021-07-29,ICU_demand,69.38,92.34,117.85,117.85,143.35,166.31,Surged Maintain Status Quo,Mongolia,MNG,2021-05-03,v8,TRUE
2021-07-29,infections,2748.81,3324.16,3963.43,3963.43,4602.71,5178.06,Surged Maintain Status Quo,Mongolia,MNG,2021-05-03,v8,TRUE
2021-07-29,prevalence,18699.59,22631.92,27001.19,27001.19,31370.45,35302.79,Surged Maintain Status Quo,Mongolia,MNG,2021-05-03,v8,TRUE
2021-07-29,cumulative_infections,414963.78,533415.3,665028.1,665028.1,796640.9,915092.42,Surged Maintain Status Quo,Mongolia,MNG,2021-05-03,v8,TRUE
2021-07-29,cumulative_deaths,520.78,651.08,795.86,795.86,940.63,1070.93,Surged Maintain Status Quo,Mongolia,MNG,2021-05-03,v8,TRUE
2021-07-29,Rt,1.24,1.29,1.34,1.34,1.39,1.43,Surged Maintain Status Quo,Mongolia,MNG,2021-05-03,v8,TRUE
2021-07-29,Reff,0.76,0.78,0.81,0.81,0.84,0.86,Surged Maintain Status Quo,Mongolia,MNG,2021-05-03,v8,TRUE
2021-07-29,deaths,9.29,11.88,14.76,14.76,17.64,20.23,Surged Relax Interventions 50%,Mongolia,MNG,2021-05-03,v8,TRUE
2021-07-29,hospital_demand,309.94,426.38,555.75,555.75,685.13,801.57,Surged Relax Interventions 50%,Mongolia,MNG,2021-05-03,v8,TRUE
2021-07-29,ICU_demand,158.08,200.9,248.48,248.48,296.07,338.89,Surged Relax Interventions 50%,Mongolia,MNG,2021-05-03,v8,TRUE
2021-07-29,infections,1555.24,2667.84,3904.05,3904.05,5140.27,6252.86,Surged Relax Interventions 50%,Mongolia,MNG,2021-05-03,v8,TRUE
2021-07-29,prevalence,10944.88,18556.83,27014.56,27014.56,35472.28,43084.24,Surged Relax Interventions 50%,Mongolia,MNG,2021-05-03,v8,TRUE
2021-07-29,cumulative_infections,1679875.21,1773047.32,1876571.89,1876571.89,1980096.45,2073268.56,Surged Relax Interventions 50%,Mongolia,MNG,2021-05-03,v8,TRUE
2021-07-29,cumulative_deaths,1898.69,2052.58,2223.56,2223.56,2394.55,2548.44,Surged Relax Interventions 50%,Mongolia,MNG,2021-05-03,v8,TRUE
2021-07-29,Rt,1.24,1.29,1.34,1.34,1.39,1.43,Surged Relax Interventions 50%,Mongolia,MNG,2021-05-03,v8,TRUE
2021-07-29,Reff,0.31,0.33,0.35,0.35,0.36,0.38,Surged Relax Interventions 50%,Mongolia,MNG,2021-05-03,v8,TRUE
2021-07-30,deaths,0.01,0.02,0.03,0.03,0.04,0.05,Additional 50% Reduction,Mongolia,MNG,2021-05-03,v8,TRUE
2021-07-30,hospital_demand,0.4,0.73,1.09,1.09,1.45,1.78,Additional 50% Reduction,Mongolia,MNG,2021-05-03,v8,TRUE
2021-07-30,ICU_demand,0.24,0.4,0.59,0.59,0.77,0.93,Additional 50% Reduction,Mongolia,MNG,2021-05-03,v8,TRUE
2021-07-30,infections,1.89,3.98,6.3,6.3,8.63,10.72,Additional 50% Reduction,Mongolia,MNG,2021-05-03,v8,TRUE
2021-07-30,prevalence,13.35,27.89,44.05,44.05,60.2,74.74,Additional 50% Reduction,Mongolia,MNG,2021-05-03,v8,TRUE
2021-07-30,cumulative_infections,138631.23,157794.76,179087.57,179087.57,200380.39,219543.92,Additional 50% Reduction,Mongolia,MNG,2021-05-03,v8,TRUE
2021-07-30,cumulative_deaths,258.72,286.61,317.61,317.61,348.6,376.49,Additional 50% Reduction,Mongolia,MNG,2021-05-03,v8,TRUE
2021-07-30,Rt,1.24,1.29,1.34,1.34,1.39,1.43,Additional 50% Reduction,Mongolia,MNG,2021-05-03,v8,TRUE
2021-07-30,Reff,1.03,1.06,1.09,1.09,1.12,1.15,Additional 50% Reduction,Mongolia,MNG,2021-05-03,v8,TRUE
2021-07-30,deaths,3.83,5.13,6.57,6.57,8.01,9.3,Maintain Status Quo,Mongolia,MNG,2021-05-03,v8,TRUE
2021-07-30,hospital_demand,184.47,240.33,302.4,302.4,364.46,420.32,Maintain Status Quo,Mongolia,MNG,2021-05-03,v8,TRUE
2021-07-30,ICU_demand,68.84,91.19,116.03,116.03,140.86,163.21,Maintain Status Quo,Mongolia,MNG,2021-05-03,v8,TRUE
2021-07-30,infections,2715.41,3265.06,3875.78,3875.78,4486.5,5036.15,Maintain Status Quo,Mongolia,MNG,2021-05-03,v8,TRUE
2021-07-30,prevalence,18473.33,22231.26,26406.74,26406.74,30582.22,34340.15,Maintain Status Quo,Mongolia,MNG,2021-05-03,v8,TRUE
2021-07-30,cumulative_infections,417679.19,536680.36,668903.88,668903.88,801127.4,920128.57,Maintain Status Quo,Mongolia,MNG,2021-05-03,v8,TRUE
2021-07-30,cumulative_deaths,524.62,656.21,802.43,802.43,948.64,1080.24,Maintain Status Quo,Mongolia,MNG,2021-05-03,v8,TRUE
2021-07-30,Rt,1.24,1.29,1.34,1.34,1.39,1.43,Maintain Status Quo,Mongolia,MNG,2021-05-03,v8,TRUE
2021-07-30,Reff,0.81,0.83,0.86,0.86,0.88,0.9,Maintain Status Quo,Mongolia,MNG,2021-05-03,v8,TRUE
2021-07-30,deaths,8.2,10.53,13.11,13.11,15.7,18.03,Relax Interventions 50%,Mongolia,MNG,2021-05-03,v8,TRUE
2021-07-30,hospital_demand,281.99,393.95,518.35,518.35,642.75,754.71,Relax Interventions 50%,Mongolia,MNG,2021-05-03,v8,TRUE
2021-07-30,ICU_demand,132.63,170.45,212.48,212.48,254.5,292.33,Relax Interventions 50%,Mongolia,MNG,2021-05-03,v8,TRUE
2021-07-30,infections,1433.98,2487.45,3657.98,3657.98,4828.51,5881.98,Relax Interventions 50%,Mongolia,MNG,2021-05-03,v8,TRUE
2021-07-30,prevalence,10074.72,17282.51,25291.17,25291.17,33299.83,40507.62,Relax Interventions 50%,Mongolia,MNG,2021-05-03,v8,TRUE
2021-07-30,cumulative_infections,1685752.36,1777872.33,1880227.85,1880227.85,1982583.37,2074703.34,Relax Interventions 50%,Mongolia,MNG,2021-05-03,v8,TRUE
2021-07-30,cumulative_deaths,2199.41,2425.27,2676.22,2676.22,2927.17,3153.03,Relax Interventions 50%,Mongolia,MNG,2021-05-03,v8,TRUE
2021-07-30,Rt,1.24,1.29,1.34,1.34,1.39,1.43,Relax Interventions 50%,Mongolia,MNG,2021-05-03,v8,TRUE
2021-07-30,Reff,0.36,0.37,0.39,0.39,0.41,0.42,Relax Interventions 50%,Mongolia,MNG,2021-05-03,v8,TRUE
2021-07-30,deaths,0.01,0.02,0.03,0.03,0.04,0.05,Surged Additional 50% Reduction,Mongolia,MNG,2021-05-03,v8,TRUE
2021-07-30,hospital_demand,0.4,0.73,1.09,1.09,1.45,1.78,Surged Additional 50% Reduction,Mongolia,MNG,2021-05-03,v8,TRUE
2021-07-30,ICU_demand,0.24,0.4,0.59,0.59,0.77,0.93,Surged Additional 50% Reduction,Mongolia,MNG,2021-05-03,v8,TRUE
2021-07-30,infections,1.89,3.98,6.3,6.3,8.63,10.72,Surged Additional 50% Reduction,Mongolia,MNG,2021-05-03,v8,TRUE
2021-07-30,prevalence,13.35,27.89,44.05,44.05,60.2,74.74,Surged Additional 50% Reduction,Mongolia,MNG,2021-05-03,v8,TRUE
2021-07-30,cumulative_infections,138631.23,157794.76,179087.57,179087.57,200380.39,219543.92,Surged Additional 50% Reduction,Mongolia,MNG,2021-05-03,v8,TRUE
2021-07-30,cumulative_deaths,258.72,286.61,317.61,317.61,348.6,376.49,Surged Additional 50% Reduction,Mongolia,MNG,2021-05-03,v8,TRUE
2021-07-30,Rt,1.24,1.29,1.34,1.34,1.39,1.43,Surged Additional 50% Reduction,Mongolia,MNG,2021-05-03,v8,TRUE
2021-07-30,Reff,0.99,1.02,1.05,1.05,1.08,1.1,Surged Additional 50% Reduction,Mongolia,MNG,2021-05-03,v8,TRUE
2021-07-30,deaths,3.83,5.13,6.57,6.57,8.01,9.3,Surged Maintain Status Quo,Mongolia,MNG,2021-05-03,v8,TRUE
2021-07-30,hospital_demand,184.47,240.33,302.4,302.4,364.46,420.32,Surged Maintain Status Quo,Mongolia,MNG,2021-05-03,v8,TRUE
2021-07-30,ICU_demand,68.84,91.19,116.03,116.03,140.86,163.21,Surged Maintain Status Quo,Mongolia,MNG,2021-05-03,v8,TRUE
2021-07-30,infections,2715.41,3265.06,3875.78,3875.78,4486.5,5036.15,Surged Maintain Status Quo,Mongolia,MNG,2021-05-03,v8,TRUE
2021-07-30,prevalence,18473.33,22231.26,26406.74,26406.74,30582.22,34340.15,Surged Maintain Status Quo,Mongolia,MNG,2021-05-03,v8,TRUE
2021-07-30,cumulative_infections,417679.19,536680.36,668903.88,668903.88,801127.4,920128.57,Surged Maintain Status Quo,Mongolia,MNG,2021-05-03,v8,TRUE
2021-07-30,cumulative_deaths,524.62,656.21,802.43,802.43,948.64,1080.24,Surged Maintain Status Quo,Mongolia,MNG,2021-05-03,v8,TRUE
2021-07-30,Rt,1.24,1.29,1.34,1.34,1.39,1.43,Surged Maintain Status Quo,Mongolia,MNG,2021-05-03,v8,TRUE
2021-07-30,Reff,0.75,0.78,0.81,0.81,0.83,0.86,Surged Maintain Status Quo,Mongolia,MNG,2021-05-03,v8,TRUE
2021-07-30,deaths,8.65,11.2,14.03,14.03,16.86,19.41,Surged Relax Interventions 50%,Mongolia,MNG,2021-05-03,v8,TRUE
2021-07-30,hospital_demand,287.45,400.34,525.79,525.79,651.23,764.13,Surged Relax Interventions 50%,Mongolia,MNG,2021-05-03,v8,TRUE
2021-07-30,ICU_demand,147.59,189.62,236.31,236.31,283,325.03,Surged Relax Interventions 50%,Mongolia,MNG,2021-05-03,v8,TRUE
2021-07-30,infections,1434.12,2487.58,3658.09,3658.09,4828.6,5882.06,Surged Relax Interventions 50%,Mongolia,MNG,2021-05-03,v8,TRUE
2021-07-30,prevalence,10096.06,17308.88,25323.14,25323.14,33337.39,40550.22,Surged Relax Interventions 50%,Mongolia,MNG,2021-05-03,v8,TRUE
2021-07-30,cumulative_infections,1685757.28,1777875.92,1880229.98,1880229.98,1982584.03,2074702.68,Surged Relax Interventions 50%,Mongolia,MNG,2021-05-03,v8,TRUE
2021-07-30,cumulative_deaths,1918.1,2069.44,2237.59,2237.59,2405.75,2557.09,Surged Relax Interventions 50%,Mongolia,MNG,2021-05-03,v8,TRUE
2021-07-30,Rt,1.24,1.29,1.34,1.34,1.39,1.43,Surged Relax Interventions 50%,Mongolia,MNG,2021-05-03,v8,TRUE
2021-07-30,Reff,0.31,0.33,0.35,0.35,0.36,0.38,Surged Relax Interventions 50%,Mongolia,MNG,2021-05-03,v8,TRUE
2021-07-31,deaths,0.01,0.02,0.03,0.03,0.04,0.04,Additional 50% Reduction,Mongolia,MNG,2021-05-03,v8,TRUE
2021-07-31,hospital_demand,0.37,0.67,1.01,1.01,1.35,1.65,Additional 50% Reduction,Mongolia,MNG,2021-05-03,v8,TRUE
2021-07-31,ICU_demand,0.22,0.37,0.54,0.54,0.72,0.87,Additional 50% Reduction,Mongolia,MNG,2021-05-03,v8,TRUE
2021-07-31,infections,1.74,3.69,5.85,5.85,8.02,9.97,Additional 50% Reduction,Mongolia,MNG,2021-05-03,v8,TRUE
2021-07-31,prevalence,12.28,25.84,40.91,40.91,55.99,69.55,Additional 50% Reduction,Mongolia,MNG,2021-05-03,v8,TRUE
2021-07-31,cumulative_infections,138632.96,157798.45,179093.43,179093.43,200388.41,219553.89,Additional 50% Reduction,Mongolia,MNG,2021-05-03,v8,TRUE
2021-07-31,cumulative_deaths,258.73,286.63,317.63,317.63,348.63,376.53,Additional 50% Reduction,Mongolia,MNG,2021-05-03,v8,TRUE
2021-07-31,Rt,1.24,1.29,1.34,1.34,1.39,1.43,Additional 50% Reduction,Mongolia,MNG,2021-05-03,v8,TRUE
2021-07-31,Reff,1.03,1.06,1.09,1.09,1.12,1.15,Additional 50% Reduction,Mongolia,MNG,2021-05-03,v8,TRUE
2021-07-31,deaths,3.81,5.07,6.47,6.47,7.87,9.13,Maintain Status Quo,Mongolia,MNG,2021-05-03,v8,TRUE
2021-07-31,hospital_demand,182.84,236.99,297.15,297.15,357.31,411.45,Maintain Status Quo,Mongolia,MNG,2021-05-03,v8,TRUE
2021-07-31,ICU_demand,68.29,90.03,114.2,114.2,138.36,160.1,Maintain Status Quo,Mongolia,MNG,2021-05-03,v8,TRUE
2021-07-31,infections,2682.08,3206.64,3789.48,3789.48,4372.32,4896.87,Maintain Status Quo,Mongolia,MNG,2021-05-03,v8,TRUE
2021-07-31,prevalence,18247.58,21835.22,25821.49,25821.49,29807.76,33395.41,Maintain Status Quo,Mongolia,MNG,2021-05-03,v8,TRUE
2021-07-31,cumulative_infections,420361.27,539887,672693.36,672693.36,805499.72,925025.44,Maintain Status Quo,Mongolia,MNG,2021-05-03,v8,TRUE
2021-07-31,cumulative_deaths,528.42,661.28,808.9,808.9,956.52,1089.37,Maintain Status Quo,Mongolia,MNG,2021-05-03,v8,TRUE
2021-07-31,Rt,1.24,1.29,1.34,1.34,1.39,1.43,Maintain Status Quo,Mongolia,MNG,2021-05-03,v8,TRUE
2021-07-31,Reff,0.81,0.83,0.86,0.86,0.88,0.9,Maintain Status Quo,Mongolia,MNG,2021-05-03,v8,TRUE
2021-07-31,deaths,7.66,9.97,12.53,12.53,15.09,17.39,Relax Interventions 50%,Mongolia,MNG,2021-05-03,v8,TRUE
2021-07-31,hospital_demand,261.61,369.99,490.41,490.41,610.83,719.21,Relax Interventions 50%,Mongolia,MNG,2021-05-03,v8,TRUE
2021-07-31,ICU_demand,124.46,161.85,203.38,203.38,244.92,282.3,Relax Interventions 50%,Mongolia,MNG,2021-05-03,v8,TRUE
2021-07-31,infections,1322.63,2319.51,3427.14,3427.14,4534.78,5531.66,Relax Interventions 50%,Mongolia,MNG,2021-05-03,v8,TRUE
2021-07-31,prevalence,9296.14,16121.9,23706.08,23706.08,31290.26,38116.01,Relax Interventions 50%,Mongolia,MNG,2021-05-03,v8,TRUE
2021-07-31,cumulative_infections,1691284.02,1782407.11,1883654.99,1883654.99,1984902.88,2076025.97,Relax Interventions 50%,Mongolia,MNG,2021-05-03,v8,TRUE
2021-07-31,cumulative_deaths,2216.8,2440.35,2688.75,2688.75,2937.14,3160.69,Relax Interventions 50%,Mongolia,MNG,2021-05-03,v8,TRUE
2021-07-31,Rt,1.24,1.29,1.34,1.34,1.39,1.43,Relax Interventions 50%,Mongolia,MNG,2021-05-03,v8,TRUE
2021-07-31,Reff,0.36,0.37,0.39,0.39,0.41,0.42,Relax Interventions 50%,Mongolia,MNG,2021-05-03,v8,TRUE
2021-07-31,deaths,0.01,0.02,0.03,0.03,0.04,0.04,Surged Additional 50% Reduction,Mongolia,MNG,2021-05-03,v8,TRUE
2021-07-31,hospital_demand,0.37,0.67,1.01,1.01,1.35,1.65,Surged Additional 50% Reduction,Mongolia,MNG,2021-05-03,v8,TRUE
2021-07-31,ICU_demand,0.22,0.37,0.54,0.54,0.72,0.87,Surged Additional 50% Reduction,Mongolia,MNG,2021-05-03,v8,TRUE
2021-07-31,infections,1.74,3.69,5.85,5.85,8.02,9.97,Surged Additional 50% Reduction,Mongolia,MNG,2021-05-03,v8,TRUE
2021-07-31,prevalence,12.28,25.84,40.91,40.91,55.99,69.55,Surged Additional 50% Reduction,Mongolia,MNG,2021-05-03,v8,TRUE
2021-07-31,cumulative_infections,138632.96,157798.45,179093.43,179093.43,200388.41,219553.89,Surged Additional 50% Reduction,Mongolia,MNG,2021-05-03,v8,TRUE
2021-07-31,cumulative_deaths,258.73,286.63,317.63,317.63,348.63,376.53,Surged Additional 50% Reduction,Mongolia,MNG,2021-05-03,v8,TRUE
2021-07-31,Rt,1.24,1.29,1.34,1.34,1.39,1.43,Surged Additional 50% Reduction,Mongolia,MNG,2021-05-03,v8,TRUE
2021-07-31,Reff,0.99,1.02,1.05,1.05,1.08,1.1,Surged Additional 50% Reduction,Mongolia,MNG,2021-05-03,v8,TRUE
2021-07-31,deaths,3.81,5.07,6.47,6.47,7.87,9.13,Surged Maintain Status Quo,Mongolia,MNG,2021-05-03,v8,TRUE
2021-07-31,hospital_demand,182.84,236.99,297.15,297.15,357.31,411.45,Surged Maintain Status Quo,Mongolia,MNG,2021-05-03,v8,TRUE
2021-07-31,ICU_demand,68.29,90.03,114.2,114.2,138.36,160.1,Surged Maintain Status Quo,Mongolia,MNG,2021-05-03,v8,TRUE
2021-07-31,infections,2682.08,3206.64,3789.48,3789.48,4372.32,4896.87,Surged Maintain Status Quo,Mongolia,MNG,2021-05-03,v8,TRUE
2021-07-31,prevalence,18247.58,21835.22,25821.49,25821.49,29807.76,33395.41,Surged Maintain Status Quo,Mongolia,MNG,2021-05-03,v8,TRUE
2021-07-31,cumulative_infections,420361.27,539887,672693.36,672693.36,805499.72,925025.44,Surged Maintain Status Quo,Mongolia,MNG,2021-05-03,v8,TRUE
2021-07-31,cumulative_deaths,528.42,661.28,808.9,808.9,956.52,1089.37,Surged Maintain Status Quo,Mongolia,MNG,2021-05-03,v8,TRUE
2021-07-31,Rt,1.24,1.29,1.34,1.34,1.39,1.43,Surged Maintain Status Quo,Mongolia,MNG,2021-05-03,v8,TRUE
2021-07-31,Reff,0.75,0.78,0.81,0.81,0.83,0.86,Surged Maintain Status Quo,Mongolia,MNG,2021-05-03,v8,TRUE
2021-07-31,deaths,8.05,10.55,13.32,13.32,16.1,18.6,Surged Relax Interventions 50%,Mongolia,MNG,2021-05-03,v8,TRUE
2021-07-31,hospital_demand,266.52,375.77,497.16,497.16,618.55,727.8,Surged Relax Interventions 50%,Mongolia,MNG,2021-05-03,v8,TRUE
2021-07-31,ICU_demand,137.73,178.87,224.58,224.58,270.3,311.44,Surged Relax Interventions 50%,Mongolia,MNG,2021-05-03,v8,TRUE
2021-07-31,infections,1322.75,2319.61,3427.24,3427.24,4534.87,5531.73,Surged Relax Interventions 50%,Mongolia,MNG,2021-05-03,v8,TRUE
2021-07-31,prevalence,9315.13,16145.44,23734.68,23734.68,31323.92,38154.23,Surged Relax Interventions 50%,Mongolia,MNG,2021-05-03,v8,TRUE
2021-07-31,cumulative_infections,1691289.01,1782410.79,1883657.22,1883657.22,1984903.64,2076025.43,Surged Relax Interventions 50%,Mongolia,MNG,2021-05-03,v8,TRUE
2021-07-31,cumulative_deaths,1936.7,2085.54,2250.92,2250.92,2416.29,2565.14,Surged Relax Interventions 50%,Mongolia,MNG,2021-05-03,v8,TRUE
2021-07-31,Rt,1.24,1.29,1.34,1.34,1.39,1.43,Surged Relax Interventions 50%,Mongolia,MNG,2021-05-03,v8,TRUE
2021-07-31,Reff,0.31,0.33,0.35,0.35,0.36,0.38,Surged Relax Interventions 50%,Mongolia,MNG,2021-05-03,v8,TRUE
